1	16	32	-
1	307	32	+
1	313	32	+
1	328	32	+
1	334	32	+
1	361	32	+
1	361	32	-
1	368	32	+
1	371	32	+
1	472	32	-
1	496	32	+
1	509	32	+
1	514	32	+
1	516	32	+
1	600	32	-
1	607	32	-
1	632	32	+
1	635	32	-
1	739	32	-
2	385	32	+
2	458	32	+
2	459	32	+
2	568	32	+
2	661	32	+
2	715	32	+
2	746	32	+
2	784	32	+
2	786	30	+
2	846	32	-
2	855	32	+
2	982	32	+
3	296	32	+
3	444	32	+
3	444	32	-
3	465	32	+
3	505	32	+
3	704	32	+
3	834	31	-
3	902	32	+
3	912	32	+
4	15	32	-
4	84	32	-
4	100	31	+
4	118	32	-
4	191	29	+
4	226	29	-
4	235	32	+
4	253	32	-
4	283	32	+
4	286	32	+
4	303	32	+
4	339	32	+
4	350	31	+
4	353	29	+
4	365	32	-
4	414	32	-
4	415	32	-
4	580	32	+
4	590	32	-
4	591	32	-
4	592	32	-
4	593	32	+
4	683	32	-
4	711	32	-
4	718	32	+
4	755	30	-
4	799	31	-
4	865	29	+
4	880	32	-
4	966	32	+
4	974	32	-
5	9	32	+
5	216	32	+
5	349	32	+
5	354	32	+
5	415	31	+
5	503	29	+
5	601	32	-
5	662	32	+
5	696	32	+
5	876	32	-
5	903	32	+
5	904	32	+
5	952	31	-
6	438	29	+
6	444	32	-
6	529	32	+
6	560	32	+
6	700	32	+
6	928	32	+
7	185	32	+
7	242	32	+
7	422	32	+
7	538	29	+
7	721	32	+
7	811	32	+
7	831	32	+
7	973	32	+
7	981	32	+
8	461	32	+
8	492	32	+
8	892	32	+
9	216	32	+
9	349	32	+
9	354	32	+
9	484	31	-
9	503	32	+
9	662	32	+
9	696	32	+
9	903	32	+
9	904	32	+
10	119	29	+
10	174	32	+
10	305	32	+
10	446	30	+
10	561	32	+
10	579	32	+
10	668	32	+
10	837	32	+
10	838	31	+
10	1002	29	+
11	30	32	-
11	31	32	+
11	58	32	+
11	200	32	-
11	208	30	-
11	245	32	-
11	289	32	-
11	386	32	+
11	497	32	-
11	585	32	+
11	644	32	-
11	677	32	-
11	687	32	+
11	728	32	+
11	797	32	+
11	959	32	-
11	968	32	-
12	21	32	+
12	21	32	-
12	221	32	+
12	221	32	-
12	271	30	+
12	271	30	-
12	387	32	+
12	387	32	-
12	589	32	+
12	589	32	-
12	751	32	-
12	889	32	+
12	889	32	-
12	972	29	+
12	972	32	-
13	66	32	-
13	72	32	-
13	192	32	+
13	287	32	+
13	329	32	+
13	352	32	+
13	385	29	-
13	437	30	+
13	463	32	-
13	551	32	+
13	650	32	+
13	745	32	+
13	842	32	+
13	855	32	-
13	873	32	-
14	418	32	+
14	435	31	+
14	611	32	+
14	656	32	+
14	790	32	+
14	994	32	+
15	84	32	+
15	100	29	-
15	168	32	-
15	226	32	+
15	235	32	-
15	253	32	+
15	255	32	+
15	283	32	-
15	286	32	-
15	303	32	-
15	339	29	-
15	350	32	-
15	353	32	-
15	365	30	+
15	414	32	+
15	415	32	+
15	527	32	+
15	582	29	-
15	590	32	+
15	592	32	+
15	593	30	-
15	606	32	+
15	683	32	+
15	711	32	+
15	718	31	-
15	740	29	+
15	755	32	+
15	862	30	-
15	880	31	+
15	974	32	+
16	313	32	-
16	328	32	-
16	334	32	-
16	361	29	+
16	371	32	-
16	472	32	+
16	496	32	-
16	509	32	-
16	514	32	-
16	516	31	-
16	600	32	+
16	607	32	+
16	632	32	-
16	635	32	+
16	739	32	+
17	66	29	+
17	186	28	-
17	655	30	-
17	727	32	+
17	762	32	+
17	802	31	+
17	878	32	-
17	912	30	+
17	917	32	+
17	957	29	+
18	92	32	-
18	122	32	+
18	246	32	-
18	300	32	-
18	315	32	+
18	558	32	+
18	569	32	+
18	618	32	+
18	641	32	+
18	698	32	-
18	702	32	+
18	736	30	-
18	814	30	+
18	858	32	+
18	947	31	-
18	992	32	+
19	348	31	+
19	773	29	+
20	63	29	+
20	159	30	-
20	210	32	-
20	227	32	-
20	230	32	-
20	347	32	+
20	376	32	-
20	430	29	+
20	512	32	+
20	599	32	-
20	629	31	+
20	676	32	-
20	749	32	-
20	778	31	+
20	910	29	-
20	927	29	-
20	931	32	+
20	997	31	+
21	221	32	+
21	387	31	+
21	589	32	+
21	751	32	+
21	889	32	+
21	972	32	+
22	35	32	+
22	35	32	-
22	209	32	-
22	248	32	-
22	346	32	+
22	360	32	-
22	428	32	+
22	428	32	-
22	510	32	+
22	605	32	-
22	642	32	+
22	926	32	+
22	970	32	+
23	313	32	+
23	361	30	+
23	361	30	-
23	617	32	-
23	739	32	-
23	967	32	-
24	46	32	-
24	259	32	+
24	317	32	+
24	408	32	+
24	449	32	+
24	468	32	+
24	523	32	-
24	533	32	-
24	686	30	-
24	827	32	+
24	844	32	+
24	866	32	+
24	885	28	-
24	976	32	+
25	69	32	-
25	256	32	+
25	273	32	-
25	301	32	-
25	318	32	+
25	341	29	+
25	375	32	-
25	383	32	+
25	447	32	+
25	482	30	-
25	518	32	-
25	730	32	-
25	832	29	-
26	392	31	+
26	549	32	-
26	725	31	+
27	138	32	-
27	174	32	-
27	331	32	+
27	379	32	+
27	412	32	+
27	501	32	-
27	530	32	+
27	534	32	+
27	643	32	-
27	734	32	-
27	760	32	-
27	863	32	-
27	887	32	-
27	946	32	-
27	962	32	-
27	969	32	-
28	59	32	-
28	180	32	+
28	191	31	+
28	272	31	-
28	732	28	+
28	865	32	+
28	956	30	-
29	333	32	-
29	393	32	-
29	487	32	-
29	550	32	-
29	581	32	+
29	779	32	+
29	806	32	+
29	874	32	+
29	922	32	-
29	951	32	+
30	31	32	-
30	58	32	-
30	200	32	+
30	289	32	+
30	355	32	-
30	386	32	-
30	497	32	+
30	585	32	-
30	644	32	+
30	677	32	+
30	682	32	-
30	687	32	-
30	728	32	-
30	797	32	-
30	958	30	-
30	968	32	+
31	58	32	+
31	200	32	-
31	289	32	-
31	386	32	+
31	497	32	-
31	585	32	+
31	644	32	-
31	677	32	-
31	687	32	+
31	728	32	+
31	797	32	+
31	958	32	+
31	968	32	-
32	165	32	+
32	206	32	-
32	450	32	+
32	453	32	+
32	572	32	+
32	724	32	+
32	726	32	+
32	757	32	+
32	798	32	+
32	867	32	+
32	991	32	+
33	110	32	-
33	233	29	-
33	261	32	-
33	374	32	-
33	384	32	-
33	420	31	+
33	488	32	-
33	525	32	+
33	881	32	+
33	948	32	+
34	39	32	-
34	83	32	+
34	172	32	-
34	188	32	-
34	306	32	+
34	325	32	+
34	411	32	-
34	480	32	-
34	519	31	-
34	633	32	-
34	649	31	+
34	685	32	+
34	701	32	-
34	710	32	+
34	738	32	+
34	754	32	+
34	859	32	+
34	882	32	-
34	907	32	+
34	978	32	-
34	988	32	+
35	209	32	+
35	209	32	-
35	248	32	+
35	248	28	-
35	346	32	+
35	360	32	+
35	360	31	-
35	428	32	+
35	428	28	-
35	510	32	-
35	605	32	-
35	642	32	+
35	926	29	+
35	926	30	-
36	473	28	+
36	666	32	+
36	706	32	-
36	869	32	+
36	923	32	+
37	204	32	-
37	211	29	+
37	299	31	+
37	405	32	+
37	424	32	-
37	463	32	-
37	466	29	+
37	526	32	-
37	570	32	+
37	574	32	+
37	640	32	-
37	743	32	+
37	765	32	-
37	888	30	-
37	955	31	-
38	45	32	+
38	376	32	+
38	584	32	+
38	587	28	+
38	599	30	+
38	713	32	+
38	747	29	+
38	749	32	+
38	769	28	-
38	775	32	+
38	776	32	+
38	841	31	+
39	121	32	+
39	188	32	+
39	306	32	-
39	325	32	-
39	411	32	+
39	480	30	+
39	633	32	+
39	701	32	+
39	710	32	-
39	754	32	-
39	859	32	-
39	882	32	+
39	978	32	+
40	172	32	+
40	218	32	+
40	236	32	+
40	266	32	+
40	338	32	+
40	378	31	+
40	401	30	-
40	406	30	+
40	411	32	+
40	519	32	+
40	619	32	+
40	625	32	+
40	633	30	+
40	738	32	-
40	780	32	+
40	851	32	+
40	918	32	+
40	978	32	+
41	215	32	+
41	305	32	+
41	446	32	+
41	467	32	+
41	561	32	+
41	579	32	+
41	597	32	+
41	668	32	+
41	837	32	+
41	1002	32	+
42	357	29	+
42	718	32	+
42	833	30	+
43	184	32	+
43	369	32	+
43	398	32	+
43	471	32	+
43	612	32	-
43	672	32	+
44	219	29	+
44	535	32	+
44	878	29	+
44	961	32	+
45	159	32	+
45	210	32	+
45	236	29	+
45	376	32	+
45	512	31	-
45	584	32	+
45	587	32	+
45	598	32	+
45	599	32	+
45	629	32	-
45	647	32	+
45	669	32	+
45	676	32	+
45	684	28	+
45	692	32	+
45	694	32	-
45	713	31	+
45	747	28	+
45	749	32	+
45	769	32	-
45	775	30	+
45	776	32	+
45	778	31	-
45	787	32	+
45	841	32	+
45	910	30	+
45	931	30	-
46	91	30	-
46	97	32	-
46	193	32	-
46	259	32	-
46	317	32	-
46	364	32	-
46	408	32	-
46	425	32	-
46	523	32	+
46	533	32	+
46	596	32	-
46	603	32	+
46	665	32	-
46	843	32	-
46	844	30	-
46	885	32	+
46	900	31	-
47	137	32	+
47	137	29	-
47	206	32	+
47	225	31	+
47	351	31	+
47	846	32	+
47	984	32	+
47	984	30	-
48	168	32	-
48	235	32	+
48	235	31	-
48	506	32	+
48	583	32	+
48	617	30	-
48	660	32	+
48	791	29	+
48	966	32	-
48	979	32	+
49	232	32	+
49	849	32	+
49	861	29	+
49	871	32	-
49	901	29	+
49	993	29	-
50	365	32	-
50	414	32	-
50	415	32	-
50	577	29	+
50	592	32	-
50	601	32	+
50	876	29	+
50	895	32	+
50	952	32	+
51	130	32	+
51	240	32	+
51	363	32	+
51	363	32	-
51	565	32	+
51	624	32	+
51	764	32	+
51	803	32	-
51	836	32	+
51	936	32	+
51	980	32	+
51	985	32	+
52	65	32	-
52	238	32	-
52	243	32	+
52	284	32	-
52	493	32	+
52	653	32	+
52	688	32	+
52	986	32	-
53	252	32	+
53	319	32	+
53	326	32	+
53	336	29	+
53	515	30	+
53	611	32	+
54	224	32	+
54	265	32	+
54	429	29	+
55	141	32	-
55	264	32	+
55	270	32	+
55	426	32	-
55	481	32	+
55	547	32	+
55	547	32	-
55	595	32	-
55	813	32	+
55	967	32	-
55	995	32	-
56	194	32	-
56	232	32	-
56	302	32	+
56	340	32	+
56	457	32	-
56	847	32	+
56	849	32	-
56	871	32	+
56	901	29	-
56	993	31	+
57	166	30	-
57	190	32	-
57	269	32	+
57	310	32	+
57	322	32	-
57	327	32	-
57	407	32	-
57	563	32	+
57	674	32	+
57	808	32	+
58	200	32	-
58	289	32	-
58	386	32	+
58	497	32	-
58	585	32	+
58	644	32	-
58	687	32	+
58	728	32	+
58	797	32	+
58	958	32	+
58	968	32	-
59	180	32	-
59	182	32	+
59	191	32	-
59	253	32	+
59	272	32	+
59	321	32	-
59	339	32	-
59	705	32	+
59	719	32	+
59	732	32	-
59	865	32	-
59	956	32	+
60	231	32	+
60	275	32	+
60	304	32	+
60	511	32	-
60	542	31	-
60	571	32	+
60	759	31	+
60	845	32	-
60	860	32	-
60	868	32	+
61	433	32	+
61	522	32	+
61	567	32	+
61	576	32	+
61	594	32	+
61	628	32	+
61	695	32	+
61	763	32	+
61	824	32	+
61	941	32	+
62	290	32	+
62	359	32	+
62	441	32	+
62	557	32	+
62	580	32	+
62	770	32	-
62	785	32	+
62	812	32	-
63	210	30	-
63	227	30	-
63	347	31	+
63	376	28	-
63	430	32	+
63	512	32	+
63	685	32	+
63	769	30	+
63	919	31	+
63	927	31	-
63	997	32	+
63	999	32	-
64	82	28	+
64	552	32	+
64	690	32	+
64	879	32	+
64	944	31	+
65	238	32	+
65	243	32	-
65	277	32	+
65	284	32	+
65	493	30	-
65	653	32	-
65	688	32	-
65	689	29	+
65	737	32	+
65	986	32	+
66	187	29	+
66	374	32	-
66	396	32	+
66	409	32	-
66	545	31	-
66	562	30	-
66	655	32	-
66	661	32	+
66	709	32	-
66	727	32	+
66	746	31	+
66	852	29	-
66	855	31	+
66	877	32	+
66	916	32	+
66	925	32	-
66	957	32	+
68	101	32	-
68	142	32	-
68	160	32	-
68	244	32	+
68	414	32	-
68	433	32	+
68	522	32	+
68	534	32	+
68	567	32	+
68	588	32	-
68	667	30	+
68	695	32	+
68	906	32	-
68	915	32	-
68	941	32	+
68	948	32	-
69	134	32	+
69	198	32	-
69	217	30	-
69	256	32	-
69	273	32	+
69	301	32	+
69	341	32	-
69	362	32	-
69	375	32	+
69	383	32	-
69	447	32	-
69	482	32	+
69	588	32	+
69	608	32	-
69	730	32	+
69	772	32	-
69	832	32	+
69	935	32	-
70	195	32	+
70	356	32	+
70	626	32	+
70	697	32	+
70	750	32	+
71	156	32	-
71	176	32	+
71	236	32	+
71	244	32	-
71	266	32	+
71	338	32	+
71	401	32	-
71	406	32	+
71	518	32	-
71	559	32	-
71	619	32	+
71	625	32	+
71	735	32	-
71	761	32	-
71	780	32	+
71	804	32	-
71	851	32	+
71	856	32	+
71	864	32	+
71	918	32	+
72	352	32	-
72	377	32	+
72	385	32	+
72	396	29	+
72	459	32	+
72	463	32	+
72	650	32	-
72	661	32	+
72	715	32	+
72	727	32	+
72	743	32	-
72	745	32	-
72	746	32	+
72	786	32	+
72	848	32	+
72	855	32	+
72	873	32	+
72	890	30	-
72	957	32	+
73	85	32	-
73	133	32	-
73	177	32	+
73	278	32	-
73	280	28	+
73	320	32	+
73	432	32	-
73	504	32	-
73	646	32	+
73	659	32	-
73	667	32	+
73	722	32	+
73	788	32	-
73	805	32	+
73	872	32	-
73	883	31	-
73	884	32	+
74	274	32	+
74	698	32	-
74	990	29	+
75	127	32	-
75	189	32	+
75	402	32	+
75	410	32	-
75	521	32	-
75	681	32	+
75	758	32	+
75	820	32	-
75	909	32	-
75	915	32	+
75	929	32	-
76	463	29	+
76	545	29	+
76	614	32	+
76	873	32	+
77	157	32	-
77	163	32	-
77	204	32	-
77	207	32	-
77	290	32	-
77	443	32	+
77	455	32	+
77	466	32	+
77	540	30	-
77	573	32	-
77	785	32	-
77	812	32	+
77	835	29	+
77	839	32	-
77	857	32	-
77	888	32	-
77	898	32	+
77	955	32	-
77	1001	32	-
79	345	29	+
79	403	32	+
79	513	32	+
79	789	30	+
79	925	32	+
79	945	32	+
80	85	29	-
80	133	32	-
80	177	29	+
80	278	32	-
80	320	32	+
80	432	32	-
80	475	32	-
80	504	32	-
80	646	32	+
80	659	32	-
80	667	32	+
80	708	30	+
80	722	32	+
80	788	32	-
80	796	30	+
80	805	32	+
80	872	29	-
80	883	31	-
80	884	32	+
81	99	32	-
81	267	32	-
81	400	32	+
81	439	32	-
81	476	32	+
81	484	32	-
81	690	30	-
81	712	32	-
81	731	32	+
81	840	32	+
81	911	32	-
81	953	32	+
82	108	31	-
82	198	32	+
82	214	32	+
82	217	32	+
82	273	32	-
82	301	32	-
82	362	32	+
82	375	32	-
82	549	32	+
82	588	32	-
82	608	32	+
82	706	32	+
82	730	29	-
82	771	31	-
82	772	32	+
82	832	32	-
82	935	32	+
82	975	32	+
83	172	32	-
83	188	32	-
83	306	32	+
83	325	32	+
83	411	32	-
83	480	32	-
83	633	32	-
83	649	29	+
83	701	32	-
83	710	32	+
83	738	32	+
83	754	32	+
83	859	32	+
83	882	32	-
83	907	32	+
83	978	32	-
83	988	32	+
84	100	29	-
84	118	32	+
84	139	32	+
84	168	32	-
84	226	30	+
84	235	32	-
84	253	32	+
84	255	32	+
84	283	32	-
84	286	32	-
84	288	32	+
84	303	32	-
84	339	32	-
84	365	32	+
84	414	32	+
84	415	32	+
84	479	30	-
84	527	32	+
84	577	32	-
84	590	30	+
84	592	32	+
84	593	32	-
84	601	31	-
84	606	32	+
84	610	29	-
84	683	32	+
84	711	32	+
84	755	32	+
84	862	32	-
84	867	32	+
84	876	29	-
84	880	32	+
84	895	31	-
84	966	32	-
84	974	32	+
85	133	32	+
85	177	32	-
85	278	32	+
85	320	32	-
85	432	32	+
85	475	32	+
85	504	32	+
85	646	32	-
85	659	32	+
85	667	28	-
85	708	32	-
85	722	32	-
85	788	32	+
85	796	32	-
85	805	32	-
85	872	32	+
85	883	32	+
85	884	32	-
86	259	32	+
86	330	29	+
86	408	32	+
86	449	32	+
86	468	32	+
86	564	28	+
86	637	32	+
86	665	31	+
86	844	29	+
86	976	32	+
87	178	32	+
87	768	29	+
87	819	32	+
88	141	31	+
88	153	32	+
88	173	32	-
88	254	32	+
88	396	30	-
88	409	32	+
88	426	32	+
88	491	32	+
88	595	32	+
88	604	32	+
88	648	32	-
88	709	32	+
88	714	32	-
88	813	32	-
88	877	32	-
88	908	32	+
88	912	29	-
88	916	32	-
88	967	32	+
88	995	29	+
89	195	31	+
89	356	30	+
89	626	30	+
89	697	32	+
89	750	31	+
89	989	30	+
90	139	32	-
90	170	32	+
90	299	32	+
90	316	31	+
90	417	32	+
90	448	32	+
90	479	32	+
90	537	32	-
90	604	32	-
90	623	32	-
90	645	32	+
90	753	32	-
90	770	32	-
90	774	32	+
90	807	32	+
90	826	32	+
90	899	32	-
90	1000	29	-
91	408	32	+
91	533	32	+
91	596	30	+
91	596	32	-
92	300	32	+
92	698	29	+
93	276	30	+
93	390	32	+
93	397	32	-
93	508	32	+
93	541	31	+
93	816	32	+
94	363	32	-
94	457	32	+
94	528	32	-
94	562	32	+
94	565	31	-
94	650	31	+
94	654	32	+
94	746	32	-
94	786	29	-
94	853	32	+
94	936	32	-
96	222	32	+
96	262	32	+
96	297	31	+
96	324	32	+
96	416	32	+
96	502	32	+
96	691	32	+
97	193	29	+
97	259	29	+
97	408	32	+
97	421	29	+
97	425	32	+
97	468	32	+
97	523	32	-
97	533	29	-
97	596	32	+
97	665	32	+
97	723	32	+
97	843	32	+
97	866	32	+
97	885	32	-
98	105	32	+
98	138	30	+
98	174	30	+
98	196	32	-
98	292	32	-
98	298	32	-
98	311	32	-
98	530	32	-
98	531	32	+
98	602	32	+
98	643	32	+
98	664	32	+
98	734	32	+
98	760	32	+
98	801	32	+
98	863	32	+
98	887	32	+
98	920	32	-
98	946	28	+
98	949	32	+
98	962	32	+
98	965	32	+
98	969	32	+
98	1002	32	+
99	267	32	+
99	400	32	-
99	439	32	+
99	476	32	-
99	484	32	+
99	712	32	+
99	731	32	-
99	840	32	-
99	845	32	+
99	911	32	+
99	953	32	-
100	118	30	-
100	154	28	-
100	226	32	-
100	253	32	-
100	303	31	+
100	350	31	+
100	365	32	-
100	372	32	-
100	373	32	-
100	415	32	-
100	582	30	+
100	591	32	-
100	592	32	-
100	593	31	+
100	683	32	-
100	711	32	-
100	718	32	+
100	752	32	-
100	799	32	-
100	862	31	+
100	880	30	-
100	924	32	+
100	974	32	-
101	142	32	+
101	160	32	+
101	244	32	-
101	396	32	+
101	414	32	+
101	528	32	+
101	588	32	+
101	614	32	+
101	756	32	+
101	873	32	+
101	906	32	+
101	915	32	+
101	932	32	+
101	948	32	+
102	555	30	-
102	578	32	+
102	680	32	+
102	726	29	+
102	938	31	+
102	946	29	-
103	263	32	+
103	394	32	-
103	478	32	+
103	494	32	+
103	614	32	+
103	617	32	+
103	631	30	+
103	756	32	+
103	998	32	-
104	451	32	+
104	464	32	+
104	543	32	-
104	544	30	+
104	545	32	+
104	639	32	+
104	727	32	-
104	925	32	+
105	531	32	+
105	602	32	+
105	863	32	+
105	949	29	+
105	965	32	+
106	260	32	+
106	276	31	-
106	397	32	+
106	421	32	+
106	508	32	-
106	541	29	-
106	630	32	+
106	723	32	+
107	274	32	+
107	288	32	+
107	495	32	-
107	698	32	-
107	736	32	-
107	977	32	-
108	214	31	-
108	335	32	+
108	335	31	-
108	392	32	+
108	392	32	-
108	549	32	+
108	549	32	-
108	608	32	-
108	706	32	-
108	725	32	+
108	725	32	-
108	771	32	+
108	771	31	-
108	772	28	+
108	772	32	-
108	825	32	+
108	825	32	-
108	870	32	+
108	975	32	+
109	114	32	+
109	114	29	-
109	151	31	-
109	154	32	+
109	309	31	+
109	309	32	-
109	372	29	+
109	474	31	+
109	520	29	-
109	564	31	-
109	575	32	+
109	582	31	-
109	591	32	+
109	752	32	+
109	880	29	+
109	924	32	-
110	233	32	+
110	261	32	+
110	374	32	+
110	384	32	+
110	420	32	-
110	488	32	+
110	525	31	-
110	881	32	-
110	948	32	-
111	126	32	+
111	126	32	-
111	132	32	+
111	197	28	+
111	197	29	-
111	234	32	+
111	234	32	-
111	241	31	+
111	314	28	+
111	337	32	+
111	337	32	-
111	391	31	+
111	391	32	-
111	431	32	+
111	431	32	-
111	500	32	+
111	500	29	-
111	699	32	+
111	699	32	-
111	742	32	+
111	742	32	-
111	781	32	+
111	781	32	-
111	792	32	+
111	792	32	-
111	850	32	+
111	906	32	+
111	906	32	-
112	181	32	+
112	342	32	+
112	532	32	+
112	609	32	+
112	638	32	+
112	679	32	+
112	818	31	+
112	882	32	-
112	954	32	+
113	380	30	+
113	413	32	+
113	473	32	+
113	636	32	+
113	666	32	+
113	694	30	+
113	723	32	+
113	869	32	+
113	913	32	+
113	923	32	+
114	151	32	-
114	154	32	-
114	309	32	-
114	372	32	-
114	373	32	-
114	474	32	-
114	520	32	+
114	551	30	+
114	575	32	+
114	591	30	-
114	593	32	+
114	752	32	-
114	799	30	-
114	880	32	-
114	924	32	+
114	940	32	+
114	987	32	+
115	543	31	+
115	671	32	+
115	673	32	+
115	893	32	+
115	996	32	+
116	158	31	+
116	247	29	+
116	371	28	+
116	509	31	-
116	744	32	+
116	821	32	-
116	934	32	-
117	136	30	+
117	181	32	+
117	281	30	+
117	365	29	+
117	438	32	+
117	609	32	+
117	609	30	-
117	675	32	+
117	689	32	+
117	689	32	-
117	838	29	-
118	226	32	+
118	253	32	+
118	283	28	-
118	286	29	-
118	303	32	-
118	339	32	-
118	414	28	+
118	415	32	+
118	590	32	+
118	593	32	-
118	610	32	-
118	683	29	+
118	799	29	+
118	966	29	-
119	446	32	+
119	464	32	+
119	467	32	+
119	561	32	+
119	579	32	+
119	597	32	+
119	838	32	+
119	950	32	+
119	1002	32	+
120	158	32	-
120	247	31	-
120	296	30	-
120	517	32	+
120	583	30	+
120	744	32	-
120	821	32	+
120	822	32	-
120	834	32	+
120	905	32	-
120	934	32	+
120	989	32	+
121	179	32	+
121	268	32	+
121	370	32	+
121	381	32	+
121	434	29	+
121	627	31	+
121	651	32	+
121	937	32	+
122	205	32	+
122	315	32	+
122	558	32	+
122	569	32	+
122	618	32	+
122	641	32	+
122	702	32	+
122	814	32	+
122	858	32	+
122	992	32	+
123	202	32	+
123	536	32	+
123	548	32	+
123	716	32	+
123	748	32	+
124	230	32	+
124	430	32	-
124	778	32	-
124	875	32	+
124	927	32	+
124	997	30	-
125	162	32	-
125	231	32	-
125	275	32	-
125	304	32	-
125	344	31	+
125	485	32	-
125	542	32	+
125	546	32	-
125	553	32	+
125	571	32	-
125	741	32	+
125	823	32	-
125	845	32	+
125	891	32	-
125	963	32	+
126	132	30	+
126	197	32	+
126	234	32	+
126	241	32	-
126	314	32	+
126	337	32	-
126	391	32	+
126	431	32	+
126	699	32	+
126	742	32	-
126	781	32	+
126	792	30	+
126	906	32	+
127	402	32	-
127	410	32	+
127	521	32	+
127	681	32	-
127	758	32	-
127	820	32	+
127	909	32	+
127	915	32	-
127	929	32	+
128	515	32	+
128	611	32	+
128	656	32	+
128	703	32	+
128	810	28	+
129	394	32	+
129	494	32	-
129	921	32	+
129	942	31	+
129	998	32	+
130	151	31	-
130	240	32	+
130	279	32	+
130	363	32	+
130	363	32	-
130	416	30	+
130	498	32	+
130	498	30	-
130	604	32	+
130	624	30	+
130	774	32	-
131	253	28	+
131	283	29	-
131	353	29	-
131	527	29	+
132	197	29	+
132	234	32	+
132	241	32	-
132	314	32	+
132	337	32	-
132	391	30	+
132	431	32	+
132	499	32	+
132	699	32	+
132	742	32	-
132	781	32	+
132	850	32	+
132	906	32	+
133	177	32	-
133	278	32	+
133	280	32	-
133	320	32	-
133	432	32	+
133	475	32	+
133	504	32	+
133	646	32	-
133	659	32	+
133	667	32	-
133	708	32	-
133	722	32	-
133	788	32	+
133	796	32	-
133	805	32	-
133	872	32	+
133	883	32	+
133	884	32	-
134	198	32	-
134	217	32	-
134	273	32	+
134	301	32	+
134	318	29	-
134	362	32	-
134	375	32	+
134	383	32	-
134	482	29	+
134	730	31	+
134	832	32	+
135	162	31	-
135	287	32	+
135	329	32	+
135	344	32	+
135	352	32	+
135	437	31	+
135	439	29	+
135	485	32	-
135	489	29	+
135	511	32	+
135	542	29	+
135	546	32	-
135	553	30	+
135	741	32	+
135	745	32	+
135	823	32	-
135	963	32	+
136	178	32	-
136	181	32	-
136	281	32	+
136	470	32	+
136	486	32	+
136	609	32	-
136	612	32	+
136	675	32	-
136	689	32	+
136	939	32	-
136	954	32	-
137	206	32	+
137	225	32	+
137	351	32	+
137	351	32	-
137	846	32	+
137	984	32	+
138	174	32	+
138	183	30	+
138	196	29	-
138	292	32	-
138	298	32	-
138	311	31	-
138	331	32	-
138	379	32	-
138	412	32	-
138	501	32	+
138	530	31	-
138	534	32	-
138	602	29	+
138	643	32	+
138	664	29	+
138	734	32	+
138	760	32	+
138	863	32	+
138	887	32	+
138	920	29	-
138	946	32	+
138	962	32	+
138	969	32	+
139	170	32	-
139	288	32	+
139	299	30	-
139	316	29	-
139	417	29	-
139	479	32	-
139	604	32	+
139	753	28	+
139	770	32	+
139	774	30	-
139	807	31	-
139	867	32	+
140	200	32	+
140	208	29	+
140	245	32	+
140	289	29	+
140	386	29	-
140	687	32	-
140	959	32	+
141	173	32	-
141	264	32	-
141	270	32	-
141	409	32	+
141	426	32	+
141	442	32	-
141	481	32	-
141	491	32	+
141	547	32	+
141	547	32	-
141	595	32	+
141	604	32	+
141	648	32	+
141	648	32	-
141	655	32	+
141	813	32	-
141	877	32	-
141	908	32	+
141	967	32	+
141	995	32	+
142	160	32	+
142	179	32	+
142	244	32	-
142	268	32	+
142	312	30	+
142	370	32	+
142	381	32	+
142	414	32	+
142	434	32	+
142	588	32	+
142	627	32	+
142	651	32	+
142	906	32	+
142	915	32	+
142	937	30	+
142	948	32	+
143	298	29	+
143	643	29	-
143	734	32	-
143	760	32	-
143	946	30	-
144	159	32	-
144	213	32	+
144	229	30	+
144	347	29	+
144	366	32	+
144	376	32	-
144	430	32	+
144	452	32	+
144	512	32	+
144	629	32	+
144	676	32	-
144	685	32	+
144	769	32	+
144	778	30	+
144	875	30	-
144	910	32	-
144	927	32	-
144	931	32	+
144	997	30	+
144	999	32	-
145	237	32	+
145	294	32	+
145	323	32	+
145	556	32	+
145	829	32	+
145	933	32	+
146	382	32	+
146	620	32	+
146	720	32	+
146	983	29	+
146	990	32	+
147	199	32	+
147	355	32	+
147	556	32	+
147	707	32	+
147	977	32	+
148	185	31	+
148	422	32	+
148	538	32	+
148	721	31	+
148	729	32	+
148	973	32	+
148	981	32	+
149	151	32	+
149	151	32	-
149	279	32	+
149	279	32	-
149	417	29	-
149	498	32	+
149	498	32	-
149	537	32	+
149	537	32	-
149	604	31	-
149	774	30	+
149	826	32	+
149	1000	30	+
149	1000	32	-
150	212	32	+
150	332	32	+
150	616	32	+
150	767	32	+
150	861	32	+
151	154	32	+
151	279	32	+
151	286	32	-
151	309	32	+
151	339	32	-
151	372	32	+
151	373	32	+
151	417	32	+
151	474	32	+
151	498	32	+
151	498	32	-
151	520	32	-
151	537	32	-
151	564	32	+
151	575	32	-
151	582	32	-
151	591	32	+
151	593	32	-
151	604	32	-
151	745	29	-
151	752	32	+
151	799	32	+
151	880	32	+
151	924	32	-
151	940	32	-
151	987	32	-
151	1000	32	-
152	385	29	+
152	458	30	+
152	459	29	+
152	661	32	+
152	715	32	+
152	746	32	+
152	786	30	+
152	848	30	+
152	855	30	+
152	982	32	+
153	333	29	+
153	393	30	+
153	550	30	+
153	581	32	-
153	779	32	-
153	951	32	-
154	226	32	+
154	253	32	+
154	286	32	-
154	309	32	+
154	339	32	-
154	350	31	-
154	365	32	+
154	372	32	+
154	373	32	+
154	414	32	+
154	415	32	+
154	474	32	+
154	564	29	+
154	582	28	-
154	591	32	+
154	592	32	+
154	593	32	-
154	683	32	+
154	752	32	+
154	799	32	+
154	880	32	+
154	924	32	-
154	940	32	-
154	974	28	+
154	987	30	-
155	236	32	-
155	244	32	+
155	338	32	-
155	401	32	+
155	456	32	+
155	518	32	+
155	599	29	-
155	619	32	-
155	625	32	-
155	776	29	-
155	804	31	+
155	851	32	-
155	918	32	-
156	176	32	-
156	469	32	+
156	559	32	+
156	652	32	-
156	735	31	+
156	761	32	+
156	794	32	+
156	856	32	-
156	864	31	-
156	1003	32	-
157	204	32	+
157	211	32	-
157	424	32	+
157	443	32	-
157	455	32	-
157	466	31	-
157	540	32	+
157	640	32	+
157	765	30	+
157	812	32	-
157	839	32	+
157	857	32	+
157	857	31	-
157	888	32	+
157	898	32	-
157	955	30	+
157	1001	32	+
158	247	32	+
158	296	30	+
158	505	32	+
158	517	31	-
158	583	32	-
158	744	32	+
158	821	32	-
158	822	32	+
158	834	32	-
158	905	32	+
158	934	32	-
158	989	32	-
159	210	30	+
159	230	32	+
159	347	32	-
159	376	32	+
159	430	32	-
159	512	32	-
159	556	32	-
159	561	28	+
159	587	32	+
159	599	32	+
159	629	32	-
159	676	32	+
159	713	32	+
159	749	32	+
159	769	31	-
159	775	31	+
159	776	32	+
159	778	32	-
159	787	32	+
159	841	31	+
159	910	32	+
159	927	32	+
159	931	32	-
159	997	32	-
159	999	32	+
160	244	32	-
160	377	32	-
160	385	32	-
160	396	32	-
160	414	32	+
160	424	30	-
160	463	32	-
160	570	30	+
160	588	32	+
160	650	32	+
160	655	29	+
160	678	32	+
160	727	29	-
160	743	32	+
160	746	32	-
160	828	32	+
160	842	32	+
160	848	32	-
160	890	32	+
160	906	32	+
160	915	32	+
160	948	32	+
160	957	29	-
160	982	32	-
161	477	32	+
161	477	32	-
161	613	32	+
161	615	32	+
161	663	32	+
161	835	32	+
162	275	30	+
162	304	32	+
162	344	31	-
162	437	32	-
162	485	32	+
162	511	32	-
162	542	32	-
162	546	29	+
162	553	32	-
162	571	32	+
162	741	32	-
162	745	29	-
162	823	32	+
162	845	32	-
162	891	32	+
162	963	32	-
163	204	29	+
163	207	32	+
163	290	32	+
163	443	32	-
163	455	32	-
163	466	32	-
163	573	32	+
163	580	32	+
163	640	29	+
163	785	32	+
163	812	32	-
163	839	32	+
163	857	32	+
163	888	32	+
163	898	32	-
164	249	32	+
164	262	32	+
164	324	32	+
164	367	32	+
164	416	32	+
164	490	32	+
165	450	32	+
165	453	30	+
165	724	32	+
165	726	30	+
165	757	32	+
165	798	32	+
165	867	32	+
165	991	32	+
166	190	32	+
166	190	32	-
166	199	32	+
166	269	32	+
166	310	32	-
166	322	32	+
166	327	32	+
166	407	32	+
166	407	32	-
166	563	32	-
166	766	32	+
166	766	32	-
167	299	32	-
167	405	30	-
167	424	32	+
167	463	31	+
167	526	30	+
167	570	32	-
167	640	29	+
167	743	32	-
168	226	32	-
168	235	32	+
168	253	31	-
168	255	32	-
168	283	32	+
168	286	32	+
168	303	32	+
168	339	32	+
168	350	32	+
168	353	32	+
168	365	32	-
168	414	32	-
168	415	32	-
168	527	32	-
168	577	29	+
168	590	32	-
168	592	30	-
168	593	32	+
168	606	32	-
168	610	32	+
168	683	32	-
168	711	32	-
168	718	31	+
168	755	32	-
168	791	32	-
168	795	32	+
168	862	32	+
168	880	32	-
168	895	28	+
168	966	32	+
168	974	29	-
168	979	32	-
169	190	32	+
169	199	29	+
169	355	29	+
169	777	32	+
170	299	30	+
170	316	29	+
170	417	32	+
170	448	31	+
170	479	29	+
170	604	32	-
170	645	32	+
170	770	32	-
170	774	32	+
170	807	32	+
170	899	32	-
171	587	32	+
171	598	32	+
171	669	32	+
171	692	32	+
171	740	32	+
171	749	32	+
171	776	32	+
172	188	32	+
172	236	30	+
172	266	32	+
172	306	32	-
172	325	32	-
172	411	32	+
172	480	29	+
172	519	32	+
172	633	32	+
172	701	32	+
172	710	32	-
172	738	32	-
172	754	32	-
172	859	32	-
172	882	32	+
172	907	32	-
172	978	32	+
172	988	32	-
173	187	32	+
173	254	29	-
173	264	32	+
173	345	32	+
173	396	32	+
173	403	32	+
173	409	32	-
173	426	32	-
173	491	32	-
173	595	32	-
173	604	32	-
173	655	31	-
173	709	32	-
173	714	32	+
173	813	32	+
173	877	32	+
173	908	32	-
173	916	32	+
173	925	32	+
173	945	32	+
173	967	32	-
173	995	32	-
174	183	32	+
174	196	29	-
174	292	32	-
174	298	32	-
174	311	28	-
174	331	32	-
174	379	32	-
174	412	32	-
174	501	32	+
174	530	32	-
174	534	32	-
174	643	32	+
174	734	32	+
174	760	32	+
174	863	32	+
174	887	32	+
174	920	32	-
174	946	32	+
174	949	32	+
174	962	32	+
174	969	32	+
175	223	32	+
175	250	32	+
175	275	32	-
175	571	32	-
175	622	32	+
175	854	32	+
175	860	29	+
176	469	31	-
176	559	32	-
176	652	32	+
176	735	32	-
176	761	32	-
176	794	32	-
176	856	32	+
176	864	30	+
176	1003	32	+
177	278	32	-
177	320	32	+
177	432	32	-
177	475	32	-
177	504	32	-
177	646	32	+
177	659	32	-
177	667	32	+
177	708	32	+
177	722	32	+
177	788	32	-
177	796	32	+
177	805	32	+
177	872	32	-
177	883	32	-
177	884	32	+
178	403	32	+
178	768	32	+
178	819	32	+
178	830	30	+
179	195	32	+
179	268	32	+
179	312	32	+
179	356	32	+
179	370	32	+
179	381	32	+
179	418	32	-
179	434	32	+
179	626	29	+
179	627	32	+
179	651	32	+
179	682	32	+
179	697	32	+
179	750	32	+
179	937	32	+
180	182	32	-
180	191	32	+
180	226	32	-
180	272	32	-
180	321	32	+
180	365	32	-
180	705	32	-
180	732	32	+
180	865	32	+
180	956	32	-
181	281	32	-
181	342	32	+
181	470	31	-
181	486	30	-
181	532	30	+
181	609	32	+
181	612	32	-
181	638	32	+
181	675	32	+
181	679	32	+
181	689	32	-
181	818	32	+
181	939	32	+
181	954	32	+
182	191	32	-
182	272	32	+
182	321	32	-
182	339	29	-
182	365	32	+
182	705	32	+
182	719	32	+
182	732	32	-
182	865	32	-
182	956	32	+
183	379	32	-
183	412	31	-
183	501	32	+
183	534	29	-
183	643	32	+
183	734	29	+
183	760	32	+
183	887	32	+
183	969	32	+
184	369	32	+
184	398	32	+
184	471	32	+
184	612	32	-
184	672	32	+
185	242	32	+
185	422	32	+
185	538	32	+
185	721	32	+
185	729	32	+
185	811	32	+
185	831	30	+
185	973	32	+
185	981	32	+
186	201	32	+
186	214	32	+
186	291	32	-
186	308	32	+
186	389	28	+
186	688	32	-
186	762	32	-
186	802	32	-
186	971	32	-
187	396	32	+
187	409	32	-
187	426	30	-
187	442	29	+
187	595	32	-
187	604	32	-
187	655	32	-
187	709	32	-
187	714	29	+
187	715	32	+
187	813	28	+
187	877	32	+
187	912	32	+
187	916	32	+
187	967	29	-
188	236	32	+
188	306	32	-
188	325	32	-
188	378	32	+
188	411	32	+
188	480	32	+
188	519	32	+
188	633	32	+
188	649	31	-
188	701	32	+
188	710	32	-
188	738	32	-
188	754	32	-
188	859	32	-
188	882	32	+
188	907	32	-
188	978	32	+
188	988	32	-
189	402	32	+
189	410	32	-
189	466	32	-
189	521	32	-
189	581	30	+
189	681	32	+
189	758	32	+
189	779	32	+
189	820	32	-
189	909	30	-
189	915	32	+
189	929	32	-
189	951	32	+
190	199	32	+
190	269	32	-
190	310	30	-
190	322	32	+
190	327	31	+
190	355	32	+
190	407	32	+
190	556	32	+
190	556	30	-
190	707	32	+
190	766	32	+
190	766	32	-
190	808	29	-
191	226	32	-
191	272	32	-
191	321	32	+
191	430	31	-
191	705	32	-
191	719	32	-
191	732	32	+
191	865	32	+
191	875	32	+
191	919	32	-
191	927	31	+
191	956	32	-
191	997	30	-
192	287	32	+
192	329	32	+
192	352	32	+
192	437	29	+
192	489	29	+
192	551	31	+
192	745	31	+
193	317	32	+
193	364	32	+
193	408	29	+
193	425	30	+
193	523	31	-
193	533	32	-
193	596	32	+
193	603	32	-
193	665	32	+
193	686	30	-
193	885	32	-
193	900	32	+
193	971	30	+
194	232	32	+
194	302	32	-
194	340	32	-
194	457	32	+
194	761	32	+
194	847	32	-
194	849	32	+
194	871	32	-
194	901	32	+
194	993	32	-
195	356	32	+
195	626	32	+
195	697	32	+
195	750	32	+
196	292	32	+
196	298	32	+
196	311	32	+
196	412	30	+
196	524	32	-
196	530	32	+
196	531	32	-
196	602	32	-
196	734	32	-
196	760	32	-
196	801	32	-
196	863	32	-
196	887	32	-
196	920	32	+
196	946	32	-
196	949	32	-
196	962	28	-
196	965	32	-
197	234	32	+
197	314	30	+
197	391	32	+
197	431	32	+
197	499	29	+
197	500	32	-
197	699	32	+
197	742	28	-
197	781	32	+
197	850	29	+
197	906	32	+
198	214	30	+
198	217	32	+
198	256	32	+
198	273	32	-
198	301	32	-
198	362	32	+
198	375	32	-
198	383	32	+
198	482	32	-
198	549	32	+
198	588	32	-
198	608	32	+
198	706	32	+
198	730	30	-
198	772	32	+
198	775	29	-
198	832	32	-
198	975	32	+
199	322	32	+
199	327	32	+
199	355	32	+
199	407	32	+
199	556	32	+
199	707	32	+
199	766	32	+
199	777	32	+
200	208	32	+
200	245	32	+
200	289	32	+
200	386	32	-
200	436	32	+
200	585	32	-
200	644	32	+
200	687	32	-
200	728	30	-
200	797	32	-
200	959	32	+
200	968	32	+
201	214	32	+
201	291	32	-
201	308	32	+
201	389	32	+
201	425	32	-
201	533	32	+
201	596	32	-
201	762	29	-
201	802	32	-
201	878	30	+
201	917	32	-
201	971	32	-
202	536	32	+
202	548	32	+
202	716	32	+
203	239	32	-
203	246	32	-
203	274	32	+
203	495	32	+
203	621	32	-
203	698	32	-
203	736	32	-
203	815	32	-
203	930	31	-
203	947	32	-
204	207	32	+
204	405	32	-
204	424	32	+
204	443	32	-
204	455	32	-
204	466	32	-
204	540	32	+
204	573	32	+
204	640	30	+
204	743	32	-
204	812	32	-
204	839	32	+
204	857	32	+
204	888	32	+
204	898	32	-
204	955	32	+
204	1001	31	+
205	315	32	+
205	558	31	+
205	569	32	+
205	618	32	+
205	641	31	+
205	814	31	+
205	858	32	+
205	992	32	+
206	225	32	+
206	351	32	+
206	450	32	-
206	453	32	-
206	724	32	-
206	726	30	-
206	757	32	-
206	798	32	-
206	846	32	+
206	867	31	-
206	984	32	+
206	991	28	-
207	290	32	+
207	443	32	-
207	455	32	-
207	466	32	-
207	540	30	+
207	573	32	+
207	580	32	+
207	640	31	+
207	785	32	+
207	812	32	-
207	839	32	+
207	857	32	+
207	888	32	+
207	898	32	-
207	955	32	+
208	245	32	+
208	289	32	+
208	386	32	-
208	436	32	+
208	605	32	-
208	687	32	-
208	797	32	-
208	959	32	+
209	248	32	+
209	346	32	-
209	360	32	+
209	428	32	+
209	428	30	-
209	510	32	-
209	605	32	+
209	642	32	-
209	926	32	-
209	970	32	-
210	430	32	-
210	512	32	-
210	575	28	+
210	587	32	+
210	599	32	+
210	629	31	-
210	647	30	+
210	676	29	+
210	685	32	-
210	713	32	+
210	749	32	+
210	769	31	-
210	776	32	+
210	778	32	-
210	787	32	+
210	875	29	+
210	910	29	+
210	927	30	+
210	931	30	-
210	997	32	-
211	463	29	-
211	570	29	+
211	640	29	-
211	743	29	+
211	765	31	-
211	888	29	-
212	332	32	+
212	616	32	+
212	767	32	+
212	861	32	+
212	932	30	-
213	229	32	+
213	366	29	+
213	452	32	+
214	217	32	+
214	301	32	-
214	308	28	+
214	362	32	+
214	389	31	+
214	608	31	+
214	706	32	+
214	772	32	+
214	802	30	-
214	935	32	+
215	305	31	+
215	446	31	+
215	561	32	+
215	579	32	+
215	597	31	+
215	668	32	+
215	837	29	+
215	838	32	+
215	950	32	+
215	1002	32	+
216	349	30	+
216	354	32	+
216	484	32	-
216	503	30	+
216	662	32	+
216	696	31	+
216	903	29	+
217	273	32	-
217	301	32	-
217	341	32	+
217	362	32	+
217	375	32	-
217	383	29	+
217	482	28	-
217	549	31	+
217	588	32	-
217	608	32	+
217	706	29	+
217	730	32	-
217	772	32	+
217	832	32	-
217	975	31	+
218	236	32	+
218	266	32	+
218	338	31	+
218	355	32	-
218	406	32	+
218	519	32	+
218	619	32	+
218	625	32	+
218	738	32	-
218	780	32	+
218	811	32	-
218	851	32	+
218	918	32	+
218	985	29	-
218	1002	32	+
219	404	32	+
219	535	32	+
219	802	32	-
219	878	32	+
219	917	32	-
219	961	32	+
219	971	32	-
220	229	32	+
220	366	32	+
220	452	29	+
221	271	32	+
221	387	32	+
221	589	32	+
221	751	32	+
221	889	32	+
221	972	32	+
222	367	32	+
222	416	32	+
222	502	32	+
222	691	32	+
223	250	32	+
223	275	32	-
223	571	32	-
223	622	32	+
223	854	32	+
223	860	31	+
224	265	32	+
224	343	32	+
224	429	32	+
224	483	32	+
225	351	32	+
225	351	32	-
225	846	32	+
225	984	32	+
226	235	32	-
226	253	32	+
226	255	32	+
226	286	32	-
226	303	29	-
226	339	32	-
226	350	32	-
226	353	32	-
226	365	32	+
226	373	32	+
226	414	32	+
226	415	31	+
226	474	32	+
226	527	32	+
226	582	32	-
226	590	32	+
226	591	32	+
226	592	32	+
226	593	32	-
226	601	29	-
226	606	32	+
226	610	31	-
226	683	32	+
226	711	32	+
226	752	32	+
226	755	32	+
226	799	32	+
226	862	32	-
226	880	29	+
226	924	29	-
226	956	32	+
226	966	32	-
226	974	29	+
226	987	29	-
227	230	32	+
227	347	32	-
227	376	32	+
227	430	32	+
227	512	32	-
227	629	32	-
227	647	32	+
227	676	32	+
227	685	32	-
227	734	29	-
227	769	31	-
227	910	32	+
227	919	32	-
227	927	32	+
227	931	32	-
227	997	32	-
227	999	32	+
228	295	30	+
228	395	32	+
228	440	32	+
228	657	32	+
228	773	32	+
228	852	32	+
228	897	32	+
229	340	29	+
229	366	32	+
229	452	32	+
230	347	32	-
230	376	31	+
230	430	31	+
230	430	32	-
230	512	32	-
230	599	32	+
230	629	32	-
230	647	32	+
230	676	32	+
230	685	30	-
230	713	30	+
230	749	32	+
230	769	32	-
230	775	30	+
230	778	29	-
230	787	30	+
230	875	32	+
230	910	32	+
230	919	31	-
230	927	32	+
230	931	32	-
230	997	32	-
230	999	32	+
231	275	32	+
231	304	32	+
231	553	32	-
231	571	32	+
231	759	30	+
231	845	32	-
231	868	32	+
231	891	32	+
232	302	31	-
232	340	32	-
232	457	32	+
232	761	32	+
232	847	29	-
232	849	32	+
232	871	32	-
232	901	32	+
232	993	30	-
233	261	32	+
233	374	32	+
233	384	32	+
233	420	32	-
233	488	32	+
233	881	32	-
233	948	32	-
234	241	29	-
234	391	32	+
234	431	29	+
234	500	32	-
234	699	32	+
234	742	32	-
234	781	32	+
234	792	32	-
234	850	32	+
234	906	32	+
235	253	31	-
235	255	32	-
235	283	32	+
235	286	32	+
235	303	32	+
235	339	32	+
235	353	32	+
235	365	32	-
235	414	32	-
235	415	32	-
235	506	31	-
235	527	32	-
235	583	32	-
235	590	32	-
235	592	32	-
235	593	32	+
235	606	32	-
235	610	29	+
235	660	32	-
235	683	32	-
235	711	32	-
235	718	32	+
235	755	32	-
235	791	32	-
235	862	31	+
235	880	32	-
235	966	32	+
235	974	32	-
235	979	32	-
236	244	32	-
236	266	32	+
236	306	32	-
236	338	29	+
236	401	29	-
236	411	32	+
236	456	32	-
236	518	31	-
236	519	32	+
236	619	32	+
236	625	32	+
236	851	32	+
236	918	32	+
236	978	32	+
237	294	32	+
237	323	32	+
237	323	28	-
237	829	32	+
237	933	32	+
238	243	29	-
238	277	32	+
238	284	32	+
238	356	30	+
238	493	32	-
238	653	32	-
238	688	32	-
238	737	32	+
238	964	31	-
238	986	32	+
239	246	32	+
239	288	32	-
239	300	32	+
239	462	32	-
239	495	32	+
239	495	31	-
239	621	32	+
239	698	32	+
239	736	32	+
239	815	32	+
239	930	32	+
239	947	32	+
239	992	32	-
240	352	29	-
240	363	32	+
240	363	32	-
240	515	32	+
240	565	32	+
240	624	30	+
240	764	32	+
240	810	29	+
240	836	32	+
240	936	32	+
240	980	32	+
240	985	32	+
241	314	29	-
241	337	32	+
241	391	32	-
241	431	32	-
241	499	32	-
241	500	32	+
241	699	32	-
241	742	32	+
241	781	32	-
241	792	32	+
241	792	30	-
241	906	32	-
242	422	32	+
242	468	29	-
242	538	30	+
242	721	32	+
242	729	28	+
242	831	32	+
242	981	32	+
243	277	32	-
243	284	31	-
243	493	32	+
243	653	32	+
243	688	32	+
243	689	32	-
243	737	32	-
243	986	32	-
244	266	32	-
244	338	32	-
244	401	32	+
244	406	32	-
244	414	32	-
244	456	32	+
244	518	32	+
244	588	32	-
244	619	32	-
244	625	32	-
244	780	32	-
244	804	32	+
244	851	32	-
244	906	32	-
244	915	32	-
244	918	32	-
244	948	32	-
245	289	32	+
245	386	32	-
245	687	32	-
245	797	32	-
245	959	32	+
246	300	32	+
246	315	29	-
246	495	32	-
246	558	32	-
246	569	29	-
246	621	32	+
246	698	32	+
246	702	32	-
246	736	32	+
246	815	32	+
246	930	32	+
246	947	32	+
246	992	32	-
247	296	31	+
247	505	32	+
247	583	32	-
247	744	32	+
247	821	32	-
247	822	32	+
247	834	32	-
247	905	31	+
247	934	32	-
247	989	32	-
248	346	32	-
248	360	32	+
248	428	32	+
248	428	32	-
248	471	28	+
248	510	32	-
248	605	32	+
248	926	32	-
248	970	29	-
249	262	32	+
249	324	32	+
249	367	32	+
249	490	32	+
249	691	30	+
250	275	32	-
250	571	32	-
250	622	32	+
250	854	32	+
250	860	32	+
251	607	28	+
251	632	28	-
252	319	32	+
252	326	31	+
252	336	32	+
252	586	32	+
253	255	32	+
253	283	31	-
253	286	32	-
253	303	32	-
253	309	29	+
253	339	32	-
253	350	32	-
253	353	32	-
253	365	32	+
253	372	32	+
253	414	32	+
253	415	32	+
253	474	32	+
253	527	32	+
253	590	32	+
253	591	32	+
253	592	32	+
253	593	32	-
253	610	32	-
253	683	32	+
253	711	32	+
253	718	31	-
253	732	30	-
253	752	29	+
253	755	32	+
253	799	32	+
253	880	32	+
253	924	32	-
253	966	30	-
253	974	29	+
253	987	29	-
254	396	32	-
254	409	32	+
254	491	32	+
254	595	32	+
254	604	31	+
254	648	32	-
254	655	30	+
254	709	30	+
254	714	30	-
254	813	32	-
254	877	32	-
254	908	32	+
254	916	31	-
254	995	30	+
255	283	31	-
255	339	31	-
255	350	32	-
255	353	32	-
255	365	31	+
255	414	29	+
255	415	28	+
255	527	32	+
255	577	32	-
255	590	32	+
255	593	32	-
255	606	32	+
255	610	29	-
255	683	29	+
255	711	32	+
255	718	29	-
255	755	32	+
255	791	28	+
255	862	32	-
255	880	32	+
255	966	32	-
256	273	32	-
256	301	32	-
256	318	31	+
256	341	32	+
256	375	32	-
256	383	32	+
256	447	32	+
256	482	31	-
256	588	32	-
256	730	32	-
256	832	32	-
257	293	30	+
257	782	32	+
257	800	30	+
257	914	32	+
258	316	29	+
258	417	32	+
258	448	32	+
258	623	32	-
258	807	32	+
258	1000	32	-
259	317	32	+
259	330	32	+
259	408	32	+
259	425	32	+
259	468	32	+
259	523	32	-
259	533	32	-
259	603	32	-
259	665	32	+
259	843	29	+
259	844	32	+
259	866	32	+
259	885	29	-
259	900	32	+
260	276	32	-
260	390	29	-
260	397	32	+
260	421	31	+
260	508	32	-
260	541	30	-
260	723	32	+
260	816	32	-
261	374	32	+
261	384	32	+
261	420	32	-
261	488	32	+
261	881	32	-
261	948	32	-
262	297	32	+
262	324	32	+
262	367	32	+
262	416	32	+
262	490	32	+
262	636	32	+
262	973	32	+
262	995	32	+
263	394	32	-
263	478	32	+
263	494	32	+
263	614	32	+
263	617	32	+
263	631	32	+
263	756	32	+
263	793	32	-
263	942	31	-
263	998	32	-
264	270	32	+
264	409	31	-
264	426	32	-
264	442	32	+
264	481	32	+
264	547	32	+
264	547	32	-
264	595	32	-
264	604	32	-
264	648	32	+
264	655	29	-
264	714	32	+
264	813	32	+
264	877	32	+
264	908	32	-
264	967	32	-
264	995	32	-
265	343	32	+
265	429	32	+
265	483	32	+
265	659	32	+
265	968	32	+
266	295	32	-
266	378	28	+
266	406	32	+
266	519	32	+
266	619	32	+
266	625	32	+
266	738	31	-
266	780	32	+
266	851	32	+
266	918	32	+
266	978	32	+
267	354	31	-
267	400	32	-
267	405	30	-
267	439	32	+
267	476	32	-
267	484	32	+
267	570	32	-
267	712	32	+
267	731	32	-
267	840	32	-
267	911	32	+
267	953	32	-
267	1001	30	+
268	312	32	+
268	370	32	+
268	381	32	+
268	434	32	+
268	627	30	+
268	651	32	+
268	682	32	+
268	937	32	+
269	310	32	+
269	322	30	-
269	563	32	+
269	674	32	+
269	808	32	+
270	426	32	-
270	442	32	+
270	481	30	+
270	547	32	+
270	547	30	-
270	595	32	-
270	648	29	+
270	813	28	+
270	908	32	-
270	967	32	-
270	995	32	-
271	316	28	+
271	387	32	+
271	589	32	+
271	825	32	-
271	889	32	+
271	972	32	+
272	321	32	-
272	705	32	+
272	719	32	+
272	732	32	-
272	799	31	+
272	865	29	-
272	956	32	+
273	301	32	+
273	318	30	-
273	341	32	-
273	362	32	-
273	375	32	+
273	383	32	-
273	447	32	-
273	588	32	+
273	608	32	-
273	706	32	-
273	730	32	+
273	772	32	-
273	832	32	+
273	935	32	-
274	288	32	+
274	462	32	+
274	495	32	+
274	495	32	-
274	621	32	-
274	654	32	-
274	698	32	-
274	736	32	-
274	815	32	-
274	819	32	-
274	896	32	+
275	304	32	+
275	511	32	-
275	542	32	-
275	553	32	-
275	571	32	+
275	622	32	-
275	741	32	-
275	759	32	+
275	823	31	+
275	845	32	-
275	854	32	-
275	860	32	-
275	868	32	+
276	390	32	+
276	397	30	-
276	508	32	+
276	541	32	+
276	630	31	-
276	816	32	+
277	284	32	+
277	493	32	-
277	653	32	-
277	688	32	-
277	737	32	+
277	986	32	+
278	320	32	-
278	475	32	+
278	504	32	+
278	646	32	-
278	659	32	+
278	667	32	-
278	708	32	-
278	722	32	-
278	788	32	+
278	796	32	-
278	805	32	-
278	883	32	+
278	884	32	-
279	498	32	+
279	498	32	-
279	537	32	+
279	537	30	-
279	604	29	-
279	1000	32	+
280	320	32	+
280	432	29	-
280	646	31	+
280	659	31	-
280	667	32	+
280	722	29	+
280	872	32	-
280	883	30	-
281	470	32	+
281	486	32	+
281	609	32	-
281	612	32	+
281	675	32	-
281	689	32	+
281	737	32	+
281	939	32	-
282	419	32	+
282	555	29	+
282	566	30	+
282	680	32	-
282	938	32	-
283	286	32	+
283	303	32	+
283	339	32	+
283	353	32	+
283	365	32	-
283	414	32	-
283	415	32	-
283	527	32	-
283	577	31	+
283	582	32	+
283	590	32	-
283	592	30	-
283	593	32	+
283	606	32	-
283	610	32	+
283	683	32	-
283	711	31	-
283	755	32	-
283	791	32	-
283	862	32	+
283	880	32	-
283	966	32	+
283	974	32	-
284	486	30	+
284	493	31	-
284	653	32	-
284	688	32	-
284	737	32	+
284	856	28	-
284	986	32	+
285	656	30	+
285	810	28	+
286	303	30	+
286	321	32	+
286	339	32	+
286	350	32	+
286	353	32	+
286	365	32	-
286	372	32	-
286	373	30	-
286	414	32	-
286	415	32	-
286	474	32	-
286	527	32	-
286	582	30	+
286	590	32	-
286	591	32	-
286	592	32	-
286	593	32	+
286	606	31	-
286	610	29	+
286	683	32	-
286	711	32	-
286	718	32	+
286	752	32	-
286	755	32	-
286	799	30	-
286	862	32	+
286	865	29	+
286	880	32	-
286	924	32	+
286	974	32	-
286	987	29	+
287	329	32	+
287	344	32	+
287	352	32	+
287	372	31	-
287	396	31	-
287	424	32	-
287	437	31	+
287	463	32	-
287	489	31	+
287	542	32	+
287	546	32	-
287	551	32	+
287	745	32	+
287	937	31	+
287	963	31	+
288	462	32	+
288	495	32	+
288	495	32	-
288	621	32	-
288	654	32	-
288	698	32	-
288	736	32	-
288	815	32	-
288	819	32	-
288	867	32	+
288	896	32	+
289	386	32	-
289	497	32	+
289	585	32	-
289	644	32	+
289	677	31	+
289	687	32	-
289	728	32	-
289	797	32	-
289	958	32	-
289	959	32	+
289	968	32	+
290	359	32	+
290	441	32	+
290	443	32	-
290	455	32	-
290	466	32	-
290	540	32	+
290	557	32	+
290	573	32	+
290	580	32	+
290	640	32	+
290	785	32	+
290	812	32	-
290	839	32	+
290	857	31	+
290	888	32	+
290	898	32	-
290	955	32	+
291	308	32	-
291	762	32	+
291	802	32	+
291	878	29	-
291	917	32	+
291	971	32	+
292	298	32	+
292	311	32	+
292	412	32	+
292	530	31	+
292	531	32	-
292	602	32	-
292	664	32	-
292	734	32	-
292	760	32	-
292	801	32	-
292	863	32	-
292	887	32	-
292	920	32	+
292	946	32	-
292	949	32	-
292	962	32	-
292	965	32	-
292	969	32	-
293	782	32	+
293	800	32	+
293	914	32	+
294	323	32	+
294	829	32	+
294	933	32	+
295	348	30	+
295	395	32	+
295	440	30	+
295	657	32	+
295	852	32	+
296	444	32	+
296	465	32	+
296	505	32	+
296	583	32	-
296	704	32	+
296	744	30	+
296	821	31	-
296	822	32	+
296	902	32	+
296	905	32	+
298	311	32	+
298	412	32	+
298	530	32	+
298	531	32	-
298	602	32	-
298	664	32	-
298	734	32	-
298	760	32	-
298	801	32	-
298	863	32	-
298	887	32	-
298	920	30	+
298	946	30	-
298	949	32	-
298	962	30	-
298	969	32	-
299	316	32	+
299	405	32	+
299	417	32	+
299	424	29	-
299	448	32	+
299	463	32	-
299	479	31	+
299	570	32	+
299	574	32	+
299	604	32	-
299	623	32	-
299	640	32	-
299	645	32	+
299	753	32	-
299	770	32	-
299	774	29	+
299	807	32	+
299	899	32	-
300	315	32	-
300	495	32	-
300	558	32	-
300	569	32	-
300	621	32	+
300	698	32	+
300	702	32	-
300	736	30	+
300	815	32	+
300	900	32	+
300	930	32	+
300	947	32	+
300	992	32	-
301	318	32	-
301	341	32	-
301	362	32	-
301	375	32	+
301	383	32	-
301	447	32	-
301	482	32	+
301	549	29	-
301	588	31	+
301	608	32	-
301	706	31	-
301	730	32	+
301	772	32	-
301	832	32	+
301	935	32	-
302	340	31	+
302	457	32	-
302	654	32	-
302	847	29	+
302	849	32	-
302	853	31	-
302	871	32	+
302	901	32	-
302	993	30	+
303	339	32	+
303	350	31	+
303	353	32	+
303	365	32	-
303	373	28	-
303	414	32	-
303	415	32	-
303	474	31	-
303	527	31	-
303	537	29	-
303	590	32	-
303	592	32	-
303	593	32	+
303	606	29	-
303	631	32	-
303	683	32	-
303	711	32	-
303	718	30	+
303	755	32	-
303	799	32	-
303	880	29	-
303	924	30	+
303	966	29	+
303	974	32	-
303	987	32	+
304	344	31	-
304	485	32	+
304	542	32	-
304	546	32	+
304	553	32	-
304	571	29	+
304	741	32	-
304	823	32	+
304	845	32	-
304	868	30	+
304	891	32	+
305	446	32	+
305	467	32	+
305	561	32	+
305	597	32	+
305	668	32	+
305	837	32	+
305	1002	29	+
306	325	32	+
306	378	29	-
306	411	32	-
306	480	32	-
306	519	32	-
306	633	32	-
306	649	32	+
306	701	32	-
306	710	32	+
306	738	32	+
306	754	32	+
306	859	32	+
306	882	32	-
306	907	32	+
306	978	32	-
306	988	32	+
307	328	32	+
307	361	30	+
307	371	31	+
307	472	30	-
308	533	32	+
308	971	32	-
309	339	29	-
309	372	32	+
309	373	32	+
309	474	32	+
309	520	28	-
309	564	31	+
309	575	32	-
309	582	32	-
309	591	31	+
309	592	30	+
309	593	31	-
309	752	32	+
309	799	32	+
309	880	32	+
309	924	32	-
309	987	32	-
310	327	32	-
310	563	32	+
310	674	32	+
310	808	32	+
311	412	31	+
311	501	31	-
311	530	32	+
311	531	32	-
311	602	32	-
311	664	32	-
311	734	32	-
311	775	32	+
311	801	32	-
311	863	32	-
311	920	30	+
311	946	29	-
311	949	32	-
311	962	32	-
311	965	32	-
312	370	32	+
312	381	32	+
312	434	32	+
312	627	32	+
312	651	32	+
312	682	32	+
312	937	32	+
313	328	32	+
313	334	30	+
313	361	32	+
313	361	32	-
313	368	32	+
313	371	32	+
313	472	32	-
313	496	32	+
313	509	32	+
313	514	32	+
313	516	32	+
313	600	32	-
313	607	32	-
313	632	32	+
313	635	32	-
313	739	32	-
314	337	32	-
314	391	32	+
314	431	32	+
314	499	32	+
314	699	32	+
314	742	32	-
314	781	31	+
314	792	32	+
314	792	32	-
314	850	30	+
314	906	32	+
315	558	32	+
315	569	31	+
315	618	32	+
315	641	32	+
315	698	30	-
315	702	32	+
315	814	32	+
315	858	32	+
315	992	32	+
316	417	32	+
316	448	32	+
316	479	32	+
316	604	31	-
316	645	32	+
316	753	32	-
316	770	32	-
316	774	32	+
316	807	32	+
316	899	32	-
317	364	32	+
317	408	32	+
317	425	32	+
317	468	32	+
317	523	32	-
317	533	32	-
317	596	32	+
317	603	32	-
317	665	32	+
317	843	32	+
317	844	32	+
317	866	32	+
317	885	32	-
317	900	32	+
318	341	32	+
318	375	30	-
318	447	32	+
318	596	32	+
318	730	32	-
318	832	32	-
319	326	32	+
319	336	32	+
319	586	32	+
320	432	32	-
320	475	32	-
320	504	32	-
320	629	29	+
320	646	32	+
320	659	32	-
320	667	32	+
320	708	32	+
320	722	32	+
320	788	32	-
320	805	32	+
320	872	32	-
320	883	32	-
320	884	32	+
321	705	31	-
321	719	32	-
321	732	32	+
321	865	32	+
321	956	32	-
322	327	32	+
322	355	30	+
322	407	32	+
322	556	32	+
322	563	32	-
322	707	29	+
322	766	32	+
323	829	32	+
323	933	32	+
323	933	28	-
324	367	32	+
324	416	32	+
324	490	32	+
324	502	31	+
324	691	32	+
325	411	32	-
325	480	32	-
325	519	32	-
325	633	32	-
325	649	32	+
325	701	32	-
325	710	32	+
325	738	32	+
325	754	32	+
325	859	32	+
325	882	32	-
325	907	32	+
325	978	32	-
325	988	32	+
326	336	32	+
326	410	31	-
326	521	32	-
327	355	32	+
327	407	32	+
327	556	32	+
327	563	32	-
327	766	32	+
327	777	32	+
327	808	32	-
328	334	31	+
328	361	32	-
328	368	32	+
328	371	32	+
328	472	32	-
328	496	32	+
328	509	32	+
328	514	32	+
328	516	31	+
328	600	32	-
328	607	32	-
328	632	32	+
328	635	32	-
328	739	32	-
329	344	32	+
329	352	32	+
329	377	32	-
329	489	32	+
329	528	29	-
329	551	30	+
329	745	32	+
329	873	30	-
330	886	31	+
330	964	32	+
330	976	32	+
331	379	32	+
331	412	28	+
331	530	32	+
331	534	32	+
331	643	30	-
331	734	32	-
331	760	32	-
331	863	32	-
331	887	32	-
331	946	32	-
331	962	32	-
331	969	32	-
332	616	32	+
332	767	32	+
332	861	32	+
333	393	32	+
333	487	32	+
333	550	32	+
333	581	32	-
333	779	32	-
333	806	32	-
333	922	32	+
333	951	32	-
334	361	32	+
334	361	32	-
334	368	32	+
334	371	30	+
334	496	32	+
334	507	29	+
334	514	32	+
334	516	32	+
334	600	32	-
334	607	31	-
334	632	32	+
335	392	32	+
335	392	32	-
335	549	32	+
335	549	32	-
335	608	32	+
335	608	32	-
335	716	31	-
335	725	32	+
335	725	32	-
335	771	32	+
335	771	32	-
335	772	32	-
335	825	32	+
335	825	32	-
335	870	32	+
335	870	32	-
335	975	30	+
335	975	32	-
337	391	32	-
337	431	32	-
337	499	32	-
337	500	32	+
337	699	32	-
337	742	31	+
337	781	32	-
337	792	32	+
337	792	32	-
337	850	32	-
337	906	32	-
338	401	31	-
338	456	32	-
338	518	32	-
338	619	32	+
338	625	32	+
338	780	31	+
338	804	29	-
338	851	32	+
338	918	32	+
339	350	32	+
339	353	32	+
339	365	32	-
339	373	32	-
339	414	32	-
339	415	32	-
339	474	30	-
339	479	32	+
339	518	32	-
339	527	32	-
339	582	32	+
339	590	32	-
339	591	32	-
339	592	32	-
339	593	32	+
339	606	32	-
339	610	32	+
339	683	32	-
339	711	32	-
339	718	32	+
339	732	30	+
339	752	32	-
339	755	32	-
339	795	32	+
339	799	32	-
339	801	32	+
339	862	32	+
339	865	30	+
339	880	32	-
339	924	32	+
339	966	32	+
339	974	31	-
339	987	29	+
340	457	32	-
340	654	32	-
340	803	29	-
340	847	32	+
340	849	31	-
340	871	32	+
340	901	29	-
340	993	32	+
341	362	32	+
341	375	32	-
341	383	32	+
341	447	32	+
341	482	32	-
341	588	30	-
341	730	32	-
341	832	32	-
342	532	32	+
342	609	32	+
342	638	32	+
342	679	32	+
342	818	32	+
342	954	32	+
343	345	32	+
343	429	32	+
343	483	32	+
344	352	32	+
344	437	32	+
344	439	30	+
344	485	32	-
344	489	31	+
344	511	32	+
344	542	32	+
344	551	32	+
344	553	31	+
344	741	31	+
344	745	32	+
344	823	32	-
344	845	32	+
344	891	32	-
344	963	32	+
345	403	32	+
345	513	32	+
345	545	30	+
345	605	32	-
345	789	32	+
345	925	32	+
345	945	32	+
346	360	32	-
346	428	32	+
346	428	31	-
346	510	32	+
346	605	32	-
346	642	30	+
346	926	32	+
346	970	32	+
347	376	30	-
347	430	30	+
347	512	32	+
347	629	32	+
347	676	30	-
347	685	30	+
347	769	31	+
347	775	29	-
347	875	32	-
347	910	32	-
347	919	32	+
347	927	32	-
347	931	32	+
347	997	32	+
347	999	32	-
348	395	30	+
348	440	32	+
348	554	31	+
348	657	32	+
348	773	32	+
348	897	29	+
349	662	32	+
349	903	32	+
350	353	32	+
350	373	31	-
350	414	32	-
350	415	32	-
350	479	32	+
350	527	32	-
350	582	32	+
350	590	32	-
350	591	29	-
350	592	32	-
350	593	31	+
350	683	32	-
350	711	32	-
350	718	30	+
350	755	32	-
350	833	32	+
350	862	29	+
350	880	32	-
350	924	32	+
350	966	32	+
350	974	30	-
351	556	29	-
351	846	32	+
351	846	31	-
351	984	32	+
351	984	31	-
352	372	32	-
352	377	32	-
352	437	32	+
352	439	32	+
352	485	32	-
352	489	32	+
352	542	32	+
352	551	32	+
352	743	32	+
352	745	32	+
352	756	28	-
352	786	32	-
352	823	29	-
352	842	32	+
352	873	32	-
352	891	29	-
352	963	32	+
353	357	32	+
353	399	32	+
353	414	32	-
353	415	32	-
353	479	32	+
353	527	32	-
353	577	29	+
353	582	32	+
353	592	32	-
353	593	32	+
353	606	31	-
353	683	32	-
353	711	32	-
353	718	32	+
353	755	32	-
353	833	32	+
353	862	32	+
353	880	32	-
353	966	32	+
354	484	32	-
354	503	28	+
354	601	32	-
354	662	32	+
354	696	31	+
354	876	31	-
354	895	32	-
354	903	32	+
354	904	32	+
355	356	28	+
355	556	32	+
355	682	32	+
355	707	32	+
355	777	32	+
355	811	32	+
355	985	29	+
355	1002	32	-
356	468	30	-
356	626	32	+
356	688	30	-
356	697	32	+
356	750	32	+
357	399	32	+
357	718	32	+
357	828	32	-
357	833	32	+
358	559	29	-
358	652	32	+
358	735	32	-
358	761	32	-
359	441	32	+
359	557	32	+
359	580	32	+
359	785	32	+
359	812	32	-
359	888	32	+
359	898	32	-
360	428	32	+
360	428	32	-
360	510	32	-
360	605	32	+
360	642	32	-
360	926	32	-
360	970	32	-
361	368	32	+
361	368	31	-
361	371	32	+
361	371	32	-
361	372	32	+
361	372	32	-
361	472	32	+
361	472	32	-
361	496	32	+
361	496	32	-
361	509	32	+
361	509	32	-
361	514	32	+
361	514	32	-
361	516	32	+
361	516	32	-
361	600	32	+
361	600	32	-
361	607	32	+
361	607	32	-
361	632	32	+
361	632	31	-
361	739	29	+
361	739	32	-
362	375	32	-
362	383	32	+
362	392	32	-
362	482	32	-
362	549	32	+
362	588	32	-
362	608	32	+
362	706	32	+
362	730	29	-
362	772	32	+
362	825	29	-
362	832	29	-
362	935	32	+
362	975	32	+
363	457	30	-
363	562	32	-
363	565	32	+
363	565	32	-
363	624	32	+
363	624	32	-
363	764	32	-
363	803	32	+
363	803	32	-
363	836	32	+
363	836	32	-
363	853	30	+
363	853	32	-
363	936	32	+
363	936	32	-
363	943	31	-
363	980	32	+
363	980	32	-
363	985	32	+
363	985	32	-
364	408	32	+
364	425	32	+
364	523	32	-
364	533	32	-
364	596	32	+
364	603	31	-
364	665	28	+
364	843	32	+
364	866	30	+
364	885	32	-
364	900	28	+
364	971	32	+
365	414	32	+
365	415	32	+
365	527	32	+
365	577	30	-
365	582	29	-
365	590	32	+
365	592	32	+
365	593	32	-
365	606	32	+
365	683	32	+
365	711	32	+
365	718	31	-
365	755	32	+
365	799	32	+
365	862	32	-
365	880	32	+
365	895	32	-
365	924	32	-
365	952	30	-
365	966	32	-
365	974	32	+
366	452	32	+
367	416	31	+
367	490	32	+
367	502	29	+
367	691	32	+
368	371	32	+
368	472	32	-
368	496	32	+
368	509	32	+
368	514	32	+
368	516	32	+
368	581	32	-
368	600	29	-
368	607	32	-
368	632	32	+
368	739	32	-
368	951	32	-
369	398	32	+
369	471	32	+
369	612	32	+
369	672	32	+
369	672	32	-
370	381	32	+
370	434	32	+
370	627	32	+
370	651	32	+
370	682	31	+
370	937	32	+
371	472	32	-
371	496	32	+
371	509	32	+
371	514	32	+
371	516	32	+
371	600	32	-
371	607	32	-
371	632	32	+
371	635	32	-
371	739	32	-
372	373	32	+
372	396	32	+
372	474	30	+
372	520	32	-
372	575	32	-
372	582	32	-
372	591	32	+
372	592	32	+
372	752	32	+
372	799	30	+
372	880	32	+
372	916	28	+
372	924	32	-
372	940	32	-
372	987	32	-
373	474	32	+
373	520	32	-
373	564	28	+
373	575	32	-
373	591	32	+
373	592	28	+
373	593	32	-
373	683	32	+
373	752	32	+
373	880	32	+
373	924	32	-
373	940	32	-
373	987	32	-
374	384	32	+
374	396	28	-
374	420	32	-
374	525	32	-
374	881	32	-
374	948	32	-
375	383	32	-
375	447	32	-
375	482	32	+
375	588	32	+
375	608	32	-
375	706	30	-
375	730	32	+
375	772	32	-
375	832	32	+
375	935	30	-
376	430	32	-
376	512	32	-
376	584	32	+
376	599	32	+
376	629	32	-
376	647	32	+
376	676	32	+
376	684	32	+
376	685	32	-
376	713	32	+
376	747	32	+
376	749	32	+
376	769	32	-
376	775	32	+
376	776	32	+
376	778	32	-
376	841	29	+
376	875	32	+
376	910	32	+
376	919	32	-
376	927	32	+
376	997	29	-
376	999	32	+
377	385	32	+
377	396	32	+
377	458	32	+
377	459	32	+
377	463	32	+
377	570	30	-
377	574	29	-
377	661	32	+
377	715	31	+
377	727	32	+
377	743	32	-
377	745	32	-
377	746	32	+
377	786	32	+
377	842	32	-
377	848	32	+
377	855	32	+
377	883	29	-
377	982	29	+
378	411	31	+
378	480	32	+
378	519	32	+
378	701	32	+
378	738	32	-
378	882	32	+
378	907	32	-
378	978	32	+
379	412	32	+
379	530	32	+
379	534	32	+
379	643	32	-
379	734	32	-
379	760	32	-
379	887	32	-
379	946	32	-
379	962	32	-
379	969	32	-
380	413	31	+
380	473	32	+
380	636	32	+
380	666	32	+
380	694	29	+
380	869	32	+
380	923	31	+
381	434	32	+
381	627	32	+
381	651	32	+
381	682	32	+
381	937	32	+
382	620	32	+
382	720	30	+
382	983	32	+
382	990	29	+
383	447	32	+
383	482	32	-
383	588	30	-
383	730	32	-
383	832	32	-
384	420	32	-
384	488	32	+
384	525	32	-
384	881	32	-
385	457	32	-
385	458	32	+
385	459	32	+
385	463	32	+
385	568	32	+
385	638	29	+
385	650	29	-
385	661	32	+
385	678	31	-
385	715	32	+
385	727	31	+
385	746	32	+
385	784	32	+
385	786	32	+
385	828	29	-
385	842	32	-
385	848	32	+
385	855	32	+
385	890	32	-
385	916	32	+
385	982	32	+
386	497	32	-
386	585	32	+
386	644	32	-
386	687	32	+
386	728	32	+
386	797	32	+
386	958	32	+
386	959	32	-
386	968	32	-
387	589	32	+
387	725	32	-
387	751	32	+
387	825	31	-
387	870	32	-
387	889	32	+
387	972	32	+
388	423	32	+
388	658	32	+
388	717	30	+
388	977	32	+
389	846	30	-
390	397	32	-
390	421	32	-
390	508	32	+
390	541	32	+
390	630	32	-
390	723	32	-
390	816	32	+
391	431	32	+
391	499	31	+
391	500	32	-
391	699	32	+
391	742	32	-
391	781	32	+
391	792	32	+
391	792	32	-
391	850	32	+
391	906	32	+
392	549	32	-
392	608	32	-
392	706	32	-
392	725	32	+
392	771	32	+
392	772	32	-
392	825	32	+
392	845	29	-
392	870	32	+
392	975	32	-
393	487	32	+
393	550	32	+
393	581	31	-
393	779	32	-
393	806	32	-
393	874	32	-
393	922	32	+
393	951	31	-
394	494	32	-
394	617	29	-
394	631	32	-
394	793	32	+
394	942	31	+
394	998	32	+
395	396	32	-
395	440	32	+
395	554	31	+
395	657	32	+
395	773	32	+
395	852	32	+
395	897	29	+
395	916	32	-
395	957	32	-
396	409	32	-
396	491	32	-
396	526	32	+
396	545	28	-
396	595	30	-
396	604	32	-
396	648	32	+
396	655	32	-
396	709	32	-
396	714	32	+
396	727	32	+
396	813	32	+
396	842	32	-
396	877	32	+
396	908	32	-
396	916	32	+
396	957	32	+
397	421	32	+
397	508	32	-
397	541	32	-
397	630	30	+
397	723	32	+
397	816	32	-
398	612	32	-
398	672	32	+
399	718	32	+
399	833	32	+
400	439	32	-
400	476	32	+
400	484	32	-
400	712	32	-
400	731	32	+
400	840	32	+
400	911	32	-
400	953	32	+
401	456	32	+
401	518	30	+
401	619	32	-
401	625	32	-
401	804	32	+
401	851	32	-
401	918	32	-
402	410	32	-
402	521	32	-
402	681	32	+
402	758	32	+
402	820	32	-
402	909	32	-
402	915	32	+
402	929	32	-
403	513	32	+
403	768	32	+
403	789	32	+
403	819	32	+
403	830	32	+
403	925	32	+
403	945	32	+
404	535	32	+
404	762	29	-
404	802	32	-
404	878	32	+
404	961	32	+
404	971	32	-
405	424	32	-
405	463	32	-
405	466	29	+
405	526	32	-
405	570	32	+
405	650	32	+
405	743	32	+
405	765	32	-
405	840	32	+
405	842	32	+
405	848	28	-
405	898	30	+
405	955	30	-
405	1001	30	-
406	519	32	+
406	619	32	+
406	625	32	+
406	918	32	+
406	978	32	+
407	674	32	-
407	766	32	+
407	801	29	+
408	425	32	+
408	449	32	+
408	468	32	+
408	523	32	-
408	533	32	-
408	596	32	+
408	665	32	+
408	827	32	+
408	843	32	+
408	844	32	+
408	866	32	+
408	885	32	-
408	886	32	+
408	976	32	+
409	426	32	+
409	481	31	-
409	491	32	+
409	595	32	+
409	604	32	+
409	648	32	-
409	655	32	+
409	709	32	+
409	714	32	-
409	727	32	-
409	813	32	-
409	877	32	-
409	908	32	+
409	916	32	-
409	957	32	-
409	967	32	+
409	995	32	+
410	413	32	-
410	521	32	+
410	620	32	+
410	681	32	-
410	758	32	-
410	820	32	+
410	909	32	+
410	915	32	-
410	929	32	+
411	519	32	+
411	633	32	+
411	701	32	+
411	710	32	-
411	738	32	-
411	754	32	-
411	859	32	-
411	907	32	-
411	978	32	+
412	501	32	-
412	530	32	+
412	534	32	+
412	602	32	-
412	643	29	-
412	664	32	-
412	734	30	-
412	760	30	-
412	887	32	-
412	946	30	-
412	962	32	-
412	969	32	-
413	473	32	+
413	620	32	-
413	636	32	+
413	666	32	+
413	694	32	+
413	913	29	+
413	923	32	+
414	415	32	+
414	527	29	+
414	588	32	+
414	590	32	+
414	591	31	+
414	592	32	+
414	593	32	-
414	606	32	+
414	610	32	-
414	683	32	+
414	711	32	+
414	718	30	-
414	755	32	+
414	795	32	-
414	862	32	-
414	876	30	-
414	880	32	+
414	895	32	-
414	906	32	+
414	915	32	+
414	948	32	+
414	966	32	-
414	974	32	+
415	479	29	-
415	527	32	+
415	577	29	-
415	590	32	+
415	592	32	+
415	593	32	-
415	601	32	-
415	606	31	+
415	683	32	+
415	711	32	+
415	755	32	+
415	862	32	-
415	865	30	-
415	880	32	+
415	895	32	-
415	952	32	-
415	966	32	-
415	974	32	+
416	502	32	+
416	691	32	+
417	448	31	+
417	479	32	+
417	511	29	+
417	537	32	-
417	604	32	-
417	623	32	-
417	645	32	+
417	753	32	-
417	770	32	-
417	774	31	+
417	807	32	+
417	826	32	+
417	899	32	-
417	1000	32	-
418	435	32	+
418	656	32	+
418	790	32	+
418	994	32	+
419	539	30	-
419	555	32	+
419	566	29	+
419	578	32	-
419	680	32	-
419	860	29	-
420	525	32	+
420	817	29	+
420	881	32	+
420	948	32	+
421	508	32	-
421	541	32	-
421	630	32	+
421	723	32	+
422	538	32	+
422	721	32	+
422	729	32	+
422	831	29	+
422	973	32	+
422	981	32	+
423	658	32	+
423	717	30	+
423	977	32	+
424	463	32	+
424	466	32	-
424	526	32	+
424	570	32	-
424	574	32	-
424	640	32	+
424	650	29	-
424	727	32	+
424	743	32	-
424	745	32	-
424	765	32	+
424	839	31	+
424	840	28	-
424	842	32	-
424	855	30	+
424	873	32	+
424	888	28	+
424	953	32	-
424	955	32	+
424	1001	32	+
425	468	32	+
425	523	32	-
425	533	32	-
425	596	32	+
425	603	30	-
425	665	30	+
425	843	32	+
425	885	32	-
425	900	32	+
425	971	32	+
426	442	32	-
426	481	32	-
426	491	32	+
426	547	32	+
426	547	32	-
426	595	32	+
426	604	32	+
426	648	29	-
426	655	30	+
426	709	31	+
426	714	30	-
426	813	32	-
426	877	32	-
426	908	32	+
426	967	32	+
426	995	32	+
427	437	29	-
427	539	29	+
427	566	29	-
427	578	31	+
427	680	32	+
427	733	30	-
427	938	32	+
428	510	32	+
428	510	32	-
428	605	32	+
428	605	32	-
428	642	31	+
428	642	32	-
428	926	32	+
428	926	32	-
428	970	32	-
429	596	32	-
430	512	32	+
430	629	32	+
430	647	32	-
430	676	32	-
430	685	32	+
430	769	32	+
430	778	30	+
430	875	32	+
430	875	32	-
430	919	32	+
430	919	30	-
430	927	32	-
430	931	32	+
430	997	32	+
430	999	32	-
431	499	32	+
431	500	32	-
431	699	32	+
431	742	32	-
431	781	32	+
431	792	31	+
431	792	32	-
431	850	29	+
431	906	32	+
432	433	32	+
432	475	30	+
432	504	32	+
432	576	32	-
432	646	31	-
432	659	32	+
432	667	32	-
432	695	32	-
432	722	29	-
432	788	30	+
432	796	31	-
432	805	32	-
432	872	32	+
432	883	31	+
432	884	32	-
433	567	32	+
433	576	32	+
433	628	32	+
433	695	32	+
433	763	29	+
433	824	30	+
433	941	29	+
434	627	32	+
434	651	32	+
434	682	32	+
434	851	29	+
434	937	31	+
435	611	32	+
435	656	32	+
435	790	32	+
436	859	32	+
436	959	31	+
437	485	32	-
437	489	32	+
437	542	32	+
437	546	32	-
437	551	32	+
437	553	30	+
437	741	29	+
437	745	32	+
437	823	32	-
437	891	32	-
437	963	32	+
438	444	32	-
438	529	32	+
438	560	32	+
438	700	32	+
438	928	32	+
439	476	32	-
439	484	32	+
439	712	32	+
439	731	32	-
439	741	30	+
439	745	32	+
439	840	32	-
439	911	32	+
439	953	32	-
440	657	32	+
440	869	29	-
441	557	32	+
441	580	32	+
441	785	32	+
441	812	32	-
441	898	32	-
442	481	32	+
442	547	32	+
442	547	31	-
442	595	32	-
442	648	32	+
442	655	32	-
442	813	32	+
442	877	31	+
442	908	32	-
442	967	32	-
442	995	32	-
443	455	32	+
443	466	32	+
443	540	30	+
443	540	32	-
443	573	32	-
443	580	31	-
443	812	32	+
443	839	32	-
443	857	32	-
443	888	32	-
443	898	32	+
443	955	29	-
444	465	32	+
444	529	32	-
444	560	32	-
444	700	32	-
444	704	32	+
444	883	32	+
444	902	32	+
444	928	32	-
445	984	31	+
446	561	32	+
446	579	32	+
446	597	32	+
446	668	32	+
446	837	32	+
446	838	32	+
446	950	32	+
446	1002	32	+
447	482	29	-
447	588	32	-
447	730	32	-
447	832	32	-
448	479	32	+
448	537	32	-
448	604	32	-
448	623	31	-
448	645	32	+
448	753	32	-
448	770	31	-
448	807	32	+
448	899	32	-
448	1000	32	-
449	468	30	+
449	844	32	+
449	866	32	+
449	886	31	+
449	976	32	+
450	453	32	+
450	572	32	+
450	724	32	+
450	726	30	+
450	757	32	+
450	798	32	+
450	867	32	+
450	991	32	+
451	464	30	+
451	545	32	+
451	639	29	+
451	925	32	+
453	572	32	+
453	724	32	+
453	726	32	+
453	757	32	+
453	798	32	+
453	867	32	+
453	984	32	-
453	991	32	+
454	461	32	+
454	492	32	+
454	629	32	-
454	892	31	+
455	466	32	+
455	540	32	-
455	573	32	-
455	580	32	-
455	640	32	-
455	785	32	-
455	812	32	+
455	839	32	-
455	857	32	-
455	888	32	-
455	898	32	+
455	955	32	-
455	965	29	+
455	1001	32	-
456	518	31	+
456	619	28	-
456	625	31	-
456	640	28	+
456	804	32	+
456	918	29	-
457	562	31	+
457	654	32	+
457	761	32	+
457	803	28	+
457	847	32	-
457	849	32	+
457	871	32	-
457	901	32	+
457	936	30	-
457	993	32	-
458	459	32	+
458	463	32	+
458	486	29	-
458	661	32	+
458	715	32	+
458	727	32	+
458	746	32	+
458	784	32	+
458	786	32	+
458	848	30	+
458	855	32	+
458	957	32	+
459	568	32	+
459	661	32	+
459	678	29	-
459	715	32	+
459	727	32	+
459	743	31	-
459	746	32	+
459	784	32	+
459	786	32	+
459	848	32	+
459	855	32	+
459	982	32	+
461	492	32	+
461	623	30	-
461	892	29	+
462	495	32	+
462	495	32	-
462	621	32	-
462	654	32	-
462	698	32	-
462	736	32	-
462	815	32	-
462	819	32	-
462	896	32	+
463	526	32	+
463	570	32	-
463	574	32	-
463	640	30	+
463	743	32	-
463	746	32	+
463	765	32	+
463	855	32	+
463	873	32	+
463	916	32	+
463	953	31	-
463	1001	32	+
464	543	30	-
464	544	32	+
464	545	32	+
464	639	32	+
464	771	32	-
464	925	32	+
465	505	32	+
465	529	32	-
465	704	32	+
465	902	32	+
466	526	29	-
466	540	32	-
466	570	32	+
466	573	32	-
466	574	30	+
466	640	32	-
466	743	29	+
466	812	32	+
466	839	32	-
466	857	32	-
466	888	32	-
466	898	32	+
466	955	32	-
467	561	32	+
467	597	32	+
467	837	29	+
467	838	30	+
467	950	32	+
467	1002	32	+
468	523	32	-
468	533	32	-
468	596	32	+
468	603	32	-
468	637	32	+
468	665	32	+
468	843	32	+
468	844	31	+
468	866	32	+
468	885	32	-
468	886	32	+
468	976	32	+
469	559	31	+
469	652	32	-
469	735	29	+
469	761	32	+
469	794	32	+
469	856	32	-
469	864	32	-
469	944	31	-
469	1003	31	-
470	486	32	+
470	532	30	-
470	609	32	-
470	612	32	+
470	675	32	-
470	939	32	-
470	954	32	-
471	612	32	-
471	672	32	+
471	923	29	+
472	496	32	-
472	509	32	-
472	514	32	-
472	600	32	+
472	607	32	+
472	632	32	-
472	635	29	+
472	739	32	+
473	636	32	+
473	666	32	+
473	694	32	+
473	869	32	+
473	869	31	-
473	913	32	+
473	923	32	+
474	575	30	-
474	582	32	-
474	591	32	+
474	593	32	-
474	683	32	+
474	752	32	+
474	799	32	+
474	880	32	+
474	924	30	-
474	940	32	-
474	974	32	+
474	987	29	-
475	504	32	+
475	646	32	-
475	659	32	+
475	708	32	-
475	722	32	-
475	788	32	+
475	796	32	-
475	805	32	-
475	872	32	+
475	883	32	+
475	884	29	-
476	484	32	-
476	712	32	-
476	731	32	+
476	840	32	+
476	911	31	-
477	613	29	+
477	613	31	-
477	615	32	+
477	615	32	-
477	663	32	+
477	663	32	-
477	835	32	-
478	494	32	+
478	617	32	+
478	631	32	+
478	756	32	+
479	537	30	-
479	592	32	-
479	593	32	+
479	604	32	-
479	623	32	-
479	645	32	+
479	711	32	-
479	718	32	+
479	753	32	-
479	755	32	-
479	770	32	-
479	774	32	+
479	807	29	+
479	899	32	-
479	966	31	+
480	519	32	+
480	633	32	+
480	649	32	-
480	701	32	+
480	710	32	-
480	738	32	-
480	754	32	-
480	859	32	-
480	882	32	+
480	978	32	+
480	988	32	-
481	547	29	+
481	595	30	-
481	714	29	+
481	813	32	+
481	877	29	+
481	908	32	-
481	967	32	-
481	995	32	-
482	588	32	+
482	608	32	-
482	706	30	-
482	730	32	+
482	832	32	+
482	935	32	-
484	503	29	-
484	662	31	-
484	696	32	-
484	712	32	+
484	731	32	-
484	765	29	+
484	840	32	-
484	903	29	-
484	911	32	+
484	953	32	-
485	489	32	-
485	511	32	-
485	542	32	-
485	546	32	+
485	553	32	-
485	571	32	+
485	741	32	-
485	745	32	-
485	823	32	+
485	845	32	-
485	891	32	+
485	963	29	-
486	532	32	-
486	609	32	-
486	612	32	+
486	638	29	-
486	675	32	-
486	679	32	-
486	689	32	+
486	737	29	+
486	939	29	-
486	954	32	-
487	550	32	+
487	581	32	-
487	779	32	-
487	806	32	-
487	874	32	-
487	922	32	+
487	951	32	-
489	520	32	+
489	551	30	+
489	745	32	+
489	957	32	-
490	952	29	+
491	595	32	+
491	604	32	+
491	648	32	-
491	655	32	+
491	656	29	-
491	709	32	+
491	714	32	-
491	727	29	-
491	813	32	-
491	877	32	-
491	908	32	+
491	916	32	-
491	957	28	-
491	967	32	+
491	995	32	+
492	892	32	+
493	653	32	+
493	688	32	+
493	737	29	-
493	986	32	-
494	614	30	+
494	617	32	+
494	631	32	+
494	756	32	+
494	921	29	-
494	998	32	-
495	621	32	+
495	621	32	-
495	654	32	-
495	698	32	+
495	698	32	-
495	736	32	+
495	736	32	-
495	783	28	-
495	815	32	+
495	815	32	-
495	819	32	-
495	896	28	+
495	896	31	-
495	930	31	-
495	947	32	-
495	992	31	+
496	509	32	+
496	514	32	+
496	516	32	+
496	600	32	-
496	607	32	-
496	632	32	+
496	635	32	-
497	585	32	-
497	614	32	+
497	644	32	+
497	677	32	+
497	677	32	-
497	687	32	-
497	728	32	-
497	797	32	-
497	958	32	-
497	968	32	+
498	537	32	+
498	537	32	-
498	604	29	+
498	604	32	-
498	774	30	-
498	1000	32	+
498	1000	32	-
499	500	32	-
499	699	31	+
499	781	32	+
499	792	30	-
499	850	32	+
499	906	32	+
500	699	32	-
500	742	32	+
500	781	32	-
500	792	32	+
500	850	32	-
500	906	32	-
501	530	32	-
501	534	30	-
501	643	32	+
501	734	32	+
501	760	30	+
501	887	32	+
501	912	29	+
501	920	30	-
501	949	29	+
501	962	32	+
501	969	32	+
502	691	32	+
503	601	31	-
503	662	32	+
503	876	32	-
503	903	32	+
503	904	32	+
503	952	32	-
504	646	32	-
504	659	32	+
504	667	32	-
504	708	32	-
504	722	32	-
504	788	32	+
504	796	32	-
504	805	32	-
504	872	32	+
504	883	32	+
504	884	32	-
505	583	32	-
505	664	29	-
505	704	32	+
505	744	32	+
505	821	32	-
505	822	32	+
505	834	32	-
505	902	32	+
505	905	32	+
505	934	32	-
505	989	32	-
506	583	32	+
506	590	32	+
506	660	32	+
506	791	32	+
506	966	32	-
506	979	32	+
508	541	32	+
508	630	32	-
508	723	32	-
508	816	32	+
509	514	32	+
509	516	32	+
509	600	32	-
509	607	32	-
509	632	32	+
509	635	29	-
509	739	30	-
510	605	32	-
510	642	32	+
510	926	32	+
510	970	32	+
511	542	32	+
511	546	32	-
511	553	32	+
511	571	32	-
511	741	32	+
511	745	32	+
511	759	31	-
511	823	32	-
511	845	32	+
511	860	32	+
511	868	31	-
511	891	32	-
511	899	32	-
512	599	32	-
512	629	32	+
512	647	32	-
512	676	32	-
512	685	32	+
512	713	32	-
512	749	32	-
512	769	32	+
512	775	32	-
512	778	32	+
512	787	29	-
512	841	32	-
512	875	32	-
512	910	32	-
512	919	32	+
512	927	32	-
512	931	32	+
512	997	32	+
512	999	32	-
513	545	29	+
513	789	32	+
513	925	32	+
513	942	29	-
513	945	32	+
514	516	32	+
514	600	32	-
514	607	32	-
514	632	32	+
514	635	32	-
514	739	31	-
515	611	32	+
515	656	32	+
515	810	32	+
516	739	32	-
517	821	32	+
517	834	32	+
517	934	32	+
517	989	32	+
518	619	32	-
518	625	31	-
518	651	28	-
518	851	29	-
519	633	32	+
519	649	29	-
519	701	32	+
519	710	32	-
519	738	32	-
519	754	29	-
519	780	32	+
519	859	32	-
519	882	31	+
519	907	31	-
519	978	32	+
519	988	32	-
520	551	32	+
520	564	29	-
520	575	32	+
520	593	32	+
520	668	31	+
520	752	32	-
520	880	32	-
520	924	32	+
520	940	32	+
520	987	32	+
521	758	32	-
521	820	32	+
521	909	32	+
521	915	32	-
521	929	32	+
522	567	32	+
522	594	29	+
522	628	32	+
522	695	32	+
522	824	32	+
522	941	32	+
523	533	32	+
523	596	32	-
523	603	31	+
523	665	32	-
523	843	32	-
523	866	32	-
523	885	32	+
523	900	32	-
524	531	31	+
524	602	32	+
524	734	32	+
524	863	29	+
525	817	29	+
525	881	32	+
525	948	32	+
526	570	32	-
526	574	32	-
526	678	32	-
526	715	32	+
526	743	32	-
526	765	32	+
526	1001	32	+
527	577	32	-
527	590	32	+
527	592	32	+
527	593	32	-
527	606	32	+
527	610	32	-
527	683	32	+
527	711	32	+
527	718	30	-
527	728	32	+
527	755	32	+
527	795	29	-
527	833	32	-
527	862	32	-
527	880	32	+
527	966	32	-
527	974	32	+
528	614	32	+
528	650	31	-
528	746	32	+
528	756	32	+
528	786	29	+
528	809	32	+
528	873	32	+
528	932	32	+
529	560	32	+
529	700	32	+
529	928	32	+
530	531	32	-
530	534	31	+
530	643	32	-
530	734	32	-
530	760	32	-
530	887	32	-
530	920	32	+
530	946	32	-
530	949	32	-
530	962	32	-
530	965	29	-
530	969	32	-
531	602	32	+
531	643	32	+
531	664	32	+
531	801	32	+
531	863	32	+
531	887	31	+
531	949	32	+
531	965	32	+
531	969	29	+
532	609	32	+
532	612	32	-
532	638	32	+
532	675	32	+
532	679	32	+
532	818	32	+
532	939	32	+
532	954	29	+
533	596	32	-
533	603	32	+
533	665	32	-
533	686	29	+
533	843	32	-
533	844	32	-
533	866	29	-
533	885	32	+
533	900	32	-
533	971	32	-
534	643	32	-
534	734	32	-
534	760	32	-
534	863	30	-
534	887	32	-
534	946	32	-
534	962	32	-
534	969	32	-
535	802	32	-
535	878	32	+
535	961	32	+
536	548	32	+
536	716	32	+
536	748	29	+
537	604	32	+
537	753	32	+
537	774	32	-
537	807	32	-
537	842	32	+
537	899	29	+
537	1000	32	+
538	721	32	+
538	729	32	+
538	831	32	+
538	973	32	+
538	981	32	+
539	680	32	+
539	938	30	+
540	573	32	+
540	640	32	+
540	812	32	-
540	857	32	+
540	888	30	+
540	898	32	-
541	630	32	-
541	723	29	-
541	816	32	+
542	546	32	-
542	551	32	+
542	553	32	+
542	571	32	-
542	741	32	+
542	745	32	+
542	759	32	-
542	823	32	-
542	845	32	+
542	891	32	-
542	963	29	+
543	544	30	-
543	545	32	-
543	639	30	-
543	671	32	+
543	673	32	+
543	893	32	+
543	925	32	-
543	996	32	+
544	545	29	+
544	639	30	+
544	925	32	+
544	945	32	+
545	639	32	+
545	727	30	-
545	925	32	+
545	945	32	+
546	553	32	-
546	571	32	+
546	741	29	-
546	745	32	-
546	823	32	+
546	845	32	-
546	891	32	+
546	963	32	-
547	595	32	+
547	595	32	-
547	813	32	+
547	813	32	-
547	908	28	+
547	908	32	-
547	967	32	+
547	967	32	-
547	995	32	+
547	995	32	-
548	716	32	+
549	608	32	+
549	706	32	+
549	716	32	+
549	725	32	-
549	730	30	-
549	771	32	-
549	772	32	+
549	825	32	-
549	870	32	-
549	935	32	+
549	975	32	+
550	581	32	-
550	779	32	-
550	806	32	-
550	874	32	-
550	922	32	+
550	951	32	-
551	741	29	+
551	745	32	+
551	823	29	-
551	891	32	-
551	963	32	+
552	690	32	+
552	734	32	+
552	879	32	+
552	944	32	+
553	571	32	-
553	741	32	+
553	823	32	-
553	845	32	+
553	868	32	-
553	891	32	-
553	963	32	+
554	657	32	+
554	773	32	+
554	852	32	+
554	897	31	+
555	566	32	+
555	578	31	-
555	680	30	-
555	733	30	+
556	707	32	+
556	777	30	+
557	580	32	+
557	785	32	+
557	812	32	-
557	898	32	-
558	569	32	+
558	621	32	-
558	641	32	+
558	698	32	-
558	702	32	+
558	736	32	-
558	815	31	-
558	858	32	+
558	900	32	-
558	930	32	-
558	947	32	-
558	992	32	+
559	652	32	-
559	735	32	+
559	761	32	+
559	794	32	+
559	856	32	-
559	864	32	-
560	700	32	+
560	928	32	+
561	579	32	+
561	597	32	+
561	629	28	-
561	668	31	+
561	778	28	-
561	837	29	+
561	838	32	+
561	950	32	+
561	1002	32	+
562	654	32	+
562	803	32	+
562	836	32	-
562	847	32	-
562	853	32	+
562	855	30	-
562	936	32	-
562	943	30	+
562	996	29	+
563	674	29	+
563	766	32	-
563	808	32	+
564	591	29	+
564	799	29	+
564	987	32	-
565	624	32	+
565	764	32	+
565	803	32	-
565	836	32	+
565	853	32	-
565	936	32	+
565	980	32	+
565	985	32	+
566	680	32	-
566	733	31	+
566	938	32	-
567	576	32	+
567	628	32	+
567	695	32	+
567	763	32	+
567	824	32	+
567	941	32	+
568	661	32	+
568	784	32	+
568	786	32	+
568	982	29	+
569	618	32	+
569	621	32	-
569	641	32	+
569	698	32	-
569	702	30	+
569	736	32	-
569	814	31	+
569	858	32	+
569	930	32	-
569	947	32	-
569	992	32	+
570	640	32	-
570	678	32	+
570	727	32	-
570	743	32	+
570	765	32	-
570	955	28	-
570	1001	32	-
571	622	32	-
571	741	32	-
571	759	31	+
571	823	32	+
571	845	32	-
571	854	32	-
571	860	32	-
571	868	32	+
571	891	32	+
572	595	30	-
572	724	32	+
572	726	32	+
572	757	32	+
572	798	32	+
572	867	32	+
572	991	29	+
573	580	32	+
573	640	32	+
573	785	32	+
573	812	31	-
573	839	32	+
573	857	32	+
573	888	32	+
573	898	32	-
573	955	32	+
574	640	32	-
574	650	31	+
574	655	32	+
574	743	32	+
574	812	32	+
574	839	32	-
574	888	32	-
574	898	29	+
574	955	32	-
574	957	30	-
574	982	32	-
574	1001	31	-
575	752	30	-
575	880	32	-
575	924	32	+
575	940	32	+
575	987	32	+
576	628	32	+
576	695	32	+
576	763	32	+
576	824	32	+
576	884	32	+
576	941	32	+
577	601	32	+
577	711	32	-
577	876	32	+
577	880	29	-
577	895	32	+
577	952	32	+
578	680	30	+
578	938	32	+
579	597	31	+
579	837	32	+
579	838	32	+
579	950	32	+
579	1002	32	+
580	785	32	+
580	812	32	-
580	857	32	+
580	888	32	+
580	898	32	-
581	779	32	+
581	806	32	+
581	922	32	-
581	951	32	+
582	591	32	-
582	592	32	-
582	593	32	+
582	880	29	-
582	924	28	+
583	660	32	+
583	744	32	-
583	791	32	+
583	821	32	+
583	822	32	-
583	834	32	+
583	862	32	-
583	902	29	-
583	905	32	-
583	966	32	-
583	979	32	+
584	587	32	+
584	599	32	+
584	669	31	+
584	676	28	+
584	692	32	+
584	713	32	+
584	747	32	+
584	749	32	+
584	775	32	+
584	776	32	+
584	787	29	+
584	841	32	+
585	644	32	-
585	677	32	-
585	687	32	+
585	728	32	+
585	797	32	+
585	958	32	+
585	968	32	-
587	598	32	+
587	599	32	+
587	629	29	-
587	669	32	+
587	684	32	+
587	692	32	+
587	713	32	+
587	740	32	+
587	747	32	+
587	749	32	+
587	769	31	-
587	775	32	+
587	776	32	+
587	787	29	+
587	841	32	+
588	608	32	-
588	706	32	-
588	730	32	+
588	772	32	-
588	832	32	+
588	906	32	+
588	915	32	+
588	948	32	+
589	751	32	+
589	889	32	+
589	972	32	+
590	592	32	+
590	593	32	-
590	606	32	+
590	610	29	-
590	683	32	+
590	711	32	+
590	718	32	-
590	755	32	+
590	862	32	-
590	880	32	+
590	966	32	-
591	592	29	+
591	593	32	-
591	683	31	+
591	711	30	+
591	752	32	+
591	799	31	+
591	880	32	+
591	924	32	-
591	940	32	-
591	987	32	-
592	593	32	-
592	601	30	-
592	606	32	+
592	610	32	-
592	683	32	+
592	711	32	+
592	718	29	-
592	752	32	+
592	755	32	+
592	795	30	-
592	862	30	-
592	880	32	+
592	924	32	-
592	952	32	-
592	956	32	+
592	966	32	-
592	974	32	+
592	987	32	-
593	606	32	-
593	610	29	+
593	683	32	-
593	711	32	-
593	718	32	+
593	752	32	-
593	755	32	-
593	795	32	+
593	799	32	-
593	862	32	+
593	880	32	-
593	924	30	+
593	940	32	+
593	966	32	+
593	974	30	-
593	987	32	+
594	763	32	+
594	941	32	+
595	604	32	+
595	648	32	-
595	655	32	+
595	709	32	+
595	714	32	-
595	813	32	-
595	877	32	-
595	908	32	+
595	967	32	+
595	995	32	+
596	603	32	-
596	665	32	+
596	843	32	+
596	885	29	-
596	900	32	+
596	971	32	+
597	668	30	+
597	837	32	+
597	838	32	+
597	950	32	+
597	1002	32	+
598	669	32	+
598	684	32	+
598	692	32	+
598	740	32	+
598	749	32	+
598	776	29	+
599	629	32	-
599	647	32	+
599	676	32	+
599	684	32	+
599	713	32	+
599	747	32	+
599	749	32	+
599	769	32	-
599	775	32	+
599	776	32	+
599	778	32	-
599	787	30	+
599	841	32	+
599	875	30	+
599	910	32	+
599	931	32	-
600	607	32	+
600	632	32	-
600	635	32	+
600	739	32	+
601	876	32	+
601	895	32	+
601	904	32	-
601	952	32	+
602	643	32	+
602	664	32	+
602	734	32	+
602	760	32	+
602	801	32	+
602	863	32	+
602	887	32	+
602	920	32	-
602	946	31	+
602	949	32	+
602	962	32	+
602	965	32	+
602	969	32	+
603	665	31	-
603	843	32	-
603	885	31	+
604	623	32	+
604	645	32	-
604	648	32	-
604	655	32	+
604	709	32	+
604	714	32	-
604	753	32	+
604	770	32	+
604	774	32	-
604	807	32	-
604	813	32	-
604	826	32	-
604	877	32	-
604	899	32	+
604	908	32	+
604	916	32	-
604	967	32	+
604	995	32	+
604	1000	31	+
605	642	32	-
605	926	32	-
605	970	30	-
606	610	32	-
606	683	32	+
606	711	32	+
606	755	32	+
606	862	32	-
606	880	32	+
606	895	32	-
606	966	32	-
607	632	32	-
607	635	32	+
607	739	32	+
608	706	32	+
608	716	31	+
608	725	32	-
608	730	32	-
608	771	32	-
608	772	32	+
608	825	32	-
608	832	31	-
608	870	32	-
608	935	32	+
608	975	30	+
609	612	32	-
609	638	29	+
609	675	32	+
609	679	32	+
609	689	32	-
609	818	32	+
609	939	32	+
609	954	32	+
610	683	31	-
610	711	32	-
610	755	32	-
610	799	30	-
610	801	32	+
610	833	32	+
610	862	29	+
610	880	29	-
610	924	32	+
610	974	32	-
611	656	32	+
611	703	32	+
611	810	32	+
612	672	32	-
612	675	32	-
612	689	32	+
612	939	32	-
612	954	31	-
612	986	32	+
613	615	32	+
613	663	32	+
613	835	32	+
614	617	32	+
614	634	32	+
614	756	32	+
614	809	32	+
614	873	32	+
614	932	32	+
615	663	32	+
615	835	31	+
616	767	32	+
616	861	32	+
617	631	32	+
617	756	32	+
617	921	32	-
617	942	30	-
617	967	32	+
617	998	30	-
618	641	32	+
618	698	31	-
618	702	32	+
618	814	32	+
618	858	32	+
618	992	32	+
619	625	32	+
619	780	32	+
619	851	32	+
619	918	32	+
620	720	32	+
620	983	30	+
620	990	32	+
621	654	32	+
621	698	32	+
621	702	32	-
621	736	32	+
621	815	32	+
621	819	32	+
621	896	32	-
621	930	32	+
621	947	32	+
621	947	32	-
621	992	32	-
622	759	32	-
622	854	32	+
622	860	31	+
623	645	32	-
623	753	32	+
623	770	32	+
623	774	29	-
623	807	32	-
623	899	32	+
624	764	31	+
624	803	30	-
624	836	32	+
624	936	30	+
624	980	32	+
624	985	32	+
625	780	32	+
625	804	29	-
625	851	32	+
625	918	32	+
626	697	32	+
626	750	32	+
627	651	32	+
627	682	29	+
627	937	32	+
628	695	32	+
628	763	32	+
628	824	32	+
628	941	32	+
629	647	31	-
629	676	32	-
629	685	32	+
629	713	29	-
629	747	32	-
629	749	29	-
629	769	32	+
629	775	32	-
629	776	29	-
629	778	31	+
629	787	31	-
629	841	32	-
629	875	32	-
629	910	32	-
629	927	32	-
629	931	32	+
629	997	32	+
629	999	32	-
630	816	32	-
631	942	32	-
631	998	31	-
632	739	32	-
633	649	32	-
633	685	32	-
633	701	32	+
633	710	32	-
633	738	32	-
633	754	32	-
633	859	32	-
633	882	32	+
633	907	32	-
633	978	32	+
633	988	32	-
634	873	32	+
634	932	32	+
635	739	32	+
636	666	32	+
636	694	32	+
636	869	32	+
636	913	32	+
636	923	32	+
636	973	32	+
636	995	32	+
637	844	29	+
638	675	29	+
638	679	32	+
638	818	32	+
638	954	30	+
639	916	32	-
639	925	29	+
640	743	32	-
640	839	32	+
640	857	32	+
640	888	32	+
640	916	30	+
640	955	32	+
640	1001	29	+
641	814	31	+
641	858	32	+
641	992	30	+
642	970	30	+
643	734	32	+
643	760	32	+
643	801	30	+
643	863	32	+
643	887	32	+
643	920	32	-
643	946	29	+
643	949	32	+
643	962	32	+
643	965	32	+
643	969	32	+
644	687	32	-
644	728	32	-
644	797	32	-
644	958	28	-
644	968	32	+
645	753	32	-
645	770	32	-
645	774	32	+
645	807	32	+
645	826	32	+
645	899	32	-
646	659	32	-
646	667	32	+
646	708	32	+
646	722	32	+
646	788	32	-
646	796	32	+
646	805	32	+
646	872	32	-
646	883	32	-
646	884	32	+
647	676	32	+
647	713	29	+
647	775	32	+
647	778	28	-
647	787	30	+
647	841	32	+
647	910	32	+
647	931	32	-
647	997	32	-
648	655	32	-
648	709	32	-
648	714	32	+
648	813	32	+
648	877	32	+
648	908	32	-
648	967	32	-
648	995	31	-
649	701	32	-
649	754	32	+
649	859	32	+
649	882	30	-
649	978	29	-
650	655	31	+
650	678	32	+
650	727	32	-
650	746	32	-
650	786	29	-
650	842	32	+
650	848	32	-
650	855	30	-
650	890	32	+
650	957	32	-
650	979	32	+
650	982	31	-
651	682	32	+
651	937	32	+
652	735	32	-
652	761	32	-
652	794	32	-
652	856	32	+
652	864	32	+
652	944	32	+
653	688	32	+
653	737	30	-
653	986	32	-
653	987	28	-
654	736	31	+
654	803	32	+
654	815	32	+
654	819	32	+
654	836	32	-
654	847	32	-
654	853	32	+
654	896	32	-
654	936	32	-
654	943	32	+
655	709	32	+
655	714	32	-
655	727	32	-
655	813	30	-
655	842	32	+
655	877	32	-
655	908	32	+
655	916	31	-
655	957	32	-
655	967	29	+
655	982	32	-
655	995	32	+
656	714	29	+
656	790	32	+
656	810	29	+
656	994	32	+
657	773	32	+
657	852	32	+
657	897	32	+
658	717	32	+
658	977	32	+
659	667	32	-
659	708	32	-
659	722	32	-
659	788	32	+
659	796	32	-
659	805	32	-
659	872	32	+
659	883	32	+
659	884	32	-
660	791	32	+
660	791	32	-
660	966	32	-
660	979	32	+
661	715	32	+
661	745	28	-
661	746	32	+
661	784	32	+
661	786	32	+
661	848	32	+
661	855	32	+
661	982	32	+
662	696	32	+
662	903	31	+
662	904	30	+
663	835	32	+
664	734	32	+
664	801	32	+
664	863	32	+
664	887	32	+
664	920	30	-
664	946	29	+
664	949	32	+
664	962	32	+
664	965	32	+
664	969	32	+
665	843	32	+
665	866	30	+
665	900	32	+
666	694	32	+
666	869	32	+
666	913	31	+
666	923	32	+
667	695	32	+
667	708	30	+
667	722	32	+
667	788	32	-
667	796	32	+
667	805	32	+
667	872	32	-
667	883	32	-
667	884	32	+
668	837	32	+
668	838	32	+
668	950	32	+
668	1002	29	+
669	684	32	+
669	692	32	+
669	740	32	+
669	747	29	+
669	749	29	+
669	776	32	+
670	944	30	+
671	673	32	+
671	893	32	+
671	996	32	+
673	893	32	+
673	996	32	+
674	808	31	+
675	939	32	+
675	954	32	+
676	713	32	+
676	749	32	+
676	769	32	-
676	775	32	+
676	776	32	+
676	778	32	-
676	875	32	+
676	910	30	+
676	919	30	-
676	927	32	+
676	931	32	-
676	997	32	-
676	999	32	+
677	728	31	-
677	968	32	+
678	786	32	-
678	828	32	+
678	842	32	+
678	848	29	-
678	855	32	-
678	890	32	+
678	982	29	-
679	818	32	+
679	954	32	+
680	733	31	-
680	938	32	+
681	758	32	+
681	820	32	-
681	909	32	-
681	915	32	+
681	929	32	-
683	711	32	+
683	718	32	-
683	755	32	+
683	795	32	-
683	862	32	-
683	880	32	+
683	895	32	-
683	966	32	-
683	974	32	+
684	692	31	+
684	747	32	+
684	749	29	+
684	775	32	+
684	776	32	+
684	787	32	+
685	778	31	+
685	875	31	-
685	910	31	-
685	919	32	+
685	927	32	-
685	931	32	+
685	997	32	+
685	999	30	-
687	728	32	+
687	797	32	+
687	958	32	+
687	959	28	-
687	968	32	-
688	737	32	-
688	986	32	-
689	737	32	+
689	939	32	-
690	879	30	+
690	944	30	+
691	891	32	+
692	740	32	+
692	747	32	+
692	749	32	+
692	775	32	+
692	776	32	+
693	728	32	+
693	797	29	+
694	869	32	+
694	913	32	+
694	923	32	+
695	763	32	+
695	824	32	+
695	941	32	+
696	774	32	+
696	904	32	+
697	750	32	+
698	702	32	-
698	736	32	+
698	815	32	+
698	819	32	+
698	896	32	-
698	930	29	+
698	947	32	+
698	947	32	-
698	992	32	-
699	742	32	-
699	781	32	+
699	792	32	+
699	792	32	-
699	906	32	+
700	928	32	+
701	710	32	-
701	738	32	-
701	754	32	-
701	859	32	-
701	882	32	+
701	907	30	-
701	978	32	+
701	988	32	-
702	736	32	-
702	814	32	+
702	815	31	-
702	858	32	+
702	900	32	-
702	947	32	-
702	992	32	+
704	821	31	-
704	902	32	+
704	905	32	+
705	732	32	-
705	865	32	-
705	956	32	+
705	997	32	+
706	725	32	-
706	730	32	-
706	771	32	-
706	772	32	+
706	825	30	-
706	870	32	-
706	975	31	+
707	777	32	+
708	722	32	+
708	788	32	-
708	796	32	+
708	805	32	+
708	872	30	-
708	883	31	-
708	884	32	+
709	714	32	-
709	727	32	-
709	813	32	-
709	877	32	-
709	908	32	+
709	967	32	+
709	995	32	+
710	738	32	+
710	754	32	+
710	859	32	+
710	882	32	-
710	907	32	+
710	978	32	-
710	988	32	+
711	755	32	+
711	795	29	-
711	833	32	-
711	862	32	-
711	865	30	-
711	880	32	+
711	895	31	-
711	966	32	-
711	974	32	+
712	731	32	-
712	840	32	-
712	911	32	+
712	953	32	-
713	747	32	+
713	749	32	+
713	769	32	-
713	775	32	+
713	776	32	+
713	778	32	-
713	787	32	+
713	841	32	+
713	910	29	+
713	931	32	-
714	813	32	+
714	877	32	+
714	908	32	-
714	916	32	+
714	967	32	-
714	995	32	-
715	746	32	+
715	784	32	+
715	784	32	-
715	786	32	+
715	848	32	+
715	855	32	+
715	982	32	+
715	1001	32	+
716	725	32	-
716	870	31	-
716	975	30	+
717	977	32	+
718	755	32	-
718	833	32	+
718	862	32	+
718	880	31	-
718	974	30	-
719	732	32	-
719	865	29	-
719	956	32	+
720	983	31	+
720	990	32	+
721	811	32	+
721	831	32	+
721	973	32	+
722	788	29	-
722	796	32	+
722	805	32	+
722	872	32	-
722	883	30	-
722	884	32	+
723	816	30	-
724	726	32	+
724	757	32	+
724	798	32	+
724	867	32	+
724	991	32	+
725	771	32	+
725	772	32	-
725	825	32	+
725	870	32	+
725	975	31	-
726	757	32	+
726	798	32	+
726	867	32	+
726	991	31	+
727	743	31	-
727	746	32	+
727	828	30	-
727	842	31	-
727	848	32	+
727	852	32	-
727	877	32	+
727	916	32	+
727	957	32	+
728	797	32	+
728	968	32	-
729	973	32	+
729	981	32	+
730	832	32	+
731	765	32	+
731	840	31	+
731	911	32	-
731	953	32	+
732	865	32	+
732	956	32	-
732	997	32	-
734	760	32	+
734	778	28	+
734	801	32	+
734	863	32	+
734	887	32	+
734	920	31	-
734	944	31	+
734	946	32	+
734	949	32	+
734	962	32	+
734	969	32	+
735	761	32	+
735	849	29	+
735	856	32	-
736	815	32	+
736	819	32	+
736	896	32	-
736	900	32	+
736	930	32	+
736	947	32	+
736	992	32	-
737	986	32	+
738	754	32	+
738	859	32	+
738	882	32	-
738	907	32	+
738	931	29	+
738	978	32	-
738	988	31	+
740	776	32	+
740	787	29	+
741	745	32	+
741	759	29	-
741	823	32	-
741	845	32	+
741	891	32	-
741	963	32	+
742	781	32	-
742	792	32	+
742	792	32	-
742	850	32	-
742	906	32	-
743	745	32	+
743	746	32	-
743	765	32	-
743	786	32	-
743	840	30	+
743	842	31	+
743	855	30	-
743	888	29	-
743	955	32	-
743	1001	32	-
744	821	32	-
744	822	32	+
744	834	32	-
744	905	32	+
744	934	32	-
744	989	32	-
745	786	32	-
745	823	29	-
745	890	32	+
745	891	32	-
745	963	32	+
746	784	32	+
746	786	32	+
746	842	31	-
746	848	32	+
746	855	32	+
746	890	29	-
746	916	32	+
746	982	32	+
747	749	32	+
747	769	32	-
747	775	32	+
747	776	32	+
747	787	32	+
747	841	32	+
747	931	32	-
749	769	32	-
749	775	32	+
749	776	32	+
749	778	32	-
749	787	31	+
749	841	32	+
749	910	30	+
749	931	32	-
751	889	32	+
751	972	32	+
752	880	32	+
752	924	32	-
752	940	32	-
752	974	32	+
752	987	32	-
753	770	32	+
753	774	31	-
753	807	32	-
753	826	31	-
753	899	32	+
754	859	32	+
754	882	32	-
754	907	32	+
754	978	32	-
754	988	32	+
755	795	32	-
755	862	32	-
755	880	32	+
755	895	32	-
755	966	32	-
755	974	30	+
756	809	32	+
756	873	32	+
756	932	32	+
757	798	32	+
757	867	32	+
757	991	32	+
758	820	32	-
758	909	32	-
758	915	32	+
758	929	32	-
759	823	32	+
759	845	32	-
759	860	32	-
759	868	32	+
760	863	32	+
760	887	32	+
760	946	32	+
760	949	32	+
760	962	32	+
760	969	32	+
761	794	32	+
761	849	32	+
761	856	32	-
761	864	32	-
761	1003	31	-
762	802	32	+
762	878	32	-
762	971	30	+
763	824	29	+
763	941	32	+
764	836	32	+
764	936	30	+
764	980	32	+
764	985	32	+
765	839	32	+
765	888	30	+
765	898	32	-
765	911	32	-
765	953	32	+
765	955	32	+
765	1001	32	+
766	777	32	+
767	861	32	+
768	819	32	+
769	775	32	-
769	776	32	-
769	778	32	+
769	841	32	-
769	875	32	-
769	931	32	+
769	997	32	+
769	999	32	-
770	774	32	-
770	807	32	-
770	826	32	-
770	852	29	-
770	899	32	+
771	772	32	-
771	825	32	+
771	870	32	+
771	975	32	-
772	975	31	+
773	897	32	+
774	807	32	+
774	826	32	+
774	899	32	-
774	1000	31	-
775	776	32	+
775	778	30	-
775	787	32	+
775	841	32	+
775	910	32	+
775	931	32	-
775	997	31	-
776	778	28	-
776	787	32	+
776	841	32	+
776	931	32	-
778	787	32	-
778	841	32	-
778	875	32	-
778	910	32	-
778	927	29	-
778	931	31	+
778	997	32	+
778	999	30	-
779	806	32	+
779	874	32	+
779	922	32	-
779	951	32	+
780	918	30	+
780	978	31	+
781	792	32	+
781	792	32	-
781	850	32	+
781	906	32	+
782	800	32	+
782	914	32	+
784	786	32	+
784	786	32	-
784	848	32	+
784	848	32	-
784	855	32	+
784	855	32	-
784	982	32	+
784	982	32	-
785	812	32	-
785	839	31	+
785	857	32	+
785	888	32	+
785	898	32	-
786	848	32	+
786	855	32	+
786	890	32	-
786	916	32	+
786	982	32	+
787	841	32	+
787	931	29	-
788	796	32	-
788	805	32	-
788	872	32	+
788	883	32	+
788	884	32	-
789	925	32	+
789	945	32	+
790	994	31	+
791	795	29	-
791	966	32	-
791	979	32	+
791	979	32	-
792	850	29	-
792	906	31	+
792	906	32	-
793	921	32	+
793	972	29	+
793	998	32	+
794	856	32	-
794	1003	30	-
795	862	29	+
795	966	31	+
795	974	32	-
795	979	31	-
796	805	32	+
796	872	32	-
796	883	30	-
796	884	32	+
797	958	32	+
797	968	32	-
798	867	32	+
798	991	32	+
799	880	30	+
799	924	32	-
799	987	32	-
800	914	32	+
801	863	32	+
801	920	30	-
801	949	32	+
801	962	31	+
801	965	32	+
801	969	31	+
802	878	32	-
802	917	32	+
802	961	31	-
802	971	32	+
803	836	32	-
803	847	32	-
803	853	32	+
803	936	32	-
803	943	32	+
803	980	32	-
803	985	32	-
804	918	32	-
805	872	32	-
805	883	32	-
805	884	32	+
806	874	31	+
806	922	32	-
806	951	32	+
807	826	31	+
807	899	32	-
807	1000	31	-
809	873	32	+
809	932	32	+
810	994	30	+
811	831	32	+
811	973	32	+
811	985	29	+
811	1002	32	-
812	839	32	-
812	888	32	-
812	898	32	+
813	877	32	+
813	908	32	-
813	916	31	+
813	957	32	+
813	967	32	-
813	995	32	-
814	858	32	+
814	992	29	+
815	896	32	-
815	930	30	+
815	947	32	+
815	947	32	-
815	992	32	-
817	881	29	+
818	954	32	+
819	896	32	-
820	909	32	+
820	915	32	-
820	929	32	+
821	822	32	-
821	834	32	+
821	905	32	-
821	934	32	+
821	989	32	+
822	834	32	-
822	905	32	+
822	934	29	-
822	989	32	-
823	845	32	-
823	862	28	+
823	868	32	+
823	891	32	+
823	963	30	-
824	941	32	+
825	870	32	+
825	889	32	-
825	975	32	-
826	899	29	-
826	1000	30	-
827	976	30	+
828	842	32	+
828	890	31	+
828	916	32	-
829	933	32	+
831	973	32	+
831	981	29	+
833	974	32	-
834	905	32	-
834	934	32	+
834	989	32	+
836	936	32	+
836	980	32	+
836	985	32	+
837	838	29	+
837	1002	28	+
838	950	32	+
838	1002	32	+
839	857	32	+
839	888	32	+
839	898	32	-
839	955	32	+
839	1001	32	+
840	911	32	-
840	953	32	+
841	910	30	+
841	931	32	-
842	848	32	-
842	873	32	-
842	890	32	+
842	979	32	+
842	982	32	-
843	844	32	+
843	885	32	-
843	900	32	+
844	885	28	-
844	976	32	+
845	868	32	-
845	891	32	-
845	963	29	+
846	984	32	+
847	849	32	-
847	853	32	-
847	871	32	+
847	901	32	-
848	855	32	+
848	982	29	+
849	871	32	-
849	901	32	+
849	993	32	-
850	906	32	+
851	918	32	+
852	957	29	-
853	993	30	-
854	860	31	+
854	868	32	-
855	873	32	+
855	890	30	-
855	982	32	+
856	864	32	+
856	986	28	-
856	1003	30	+
857	888	32	+
857	898	32	-
857	955	32	+
858	921	32	+
858	992	32	+
859	882	32	-
859	907	32	+
859	978	32	-
859	988	32	+
860	868	32	-
862	966	32	+
862	974	30	-
862	979	32	-
863	887	32	+
863	920	32	-
863	946	30	+
863	949	32	+
863	962	32	+
863	965	32	+
863	969	32	+
866	885	32	-
867	991	32	+
869	913	32	+
869	923	32	+
871	901	30	-
871	993	32	+
872	883	32	+
872	884	32	-
873	932	32	+
874	922	32	-
875	910	32	+
875	919	32	-
875	927	32	+
875	931	31	-
875	997	32	-
875	999	32	+
876	895	32	+
876	903	32	-
876	904	32	-
876	952	32	+
877	908	32	-
877	916	32	+
877	957	29	+
877	967	32	-
877	995	32	-
878	917	32	-
878	961	32	+
878	971	32	-
879	944	32	+
880	895	29	-
880	924	32	-
880	940	32	-
880	966	32	-
880	967	30	+
880	974	30	+
880	987	32	-
881	948	32	+
882	907	32	-
882	978	32	+
882	988	32	-
883	884	32	-
886	976	32	+
887	920	32	-
887	946	32	+
887	949	32	+
887	962	32	+
887	969	32	+
888	898	32	-
888	955	32	+
888	1001	32	+
889	972	32	+
891	963	32	-
892	894	31	+
893	996	32	+
895	904	32	-
895	952	32	+
895	966	32	+
898	955	32	-
901	993	32	-
903	904	29	+
903	952	29	-
905	934	28	-
905	989	32	-
906	915	32	+
906	948	32	+
907	978	32	-
907	988	32	+
908	916	32	-
908	967	32	+
908	995	32	+
909	915	32	-
909	929	32	+
910	927	32	+
910	931	32	-
911	953	32	-
912	916	32	+
912	957	31	+
913	923	32	+
915	929	32	-
915	948	32	+
916	925	29	-
916	957	32	+
917	971	32	+
919	927	32	-
919	997	32	+
919	999	32	-
920	946	32	-
920	949	29	-
920	962	32	-
920	969	32	-
921	942	30	+
921	998	32	+
922	951	32	-
924	940	32	+
924	987	32	+
925	945	32	+
925	957	32	-
926	970	32	+
927	931	32	-
927	997	32	-
927	999	32	+
930	947	31	+
930	992	32	-
931	997	32	+
931	999	32	-
934	989	32	+
936	980	32	+
936	985	32	+
939	954	32	+
940	987	32	+
942	961	32	-
942	972	30	+
942	998	31	+
946	962	32	+
946	969	32	+
947	992	29	-
949	962	31	+
949	965	32	+
949	969	31	+
950	1002	32	+
955	1001	32	+
956	997	32	+
957	982	32	+
958	968	32	-
962	969	32	+
965	969	31	+
966	974	32	-
966	979	32	-
967	995	32	+
973	981	32	+
973	995	32	+
974	987	30	-
978	988	32	-
980	985	32	+
983	990	32	+
985	1002	29	-
997	999	31	-
