190	320	32	11364.0
557	701	32	12326.0
479	632	32	4990.0
571	866	32	8315.0
145	619	32	9670.0
42	368	32	10648.0
769	898	32	6955.0
102	630	32	10349.0
580	778	32	10977.0
781	799	32	9572.0
40	118	32	1952.0
289	572	32	9736.0
838	954	32	6012.0
756	866	32	9130.0
234	338	32	3335.0
184	972	32	6351.0
305	324	32	8453.0
414	879	32	7045.0
141	380	32	7310.0
2	464	32	4757.0
2	703	32	4764.0
464	703	32	6130.0
39	217	32	10280.0
861	965	32	11476.0
158	748	32	4389.0
601	800	32	11071.0
866	990	32	8847.0
463	544	32	8297.0
64	985	32	10845.0
106	273	32	1599.0
642	964	32	9918.0
733	759	32	7929.0
733	886	32	13242.0
759	886	32	7901.0
258	843	32	9588.0
354	555	32	11706.0
321	326	32	7600.0
628	918	32	1650.0
423	525	32	12639.0
287	895	32	4811.0
204	617	32	9528.0
584	686	32	10876.0
84	871	32	5818.0
211	766	32	8696.0
376	783	32	3200.0
540	815	32	10019.0
240	741	32	8332.0
240	791	32	6845.0
741	791	32	6902.0
413	682	32	8831.0
17	314	32	11265.0
193	456	32	12300.0
617	640	32	10296.0
114	995	32	7183.0
12	351	32	8427.0
33	753	32	7261.0
555	706	32	11988.0
70	855	32	5080.0
13	417	32	9087.0
13	993	32	9249.0
417	993	32	11792.0
169	416	32	5001.0
361	705	32	8083.0
29	967	32	11254.0
286	328	32	9659.0
228	451	32	5112.0
314	857	32	6446.0
158	598	32	4264.0
267	650	32	7677.0
607	934	32	11660.0
299	735	32	8042.0
97	759	32	2733.0
516	933	32	15013.0
327	495	32	6715.0
100	755	32	8535.0
61	289	32	6133.0
180	637	32	4503.0
751	879	32	8060.0
458	785	32	10876.0
619	989	32	9500.0
358	579	32	9087.0
172	788	32	7248.0
449	797	32	10389.0
139	958	32	8990.0
649	677	32	10364.0
494	697	32	3777.0
456	760	32	5443.0
33	305	32	8055.0
33	709	32	7732.0
305	709	32	8343.0
336	791	32	6900.0
375	874	32	9201.0
103	544	32	6535.0
366	489	32	10721.0
157	246	32	7571.0
292	913	32	9998.0
344	944	32	11524.0
472	912	32	7861.0
679	937	32	9680.0
871	882	32	6572.0
70	651	32	5131.0
280	485	32	9295.0
120	650	32	3708.0
39	977	32	4098.0
603	752	32	6975.0
40	836	32	12797.0
668	775	32	6929.0
397	671	32	11170.0
427	925	32	4710.0
64	283	32	11428.0
197	705	32	7923.0
788	944	32	10816.0
298	806	32	10450.0
50	623	32	7365.0
304	596	32	10086.0
11	888	32	6287.0
924	944	32	11770.0
582	978	32	11061.0
163	261	32	8009.0
717	832	32	6934.0
378	533	32	8801.0
425	594	32	16358.0
89	806	32	8830.0
410	700	32	3265.0
137	968	32	7424.0
51	687	32	7940.0
239	623	32	5342.0
239	984	32	12174.0
623	984	32	6839.0
93	456	32	6011.0
235	624	32	10450.0
146	198	32	6248.0
58	955	32	19443.0
915	956	32	11690.0
173	968	32	10906.0
225	526	32	5543.0
225	754	32	5186.0
526	754	32	9999.0
298	447	32	10157.0
566	627	32	8425.0
413	414	32	14365.0
290	761	32	10236.0
778	950	32	15318.0
363	424	32	6169.0
286	351	32	13743.0
82	753	32	9106.0
582	820	32	5827.0
172	876	32	9143.0
160	834	32	10408.0
0	631	32	8201.0
194	625	32	16355.0
92	507	32	7782.0
497	603	32	3812.0
21	509	32	8905.0
15	599	32	8807.0
697	814	32	12872.0
697	946	32	7703.0
814	946	32	7703.0
711	910	32	8867.0
174	249	32	8219.0
288	958	32	1090.0
85	975	32	10448.0
110	791	32	11357.0
165	321	32	5119.0
232	373	32	10260.0
474	658	32	11097.0
21	969	32	8732.0
598	748	32	9077.0
140	966	32	13811.0
208	427	32	4657.0
935	979	32	10603.0
274	570	32	15767.0
23	316	32	6504.0
30	385	32	9650.0
81	705	32	7848.0
76	442	32	8656.0
554	565	32	9865.0
38	632	32	2351.0
605	754	32	9885.0
530	663	32	11938.0
795	804	32	11947.0
578	837	32	12639.0
485	688	32	13677.0
98	711	32	6758.0
611	688	32	13549.0
65	395	32	12126.0
544	924	32	9126.0
426	679	32	12252.0
64	736	32	11683.0
736	985	32	14453.0
425	994	32	14733.0
647	713	32	8913.0
384	714	32	11639.0
312	360	32	8471.0
30	57	32	7429.0
30	727	32	9691.0
57	727	32	7071.0
424	595	32	8666.0
364	591	32	16716.0
364	682	32	10872.0
364	973	32	16309.0
591	682	32	10847.0
591	973	32	16262.0
682	973	32	10723.0
362	935	32	12316.0
158	712	32	3768.0
233	905	32	15307.0
26	533	32	6982.0
420	722	32	11661.0
132	503	32	7785.0
680	914	32	10491.0
362	802	32	3264.0
537	728	32	7795.0
197	361	32	10510.0
504	743	32	8799.0
677	841	32	10219.0
1	384	32	6472.0
1	660	32	7421.0
384	660	32	11585.0
878	943	32	13464.0
352	398	32	7992.0
376	785	32	10154.0
132	787	32	8228.0
173	945	32	8899.0
266	711	32	8788.0
111	637	32	8074.0
341	817	32	13863.0
360	370	32	7729.0
237	276	32	11745.0
483	711	32	8071.0
228	365	32	5092.0
365	451	32	7407.0
312	513	32	10659.0
27	190	32	8962.0
721	883	32	15019.0
421	537	32	8710.0
112	868	32	2888.0
155	468	32	12790.0
205	983	32	13132.0
338	352	32	2315.0
149	860	32	6809.0
564	984	32	8411.0
178	681	32	7142.0
479	700	32	4584.0
425	966	32	16517.0
458	854	32	9164.0
633	872	32	5491.0
134	286	32	5828.0
134	744	32	9661.0
286	744	32	14421.0
128	920	32	8063.0
421	728	32	8301.0
421	972	32	7685.0
728	972	32	7680.0
785	847	32	11394.0
458	660	32	11758.0
862	948	32	12532.0
391	724	32	11042.0
333	360	32	7255.0
32	524	32	4039.0
193	231	32	10770.0
591	879	32	8862.0
530	601	32	11315.0
159	649	32	7462.0
113	574	32	11374.0
452	723	32	8232.0
620	735	32	12160.0
766	860	32	8708.0
262	616	32	11850.0
70	235	32	7728.0
70	337	32	8973.0
235	337	32	8100.0
84	658	32	8528.0
346	918	32	9651.0
105	420	32	8115.0
190	731	32	15550.0
745	783	32	6513.0
740	962	32	6186.0
355	625	32	17287.0
167	338	32	3335.0
167	592	32	3796.0
338	592	32	11683.0
376	384	32	6579.0
68	587	32	8239.0
39	850	32	5376.0
700	881	32	4843.0
518	632	32	9962.0
513	631	32	13868.0
598	675	32	7294.0
598	909	32	3743.0
675	909	32	8836.0
437	528	32	11912.0
437	559	32	11623.0
437	699	32	11009.0
528	559	32	18836.0
528	699	32	11883.0
559	699	32	11881.0
157	504	32	6781.0
246	504	32	8581.0
127	655	32	6505.0
154	517	32	11393.0
647	876	32	10727.0
89	644	32	8621.0
61	579	32	7577.0
28	580	32	11128.0
199	207	32	10044.0
6	184	32	11502.0
290	970	32	12909.0
88	194	32	14557.0
334	391	32	7073.0
357	651	32	11396.0
16	290	32	8158.0
645	795	32	12873.0
33	82	32	7091.0
33	324	32	7955.0
33	906	32	7992.0
82	324	32	8250.0
82	709	32	8915.0
82	906	32	7775.0
324	709	32	8995.0
324	906	32	8786.0
709	906	32	9626.0
266	483	32	13226.0
770	824	32	9286.0
220	588	32	8808.0
175	855	32	9459.0
178	267	32	7610.0
141	369	32	7420.0
43	960	32	10506.0
526	591	32	5543.0
135	280	32	7964.0
319	721	32	12062.0
225	605	32	5063.0
225	710	32	11237.0
605	710	32	5255.0
374	587	32	10866.0
332	486	32	10941.0
330	378	32	8775.0
1	745	32	5479.0
536	999	32	7849.0
347	656	32	10242.0
380	626	32	9452.0
312	631	32	8074.0
113	519	32	13020.0
238	245	32	5183.0
295	504	32	7714.0
586	748	32	10237.0
100	613	32	10060.0
100	872	32	7043.0
613	872	32	6337.0
290	801	32	11192.0
76	454	32	8804.0
222	853	32	10265.0
234	965	32	13092.0
368	671	32	9282.0
211	331	32	10304.0
424	865	32	4945.0
172	812	32	9084.0
394	851	32	7151.0
217	235	32	10069.0
198	555	32	11071.0
128	393	32	7371.0
190	864	32	12676.0
948	968	32	4151.0
835	935	32	11449.0
308	879	32	8451.0
236	322	32	9216.0
352	832	32	8233.0
155	558	32	13178.0
314	991	32	12109.0
272	374	32	11597.0
583	748	32	9400.0
675	998	32	8828.0
399	952	32	14126.0
137	886	32	7383.0
276	736	32	12454.0
199	643	32	6183.0
24	317	32	7674.0
598	775	32	6425.0
627	940	32	8732.0
456	561	32	7148.0
820	933	32	13518.0
817	953	32	11265.0
31	449	32	8742.0
0	360	32	4988.0
0	495	32	8006.0
360	495	32	7216.0
413	605	32	5046.0
824	869	32	10798.0
292	781	32	10257.0
217	624	32	5896.0
58	271	32	12825.0
235	265	32	13135.0
490	966	32	1897.0
512	944	32	10948.0
548	974	32	11317.0
504	703	32	3956.0
136	983	32	8029.0
246	743	32	8933.0
87	603	32	5914.0
370	631	32	13868.0
733	964	32	3229.0
124	740	32	7224.0
187	700	32	4795.0
839	952	32	12828.0
532	884	32	11296.0
89	416	32	8475.0
468	760	32	12193.0
179	320	32	9560.0
328	351	32	9786.0
356	832	32	10261.0
251	318	32	8287.0
272	300	32	17348.0
103	450	32	6882.0
153	879	32	7872.0
675	746	32	3166.0
414	682	32	8808.0
737	753	32	8696.0
324	987	32	7666.0
306	513	32	4369.0
277	658	32	12219.0
30	584	32	9802.0
49	951	32	5536.0
6	421	32	1800.0
236	293	32	8770.0
214	596	32	15825.0
369	433	32	8173.0
601	642	32	12749.0
452	756	32	12156.0
43	403	32	10524.0
403	960	32	12207.0
162	887	32	9421.0
464	901	32	8545.0
429	684	32	10655.0
204	314	32	6506.0
124	844	32	7566.0
89	825	32	9918.0
20	220	32	8206.0
384	458	32	11532.0
318	335	32	8463.0
552	740	32	8516.0
407	595	32	3831.0
364	879	32	11299.0
244	958	32	10606.0
724	869	32	11191.0
344	402	32	5953.0
746	774	32	8108.0
454	811	32	11966.0
862	886	32	7078.0
419	524	32	5184.0
575	694	32	10023.0
458	783	32	8982.0
783	785	32	7720.0
173	733	32	11132.0
503	882	32	7417.0
79	795	32	11493.0
81	548	32	5591.0
50	239	32	4383.0
110	741	32	8869.0
198	354	32	10987.0
926	998	32	8178.0
113	923	32	11303.0
233	390	32	11221.0
113	986	32	12581.0
352	356	32	7921.0
450	638	32	7362.0
237	985	32	13991.0
308	372	32	8418.0
504	901	32	5250.0
504	904	32	10814.0
901	904	32	1699.0
582	659	32	9129.0
84	474	32	8320.0
628	930	32	10919.0
11	386	32	6237.0
846	870	32	10300.0
476	614	32	10317.0
410	518	32	10952.0
165	765	32	4980.0
423	764	32	15447.0
111	953	32	8532.0
510	552	32	8712.0
194	749	32	13194.0
97	800	32	8377.0
548	607	32	13166.0
60	694	32	8584.0
60	940	32	8858.0
694	940	32	9496.0
620	697	32	10707.0
534	877	32	10561.0
598	712	32	8760.0
170	597	32	7867.0
773	806	32	8798.0
15	738	32	8892.0
176	804	32	9951.0
134	436	32	9205.0
436	744	32	10980.0
158	226	32	2833.0
158	926	32	3357.0
226	926	32	4862.0
730	839	32	10136.0
358	440	32	9003.0
74	188	32	13248.0
61	784	32	7555.0
163	248	32	7871.0
0	370	32	7912.0
339	846	32	13682.0
180	938	32	9905.0
474	503	32	6997.0
961	968	32	12046.0
802	852	32	14106.0
272	831	32	8396.0
159	841	32	7869.0
4	8	32	7440.0
128	997	32	7550.0
149	766	32	6757.0
311	369	32	7036.0
574	986	32	9802.0
614	662	32	13132.0
183	671	32	9671.0
132	658	32	8014.0
658	787	32	12999.0
820	833	32	17243.0
218	403	32	13509.0
375	748	32	6477.0
490	907	32	7004.0
116	180	32	6335.0
201	547	32	11277.0
657	976	32	10896.0
203	838	32	5736.0
146	354	32	6406.0
72	883	32	8631.0
33	858	32	7977.0
324	858	32	8714.0
81	607	32	7618.0
81	934	32	7697.0
352	717	32	8532.0
888	971	32	9750.0
207	244	32	11786.0
600	875	32	10258.0
655	789	32	9012.0
258	424	32	2391.0
493	808	32	2022.0
385	584	32	12123.0
429	918	32	9080.0
34	359	32	5444.0
287	461	32	4800.0
635	922	32	8859.0
24	382	32	6779.0
80	475	32	12568.0
174	853	32	8202.0
254	589	32	13208.0
158	375	32	9512.0
158	874	32	6889.0
232	487	32	11855.0
514	809	32	13331.0
684	930	32	4162.0
312	367	32	8479.0
387	716	32	11604.0
698	780	32	10803.0
82	987	32	8849.0
343	962	32	13081.0
253	907	32	6767.0
285	592	32	11304.0
571	723	32	7168.0
512	924	32	10795.0
351	744	32	14961.0
433	650	32	8835.0
549	921	32	9578.0
401	914	32	12044.0
103	924	32	6460.0
746	775	32	8090.0
243	400	32	15668.0
273	895	32	4811.0
178	626	32	9452.0
625	696	32	14017.0
733	945	32	9446.0
801	916	32	12277.0
31	990	32	8883.0
714	854	32	10455.0
3	99	32	6856.0
471	599	32	10612.0
862	968	32	5730.0
74	680	32	11536.0
613	755	32	11709.0
783	847	32	3203.0
102	262	32	12501.0
548	934	32	10002.0
372	473	32	10035.0
372	751	32	8125.0
473	751	32	7141.0
599	738	32	11076.0
38	881	32	2402.0
583	712	32	6294.0
712	748	32	9528.0
89	447	32	8364.0
62	511	32	5259.0
625	749	32	13662.0
598	840	32	9221.0
759	961	32	8130.0
514	655	32	7651.0
178	194	32	1754.0
496	676	32	10639.0
0	508	32	7685.0
373	383	32	9539.0
3	282	32	2784.0
200	307	32	8083.0
785	854	32	13333.0
511	628	32	10732.0
63	689	32	7893.0
456	802	32	8714.0
320	864	32	10359.0
143	451	32	3940.0
204	568	32	4032.0
181	955	32	15288.0
234	592	32	3799.0
234	717	32	1675.0
592	717	32	1657.0
171	479	32	5052.0
54	263	32	4825.0
527	613	32	11460.0
216	607	32	10780.0
6	830	32	9233.0
886	961	32	13057.0
337	624	32	8592.0
490	708	32	8349.0
660	785	32	10793.0
473	590	32	9568.0
267	936	32	4062.0
20	386	32	8174.0
155	760	32	14025.0
157	821	32	7570.0
71	376	32	8114.0
71	660	32	5829.0
376	660	32	6326.0
505	659	32	9085.0
854	981	32	8181.0
557	617	32	10827.0
319	804	32	3263.0
324	753	32	8136.0
148	150	32	1378.0
206	838	32	8741.0
33	737	32	8194.0
300	831	32	8396.0
171	518	32	11829.0
542	670	32	7648.0
276	283	32	11805.0
20	750	32	7502.0
385	957	32	11035.0
83	589	32	5417.0
198	765	32	2680.0
187	881	32	8167.0
124	552	32	7315.0
70	217	32	3249.0
743	904	32	9614.0
319	645	32	7677.0
125	849	32	6247.0
376	457	32	7904.0
395	713	32	4207.0
443	504	32	1944.0
387	473	32	1066.0
292	799	32	9689.0
621	853	32	9998.0
3	581	32	6752.0
580	950	32	13491.0
150	252	32	1176.0
237	688	32	11640.0
278	497	32	5537.0
135	469	32	8203.0
407	975	32	4532.0
392	921	32	10876.0
476	612	32	8600.0
157	743	32	6755.0
81	213	32	5553.0
217	265	32	10028.0
162	206	32	9522.0
589	682	32	5584.0
301	339	32	14698.0
184	537	32	7401.0
235	850	32	8442.0
44	668	32	6711.0
583	586	32	9319.0
165	189	32	5026.0
359	604	32	5533.0
479	977	32	3848.0
623	979	32	7356.0
424	467	32	5695.0
293	828	32	10933.0
691	775	32	7398.0
70	1002	32	5382.0
193	848	32	12193.0
79	645	32	11519.0
683	775	32	13437.0
599	634	32	9673.0
149	331	32	6607.0
96	467	32	4415.0
96	664	32	4427.0
96	842	32	4588.0
467	664	32	5597.0
467	842	32	5177.0
664	842	32	5177.0
764	838	32	2311.0
102	493	32	13081.0
471	606	32	9250.0
224	845	32	11840.0
68	374	32	8189.0
96	316	32	4556.0
96	424	32	4393.0
316	424	32	9519.0
274	303	32	9123.0
327	513	32	7141.0
510	844	32	9810.0
572	887	32	10092.0
497	536	32	3722.0
979	984	32	6144.0
32	419	32	4281.0
894	951	32	7641.0
552	962	32	3464.0
603	622	32	9365.0
527	872	32	7999.0
4	215	32	12404.0
339	870	32	10876.0
21	925	32	8982.0
31	723	32	7028.0
31	866	32	8566.0
723	866	32	6712.0
354	706	32	10791.0
56	562	32	8236.0
492	652	32	10731.0
723	990	32	7441.0
111	180	32	2658.0
103	463	32	6852.0
560	1001	32	8943.0
316	595	32	5991.0
126	409	32	10087.0
389	507	32	10893.0
162	856	32	9849.0
745	854	32	12968.0
783	854	32	6126.0
521	566	32	8697.0
31	571	32	8518.0
273	494	32	4188.0
449	866	32	9455.0
622	898	32	9016.0
675	874	32	12416.0
376	847	32	9877.0
391	770	32	8448.0
875	894	32	10054.0
90	407	32	2385.0
83	879	32	6891.0
140	907	32	13607.0
23	258	32	6876.0
178	311	32	10511.0
178	650	32	8826.0
311	650	32	7012.0
360	508	32	5261.0
812	876	32	11416.0
153	371	32	5141.0
16	65	32	2583.0
646	909	32	9329.0
263	269	32	8277.0
620	653	32	3015.0
42	671	32	11357.0
64	237	32	11593.0
375	712	32	5940.0
849	905	32	11244.0
81	771	32	6396.0
723	797	32	7067.0
341	678	32	13967.0
678	817	32	15245.0
597	748	32	2735.0
385	727	32	12047.0
452	866	32	7855.0
445	578	32	6838.0
295	703	32	6522.0
431	474	32	8863.0
150	879	32	6771.0
553	772	32	10456.0
40	445	32	5954.0
39	235	32	13360.0
71	785	32	8265.0
770	869	32	8373.0
100	527	32	10199.0
458	981	32	10124.0
783	981	32	7982.0
542	892	32	7404.0
530	948	32	9916.0
97	733	32	6918.0
187	479	32	5052.0
84	431	32	8477.0
414	526	32	5536.0
929	946	32	4450.0
60	575	32	6173.0
153	751	32	5674.0
380	433	32	10861.0
659	978	32	9257.0
251	335	32	10586.0
729	831	32	8396.0
464	504	32	3494.0
408	654	32	13410.0
639	1000	32	13515.0
111	608	32	2119.0
226	375	32	4764.0
577	937	32	9680.0
178	433	32	11259.0
242	687	32	9179.0
421	980	32	9103.0
364	414	32	13101.0
745	847	32	10063.0
796	957	32	6682.0
201	535	32	13914.0
239	935	32	11125.0
312	370	32	9300.0
29	288	32	11391.0
164	797	32	5873.0
164	866	32	5480.0
797	866	32	7391.0
110	905	32	6793.0
571	990	32	8811.0
269	812	32	5633.0
588	888	32	9665.0
203	954	32	6993.0
557	568	32	14094.0
302	338	32	8855.0
145	989	32	8980.0
50	564	32	9471.0
6	810	32	9797.0
172	402	32	3442.0
172	924	32	7055.0
402	924	32	4941.0
122	535	32	6308.0
726	915	32	10146.0
596	837	32	5079.0
697	735	32	14243.0
102	477	32	11973.0
764	856	32	1078.0
498	849	32	10197.0
63	551	32	7867.0
407	826	32	8044.0
10	796	32	11499.0
10	957	32	8290.0
153	252	32	4139.0
153	364	32	4483.0
153	682	32	2517.0
252	364	32	12553.0
252	682	32	10872.0
623	835	32	8031.0
623	935	32	8032.0
592	986	32	3965.0
390	780	32	10383.0
885	975	32	11583.0
719	982	32	15040.0
206	887	32	10642.0
94	554	32	6622.0
726	956	32	11136.0
356	717	32	6809.0
551	943	32	8962.0
24	446	32	6887.0
324	648	32	7875.0
295	901	32	8104.0
703	901	32	6198.0
61	440	32	7636.0
362	564	32	10557.0
245	299	32	10463.0
163	489	32	7988.0
465	742	32	3169.0
121	813	32	7861.0
572	838	32	8455.0
838	887	32	11909.0
811	897	32	15659.0
624	917	32	10173.0
875	951	32	7641.0
22	312	32	6798.0
484	890	32	11657.0
578	596	32	5888.0
10	727	32	9187.0
320	731	32	11208.0
50	935	32	9537.0
519	923	32	9598.0
819	908	32	12546.0
760	793	32	12284.0
70	265	32	3059.0
38	187	32	2430.0
38	518	32	2382.0
187	518	32	8098.0
217	337	32	3533.0
167	965	32	9984.0
655	809	32	8240.0
263	441	32	12104.0
263	876	32	3842.0
441	876	32	4041.0
113	939	32	12526.0
208	604	32	7331.0
26	378	32	7199.0
561	942	32	7948.0
109	487	32	8364.0
65	956	32	12020.0
637	938	32	1347.0
270	888	32	9650.0
409	928	32	12529.0
244	435	32	10312.0
433	936	32	5264.0
561	802	32	8015.0
561	852	32	7841.0
596	836	32	11372.0
233	698	32	11783.0
390	698	32	12383.0
300	729	32	13785.0
245	494	32	2856.0
245	946	32	7703.0
494	946	32	2070.0
526	605	32	10737.0
490	654	32	8323.0
654	966	32	4256.0
386	588	32	9806.0
109	260	32	8009.0
218	534	32	10644.0
677	889	32	9456.0
575	823	32	8572.0
150	497	32	1676.0
161	545	32	8238.0
71	854	32	8123.0
548	771	32	14026.0
128	941	32	8047.0
262	477	32	11968.0
27	179	32	9501.0
474	882	32	10931.0
369	936	32	10802.0
473	973	32	7123.0
124	541	32	7400.0
598	746	32	5396.0
746	748	32	7908.0
291	919	32	3787.0
187	632	32	9208.0
12	328	32	8299.0
267	433	32	7611.0
327	631	32	6893.0
886	968	32	12283.0
650	681	32	4969.0
313	498	32	4236.0
406	765	32	5775.0
449	756	32	13601.0
36	742	32	7776.0
521	575	32	7209.0
218	960	32	12207.0
564	979	32	9938.0
594	603	32	7029.0
413	879	32	7077.0
477	616	32	10448.0
589	710	32	5657.0
226	229	32	5029.0
589	591	32	5548.0
382	446	32	11967.0
370	495	32	10810.0
125	390	32	9134.0
170	775	32	5597.0
781	913	32	11200.0
19	930	32	11021.0
311	380	32	7733.0
573	742	32	12002.0
504	821	32	8517.0
835	979	32	10303.0
172	647	32	8971.0
172	915	32	1970.0
647	915	32	2794.0
876	915	32	5858.0
160	476	32	9241.0
476	834	32	9512.0
10	584	32	10788.0
10	686	32	13177.0
603	898	32	10236.0
757	914	32	10516.0
295	443	32	4728.0
261	489	32	10700.0
111	531	32	8382.0
220	750	32	7887.0
184	421	32	6125.0
161	890	32	8747.0
291	297	32	3551.0
285	349	32	10080.0
153	473	32	8557.0
151	714	32	8538.0
447	773	32	10011.0
56	268	32	8216.0
295	904	32	4182.0
371	590	32	6841.0
303	758	32	7235.0
709	753	32	9045.0
735	929	32	4428.0
247	427	32	4657.0
10	385	32	13014.0
375	583	32	2758.0
160	662	32	10204.0
234	282	32	11717.0
29	496	32	11157.0
276	985	32	12336.0
666	707	32	3928.0
119	833	32	16055.0
333	515	32	8713.0
262	755	32	3015.0
524	947	32	7272.0
83	754	32	5186.0
30	796	32	6932.0
712	746	32	6167.0
526	879	32	3337.0
417	655	32	10510.0
445	949	32	8243.0
2	901	32	4879.0
334	770	32	7350.0
28	950	32	13643.0
185	213	32	4463.0
241	720	32	12587.0
238	620	32	6118.0
373	487	32	10488.0
530	733	32	3759.0
472	635	32	12320.0
402	767	32	9785.0
84	503	32	6580.0
503	871	32	9508.0
653	852	32	10744.0
174	621	32	7951.0
663	968	32	3923.0
257	315	32	9315.0
257	447	32	9115.0
315	447	32	13298.0
176	721	32	8812.0
424	664	32	5581.0
1	783	32	7518.0
384	783	32	8477.0
68	300	32	8297.0
539	856	32	6345.0
46	845	32	7794.0
316	842	32	5167.0
507	540	32	10722.0
507	815	32	13879.0
64	276	32	10522.0
157	904	32	6635.0
246	904	32	8756.0
181	718	32	10912.0
718	955	32	12660.0
586	598	32	5819.0
617	991	32	12954.0
699	927	32	12089.0
370	513	32	16922.0
868	922	32	4657.0
177	767	32	10565.0
408	708	32	8843.0
237	485	32	2687.0
547	715	32	12143.0
286	550	32	14352.0
97	601	32	11242.0
19	996	32	6886.0
763	984	32	4348.0
39	171	32	3588.0
39	632	32	1621.0
171	632	32	10998.0
136	224	32	7925.0
434	610	32	2382.0
528	927	32	15540.0
468	793	32	13418.0
182	759	32	7371.0
111	678	32	8617.0
908	928	32	12534.0
530	800	32	12210.0
574	923	32	8615.0
51	242	32	8057.0
51	652	32	8107.0
242	652	32	10124.0
313	430	32	9147.0
313	698	32	12200.0
430	698	32	9942.0
260	487	32	8472.0
800	964	32	10405.0
233	430	32	12927.0
233	780	32	11928.0
430	780	32	10963.0
312	333	32	10423.0
393	997	32	10794.0
442	897	32	11231.0
93	561	32	7080.0
118	596	32	4929.0
273	287	32	4865.0
433	626	32	7523.0
680	757	32	11255.0
282	965	32	9200.0
521	694	32	9713.0
400	517	32	12446.0
60	566	32	6057.0
505	582	32	10896.0
423	639	32	11121.0
206	289	32	10263.0
108	150	32	6865.0
108	371	32	6743.0
108	590	32	6052.0
150	371	32	7081.0
150	590	32	6463.0
706	776	32	12520.0
457	458	32	12040.0
608	953	32	9469.0
360	367	32	7786.0
603	966	32	4275.0
162	572	32	9357.0
647	812	32	12760.0
238	299	32	2918.0
229	675	32	9375.0
137	500	32	7039.0
46	205	32	7804.0
173	862	32	4952.0
568	701	32	12417.0
283	736	32	12909.0
467	636	32	10004.0
74	914	32	11574.0
158	229	32	7047.0
375	926	32	5931.0
76	465	32	8899.0
589	754	32	9999.0
710	754	32	5186.0
438	711	32	9593.0
371	591	32	1376.0
371	879	32	8879.0
131	698	32	4877.0
194	355	32	16536.0
266	438	32	9719.0
44	874	32	1862.0
239	362	32	5253.0
298	478	32	8217.0
161	303	32	8530.0
66	200	32	1246.0
66	388	32	1324.0
200	388	32	4008.0
83	413	32	12643.0
44	774	32	12848.0
801	970	32	11512.0
587	831	32	8392.0
135	611	32	8126.0
252	473	32	6387.0
583	774	32	8585.0
494	735	32	4358.0
494	814	32	4210.0
735	814	32	13783.0
126	928	32	9427.0
541	740	32	11193.0
176	666	32	4859.0
11	20	32	6221.0
371	372	32	8302.0
759	948	32	2494.0
317	340	32	9334.0
456	848	32	14089.0
618	917	32	11453.0
97	530	32	8135.0
97	948	32	11300.0
165	406	32	5098.0
288	496	32	10553.0
180	341	32	2727.0
40	596	32	12875.0
97	964	32	7796.0
187	977	32	8071.0
298	416	32	8471.0
730	764	32	1291.0
338	349	32	10225.0
192	595	32	4958.0
390	498	32	4350.0
499	741	32	8561.0
670	892	32	7443.0
598	774	32	9210.0
874	998	32	9817.0
267	626	32	6239.0
454	465	32	10135.0
206	579	32	1463.0
597	739	32	10862.0
642	733	32	14258.0
380	650	32	8622.0
114	892	32	6844.0
68	729	32	8257.0
34	925	32	2949.0
923	986	32	13889.0
288	643	32	10988.0
566	575	32	4577.0
853	859	32	10199.0
516	833	32	15254.0
258	467	32	10734.0
62	346	32	8266.0
39	265	32	13032.0
159	677	32	7510.0
176	645	32	11680.0
645	804	32	11624.0
68	272	32	8286.0
71	714	32	7094.0
182	886	32	10749.0
39	624	32	6253.0
892	995	32	7732.0
393	941	32	15950.0
753	987	32	8763.0
583	775	32	9601.0
178	369	32	10052.0
267	369	32	6846.0
105	396	32	8437.0
635	665	32	7865.0
189	555	32	2501.0
362	623	32	8246.0
360	513	32	8498.0
763	835	32	4230.0
28	805	32	13119.0
70	618	32	9009.0
265	618	32	3998.0
161	822	32	8707.0
120	267	32	3578.0
405	618	32	5274.0
239	979	32	4512.0
763	935	32	4230.0
548	715	32	3201.0
539	887	32	6614.0
458	714	32	11901.0
238	929	32	3432.0
877	960	32	12173.0
601	862	32	12339.0
431	882	32	9301.0
163	323	32	8024.0
334	771	32	5296.0
171	410	32	10866.0
635	693	32	9888.0
199	958	32	9318.0
462	764	32	14796.0
140	425	32	13872.0
206	572	32	10132.0
150	591	32	1007.0
110	780	32	6863.0
176	795	32	11258.0
1	981	32	5885.0
184	830	32	10637.0
405	624	32	7032.0
223	264	32	6023.0
624	779	32	6740.0
23	407	32	6849.0
126	520	32	8950.0
474	871	32	6237.0
298	644	32	10423.0
299	929	32	3925.0
449	723	32	8232.0
730	952	32	12715.0
615	860	32	19128.0
261	323	32	11062.0
362	979	32	10603.0
495	515	32	6585.0
3	338	32	7658.0
617	857	32	8645.0
286	343	32	7610.0
58	704	32	15663.0
675	926	32	8352.0
119	933	32	12622.0
570	867	32	14785.0
338	986	32	3238.0
78	924	32	10442.0
407	664	32	5597.0
587	729	32	9836.0
843	975	32	8073.0
774	909	32	4459.0
298	404	32	1801.0
331	860	32	10524.0
31	756	32	8818.0
712	786	32	9583.0
58	181	32	12833.0
431	503	32	10240.0
639	764	32	11595.0
87	594	32	4712.0
87	966	32	1784.0
594	966	32	16259.0
327	333	32	4652.0
347	896	32	10712.0
407	842	32	5177.0
13	655	32	8369.0
407	865	32	10747.0
471	738	32	11044.0
241	810	32	8313.0
37	746	32	5409.0
334	824	32	7463.0
334	869	32	6983.0
748	775	32	10934.0
27	864	32	9099.0
760	848	32	4162.0
491	891	32	11405.0
197	974	32	3261.0
203	423	32	3320.0
526	589	32	14115.0
327	508	32	6472.0
522	602	32	7973.0
208	247	32	7660.0
196	905	32	12343.0
584	957	32	9538.0
215	661	32	9701.0
163	366	32	7860.0
601	733	32	6546.0
89	169	32	4908.0
347	772	32	12573.0
173	961	32	10763.0
376	458	32	5349.0
719	989	32	9535.0
272	729	32	13785.0
3	592	32	7669.0
204	640	32	11615.0
2	295	32	3647.0
714	981	32	10124.0
248	415	32	3322.0
682	710	32	10781.0
440	784	32	7916.0
572	856	32	10501.0
856	887	32	13424.0
622	769	32	7061.0
583	746	32	8055.0
50	984	32	5506.0
923	939	32	10855.0
618	624	32	10223.0
618	779	32	4957.0
125	430	32	8945.0
596	949	32	6619.0
173	642	32	11787.0
565	732	32	10149.0
771	974	32	11130.0
728	980	32	10038.0
189	406	32	5908.0
132	474	32	6021.0
37	375	32	2261.0
4	903	32	12048.0
84	132	32	5437.0
557	813	32	6952.0
203	764	32	3686.0
652	687	32	10792.0
179	190	32	9708.0
81	361	32	7690.0
408	907	32	10162.0
360	738	32	6069.0
390	430	32	9242.0
582	988	32	5707.0
714	847	32	7517.0
322	828	32	10612.0
557	991	32	16577.0
496	967	32	10925.0
137	961	32	7618.0
332	549	32	10829.0
337	618	32	10227.0
3	302	32	7871.0
211	615	32	19167.0
241	830	32	10626.0
740	744	32	3449.0
177	402	32	9857.0
61	358	32	7571.0
666	721	32	11711.0
452	571	32	8136.0
70	175	32	4852.0
739	775	32	6435.0
820	988	32	16804.0
14	83	32	5529.0
720	980	32	4169.0
279	804	32	3973.0
452	990	32	14854.0
237	736	32	15679.0
109	373	32	7861.0
338	965	32	1336.0
972	980	32	8483.0
608	678	32	2585.0
642	886	32	11354.0
85	448	32	9986.0
243	803	32	14021.0
0	312	32	6653.0
649	889	32	9016.0
579	784	32	9812.0
663	948	32	12493.0
17	557	32	14045.0
108	519	32	3612.0
449	725	32	12804.0
725	797	32	9195.0
626	936	32	7080.0
92	389	32	7844.0
150	973	32	5389.0
10	30	32	8713.0
74	757	32	11776.0
601	948	32	12757.0
226	646	32	2332.0
226	909	32	2308.0
398	832	32	9926.0
371	751	32	7678.0
165	198	32	2074.0
192	316	32	5179.0
192	424	32	4986.0
82	737	32	8901.0
383	487	32	9876.0
102	613	32	4525.0
530	964	32	10405.0
601	964	32	10405.0
484	867	32	1706.0
694	762	32	9851.0
199	244	32	11837.0
206	539	32	4085.0
431	658	32	15648.0
60	762	32	8544.0
289	784	32	14119.0
114	542	32	7133.0
162	289	32	9511.0
200	877	32	4916.0
213	216	32	4807.0
173	759	32	7931.0
759	968	32	7929.0
44	583	32	9647.0
392	549	32	10940.0
299	697	32	11043.0
632	700	32	4795.0
772	896	32	10744.0
118	1001	32	6921.0
87	490	32	7927.0
774	775	32	9438.0
102	616	32	10534.0
415	489	32	1849.0
938	953	32	6614.0
880	947	32	6598.0
135	688	32	7945.0
376	714	32	7363.0
127	610	32	8530.0
189	198	32	4824.0
651	855	32	10263.0
316	407	32	13175.0
333	513	32	9543.0
14	414	32	5592.0
724	824	32	11319.0
141	178	32	7680.0
302	592	32	8858.0
613	633	32	14108.0
423	539	32	1116.0
282	352	32	2278.0
586	597	32	5656.0
0	333	32	5962.0
154	243	32	13051.0
632	881	32	6500.0
28	778	32	13364.0
823	940	32	11006.0
105	629	32	8160.0
264	967	32	1766.0
696	749	32	13623.0
179	864	32	9865.0
426	937	32	9680.0
285	923	32	4169.0
225	254	32	5518.0
312	495	32	8745.0
848	900	32	10930.0
670	995	32	8932.0
608	674	32	12582.0
484	822	32	9966.0
343	744	32	10858.0
141	433	32	7537.0
216	361	32	10510.0
5	927	32	12125.0
588	750	32	9203.0
62	429	32	7927.0
534	960	32	10736.0
774	786	32	12851.0
600	951	32	7552.0
375	746	32	2608.0
495	508	32	8778.0
495	631	32	10159.0
508	631	32	10500.0
777	930	32	11236.0
520	819	32	8500.0
369	380	32	9812.0
50	763	32	2733.0
83	682	32	8647.0
104	601	32	6266.0
392	486	32	11557.0
386	750	32	8294.0
82	858	32	7690.0
858	906	32	9672.0
60	823	32	8588.0
62	996	32	7889.0
584	796	32	9071.0
654	907	32	9442.0
553	896	32	10423.0
68	831	32	7403.0
237	283	32	12653.0
50	835	32	9472.0
50	979	32	9573.0
375	598	32	6468.0
375	774	32	7119.0
389	815	32	10933.0
277	503	32	7907.0
362	835	32	10871.0
252	590	32	4322.0
374	729	32	10517.0
430	905	32	13237.0
358	556	32	9397.0
982	989	32	9149.0
521	627	32	14521.0
240	336	32	11638.0
436	550	32	10588.0
374	831	32	8396.0
612	662	32	11944.0
520	928	32	8687.0
289	440	32	6577.0
110	849	32	3138.0
132	871	32	7857.0
156	887	32	4904.0
206	856	32	11111.0
443	703	32	4563.0
360	631	32	6482.0
666	883	32	11845.0
140	594	32	13840.0
277	787	32	8024.0
72	176	32	3145.0
118	560	32	6802.0
413	526	32	5522.0
654	994	32	7094.0
581	861	32	1389.0
289	838	32	8359.0
376	854	32	9974.0
232	383	32	9375.0
144	322	32	10638.0
1	458	32	6873.0
582	833	32	5630.0
3	285	32	7783.0
121	857	32	7897.0
678	953	32	11567.0
594	654	32	7012.0
121	617	32	7906.0
338	576	32	1504.0
668	691	32	8604.0
34	208	32	5342.0
208	359	32	5635.0
111	341	32	8610.0
416	478	32	6455.0
44	786	31	15579.0
558	734	31	13239.0
268	562	31	8803.0
800	862	31	9544.0
323	690	31	9498.0
15	471	31	8532.0
465	897	31	12166.0
100	931	31	6427.0
755	931	31	5077.0
176	319	31	5145.0
220	386	31	8773.0
203	1000	31	5920.0
194	696	31	13279.0
21	345	31	8965.0
345	509	31	11598.0
224	350	31	9922.0
502	902	31	12161.0
384	785	31	11061.0
486	549	31	9119.0
386	888	31	9482.0
232	260	31	8100.0
255	317	31	10176.0
127	514	31	8753.0
610	655	31	8180.0
765	776	31	1368.0
384	457	31	12474.0
312	508	31	6758.0
375	675	31	14794.0
874	926	31	8350.0
95	323	31	8495.0
116	938	31	6087.0
470	671	31	8784.0
251	585	31	8942.0
424	970	31	4493.0
637	817	31	12299.0
590	710	31	2215.0
155	793	31	13006.0
566	694	31	7068.0
148	536	31	3161.0
21	641	31	9262.0
407	843	31	6971.0
661	903	31	8061.0
307	388	31	2763.0
342	428	31	7200.0
583	598	31	5563.0
429	628	31	3208.0
429	930	31	3250.0
850	917	31	11467.0
551	689	31	10081.0
814	929	31	4428.0
712	840	31	9667.0
651	863	31	12674.0
150	751	31	7179.0
8	215	31	7452.0
275	389	31	10927.0
79	176	31	10475.0
532	602	31	9534.0
204	813	31	8631.0
217	850	31	5014.0
69	696	31	11133.0
698	905	31	10462.0
650	936	31	5049.0
54	480	31	5007.0
5	699	31	11166.0
61	556	31	7994.0
202	557	31	5005.0
800	948	31	9925.0
326	354	31	6826.0
326	555	31	6867.0
752	769	31	5452.0
395	876	31	8328.0
462	525	31	13410.0
83	591	31	12622.0
42	397	31	10297.0
45	532	31	7850.0
45	884	31	7918.0
262	613	31	3938.0
372	973	31	5390.0
63	878	31	8021.0
945	968	31	9268.0
620	946	31	5846.0
311	626	31	5353.0
221	501	31	10535.0
416	447	31	9959.0
887	954	31	6496.0
786	840	31	10909.0
156	954	31	4887.0
454	897	31	11761.0
740	844	31	7746.0
6	972	31	2011.0
709	737	31	11402.0
349	352	31	2337.0
193	900	31	11069.0
231	900	31	10514.0
161	570	31	2753.0
545	570	31	3420.0
289	856	31	11431.0
584	727	31	10517.0
195	310	31	5790.0
857	991	31	8542.0
966	994	31	14652.0
319	707	31	4289.0
303	822	31	10995.0
312	327	31	5252.0
17	857	31	5473.0
227	851	31	1586.0
137	945	31	7537.0
319	883	31	11394.0
305	753	31	7379.0
589	879	31	3837.0
174	222	31	8290.0
151	567	31	5913.0
364	413	31	13004.0
413	591	31	13293.0
274	867	31	14390.0
107	974	31	9065.0
541	844	31	9829.0
780	791	31	4544.0
327	360	31	3625.0
431	787	31	12999.0
195	291	31	4062.0
682	754	31	5266.0
281	418	31	7155.0
16	761	31	8442.0
137	173	31	7368.0
173	500	31	10130.0
660	783	31	11457.0
1	567	31	7735.0
109	232	31	8052.0
519	986	31	10834.0
24	255	31	6902.0
225	413	31	9355.0
414	710	31	9614.0
223	342	31	5805.0
920	997	31	10560.0
477	755	31	2673.0
437	927	31	11775.0
404	742	31	12817.0
162	838	31	8021.0
541	744	31	6303.0
67	627	31	2238.0
344	924	31	11374.0
560	596	31	8846.0
265	850	31	4869.0
461	895	31	4722.0
356	398	31	10137.0
55	992	31	10594.0
343	740	31	5929.0
187	410	31	7298.0
99	338	31	8971.0
171	977	31	11841.0
297	529	31	3793.0
316	843	31	6833.0
316	975	31	4382.0
743	821	31	8840.0
391	869	31	11049.0
414	591	31	13272.0
118	466	31	4661.0
124	510	31	7421.0
346	511	31	10305.0
465	569	31	2163.0
211	860	31	19569.0
578	949	31	8557.0
399	839	31	9169.0
329	843	31	4603.0
206	784	31	7240.0
231	848	31	10571.0
141	267	31	6717.0
764	1000	31	15810.0
343	436	31	11124.0
322	932	31	9433.0
185	307	31	2919.0
304	445	31	3190.0
355	696	31	14277.0
423	1000	31	14788.0
311	936	31	3799.0
380	936	31	7266.0
129	623	31	1931.0
282	302	31	2910.0
422	657	31	8890.0
131	905	31	10473.0
225	252	31	12361.0
564	935	31	11931.0
285	338	31	11273.0
58	718	31	13474.0
135	485	31	7846.0
627	762	31	7487.0
790	978	31	9643.0
134	488	31	5877.0
531	938	31	4514.0
531	953	31	13726.0
693	922	31	7908.0
302	923	31	2139.0
592	923	31	5179.0
95	501	31	8208.0
361	771	31	7722.0
8	502	31	7429.0
204	991	31	8557.0
9	118	31	6555.0
520	908	31	11247.0
712	774	31	9647.0
541	552	31	8712.0
620	818	31	2402.0
431	871	31	12329.0
724	770	31	8313.0
655	993	31	10739.0
302	352	31	2267.0
418	554	31	7482.0
19	768	31	11938.0
569	742	31	12361.0
69	749	31	11018.0
578	667	31	6192.0
282	338	31	3335.0
282	576	31	4592.0
138	898	31	3278.0
72	319	31	9332.0
351	436	30	9320.0
733	862	30	8918.0
472	693	30	9884.0
153	590	30	7971.0
570	822	30	4565.0
509	925	30	11982.0
173	886	30	11065.0
833	933	30	13785.0
164	449	30	5817.0
649	841	30	11751.0
301	992	30	11345.0
191	328	30	9659.0
737	987	30	8295.0
107	824	30	8043.0
330	533	30	9095.0
283	985	30	12084.0
227	394	30	3244.0
553	656	30	8781.0
488	744	30	15088.0
188	680	30	11284.0
477	808	30	1194.0
271	718	30	10800.0
80	399	30	11487.0
391	824	30	11452.0
118	214	30	5770.0
442	454	30	10086.0
603	994	30	7115.0
323	501	30	11199.0
184	810	30	10376.0
158	909	30	9015.0
14	526	30	9646.0
67	575	30	2155.0
460	491	30	12912.0
181	271	30	15165.0
457	745	30	11124.0
531	817	30	8826.0
881	977	30	5311.0
628	684	30	4090.0
497	825	30	2439.0
50	362	30	9521.0
78	944	30	9991.0
401	757	30	11222.0
560	578	30	9695.0
185	388	30	4008.0
300	374	30	12657.0
65	726	30	10594.0
521	823	30	11193.0
345	925	30	11778.0
416	825	30	12250.0
371	473	30	7324.0
172	713	30	8813.0
445	596	30	8876.0
108	574	30	2533.0
184	980	30	5963.0
511	918	30	5655.0
664	865	30	5023.0
720	972	30	4555.0
445	560	30	10055.0
193	760	30	3416.0
821	904	30	8821.0
169	806	30	7240.0
313	791	30	4474.0
505	790	30	6845.0
134	510	30	1521.0
510	744	30	1292.0
230	758	30	11915.0
279	883	30	11908.0
245	929	30	4428.0
259	629	30	11382.0
31	725	30	8809.0
725	990	30	11123.0
453	460	30	11127.0
158	786	30	5035.0
624	850	30	11081.0
160	612	30	10102.0
76	897	30	8820.0
590	751	30	7140.0
351	488	30	13623.0
195	297	30	2947.0
289	539	30	3680.0
295	464	30	6377.0
856	1000	30	3387.0
750	888	30	7734.0
700	977	30	4057.0
107	361	30	1690.0
665	912	30	7585.0
14	252	30	5556.0
597	775	30	6590.0
954	1000	30	7198.0
800	961	30	2709.0
800	968	30	1249.0
416	773	30	10551.0
284	610	30	9011.0
663	862	30	12243.0
158	675	30	10216.0
150	473	30	6942.0
644	806	30	11848.0
414	973	30	13948.0
145	719	30	10104.0
110	430	30	6241.0
656	896	30	9122.0
188	778	30	2134.0
9	596	30	9853.0
756	990	30	12954.0
184	720	30	14169.0
511	777	30	12712.0
212	365	30	5632.0
404	569	30	11800.0
159	889	30	7394.0
315	478	30	13614.0
550	962	30	10079.0
865	899	30	5250.0
822	890	30	9739.0
239	564	30	6682.0
131	196	30	10574.0
617	701	30	6725.0
622	752	30	5481.0
622	999	30	1566.0
752	999	30	1553.0
125	905	30	9068.0
753	906	30	7763.0
47	659	30	5921.0
268	673	30	10294.0
348	353	30	11605.0
369	650	30	8053.0
675	712	30	5620.0
453	893	30	12684.0
420	629	30	10216.0
449	571	30	8659.0
327	370	30	6646.0
280	469	30	9321.0
334	724	30	6881.0
0	327	30	6692.0
121	314	30	6302.0
121	557	30	6367.0
367	495	30	6196.0
171	881	30	7152.0
425	708	30	2188.0
663	800	30	11836.0
323	415	30	12574.0
558	760	30	13720.0
516	820	30	15725.0
88	933	30	3121.0
344	512	30	11898.0
628	996	30	5978.0
787	871	30	11923.0
637	953	30	13190.0
178	380	30	12393.0
19	429	30	4080.0
45	602	30	7492.0
62	684	30	8007.0
99	285	30	9052.0
5	437	30	11766.0
646	675	30	12440.0
646	926	30	3462.0
263	647	30	4930.0
552	844	30	7873.0
646	786	30	7624.0
177	818	30	10866.0
169	298	30	6844.0
125	233	30	8685.0
233	849	30	12446.0
252	710	30	11261.0
303	484	30	9596.0
445	1001	30	7992.0
394	656	30	3860.0
153	798	30	8000.0
90	192	30	2523.0
288	967	30	11154.0
619	719	30	11921.0
493	616	30	12192.0
84	882	30	8443.0
635	868	30	6693.0
343	552	30	4197.0
46	136	30	7650.0
44	739	30	5780.0
55	846	30	10831.0
291	310	30	3942.0
305	648	30	7048.0
601	886	30	4783.0
262	493	30	13573.0
7	460	30	10909.0
85	467	30	8906.0
774	840	30	10942.0
693	868	30	6309.0
97	862	30	11455.0
733	968	30	12295.0
209	375	30	14123.0
203	539	30	4417.0
558	793	30	12105.0
219	228	30	4346.0
192	363	30	4982.0
799	913	30	9160.0
941	997	30	10828.0
249	621	30	10003.0
80	839	30	11970.0
436	488	30	7977.0
9	214	30	11117.0
333	495	30	7904.0
333	508	30	5862.0
333	631	30	7210.0
308	751	30	7799.0
46	983	30	7919.0
721	795	30	8497.0
721	804	30	7133.0
10	57	30	7515.0
268	807	30	10995.0
648	737	30	8613.0
198	706	30	10971.0
258	316	30	7792.0
551	878	30	11526.0
445	837	30	6701.0
375	775	30	3621.0
180	674	30	10960.0
63	943	30	8049.0
167	302	30	2910.0
302	965	30	1044.0
484	545	30	11330.0
78	344	30	10269.0
286	436	30	7896.0
131	498	30	10555.0
260	383	30	7815.0
713	812	30	8801.0
381	989	30	9096.0
449	990	30	13566.0
299	814	30	6884.0
183	368	30	8476.0
698	791	30	4500.0
45	522	29	8010.0
468	734	29	13484.0
542	995	29	8015.0
642	948	29	11818.0
948	964	29	9422.0
472	868	29	6688.0
39	917	29	4517.0
303	570	29	8684.0
862	964	29	9061.0
465	811	29	12048.0
3	349	29	7615.0
410	632	29	9091.0
175	651	29	10096.0
162	539	29	3370.0
97	137	29	2591.0
81	974	29	2967.0
231	760	29	3471.0
564	835	29	11245.0
346	930	29	6323.0
79	883	29	7442.0
117	798	29	4107.0
812	956	29	1150.0
234	609	29	4409.0
557	857	29	6488.0
376	981	29	5341.0
785	981	29	9789.0
40	1001	29	2799.0
583	668	29	2650.0
71	745	29	8086.0
756	797	29	10330.0
384	854	29	8859.0
98	910	29	6631.0
1	785	29	5612.0
745	785	29	14545.0
148	497	29	4333.0
148	603	29	2829.0
225	682	29	10872.0
44	775	29	14227.0
477	630	29	10052.0
297	919	29	4000.0
580	805	29	11347.0
577	679	29	11893.0
14	413	29	5482.0
14	682	29	5585.0
403	534	29	10644.0
199	967	29	6434.0
72	721	29	9225.0
590	682	29	2598.0
305	737	29	9386.0
26	330	29	7205.0
586	775	29	13430.0
539	639	29	6729.0
340	382	29	10048.0
709	858	29	10044.0
441	812	29	9428.0
665	868	29	3682.0
12	286	29	8151.0
60	67	29	1337.0
67	694	29	2096.0
218	877	29	12569.0
34	427	29	6185.0
467	865	29	11016.0
72	279	29	9777.0
297	310	29	3184.0
97	642	29	11333.0
0	513	29	8424.0
748	840	29	10870.0
6	241	29	10773.0
338	861	29	3301.0
285	581	29	9775.0
34	247	29	5371.0
384	567	29	6556.0
68	133	29	6610.0
879	973	29	13841.0
11	750	29	6475.0
11	971	29	6211.0
750	971	29	9882.0
6	537	29	3053.0
462	745	29	1491.0
150	308	29	7050.0
761	970	29	10406.0
294	656	29	3068.0
364	526	29	5543.0
0	515	29	4428.0
186	812	29	12066.0
571	797	29	7687.0
14	754	29	9257.0
6	980	29	1597.0
206	639	29	5440.0
37	748	29	4260.0
366	501	29	4410.0
42	183	29	10523.0
146	326	29	2300.0
245	814	29	9000.0
167	609	29	4409.0
125	791	29	3510.0
313	390	29	13207.0
227	896	29	2661.0
669	943	29	13545.0
176	883	29	8581.0
594	907	29	17130.0
677	827	29	10139.0
827	889	29	8890.0
141	311	29	7388.0
23	842	29	1143.0
370	508	29	9832.0
725	866	29	9455.0
41	356	29	3295.0
467	975	29	12600.0
830	972	29	2660.0
713	876	29	8819.0
713	915	29	1694.0
197	771	29	6690.0
81	216	29	7389.0
370	515	29	7243.0
429	511	29	7260.0
72	645	29	5760.0
683	774	29	8053.0
274	758	29	12346.0
71	384	29	6295.0
656	772	29	8561.0
576	951	29	4064.0
23	865	29	7329.0
355	749	29	13641.0
197	213	29	5245.0
643	676	29	10727.0
381	719	29	11760.0
263	546	29	6851.0
287	494	29	4643.0
594	708	29	4872.0
590	591	29	4131.0
590	879	29	9246.0
331	615	29	10388.0
308	371	29	9535.0
753	858	29	7732.0
319	795	29	4909.0
44	748	29	13519.0
748	774	29	12292.0
372	879	29	10677.0
886	948	29	5001.0
84	277	29	8431.0
874	909	29	6594.0
316	664	29	5597.0
497	773	29	1481.0
234	285	29	3266.0
188	805	29	1805.0
403	877	29	14916.0
161	484	29	8413.0
37	775	29	5115.0
114	672	29	6773.0
672	892	29	7445.0
289	954	29	2368.0
16	970	29	8603.0
340	446	29	9435.0
190	874	29	3809.0
173	523	29	5060.0
118	949	29	7052.0
164	756	29	5615.0
70	850	29	8838.0
432	575	29	3003.0
432	823	29	3004.0
71	847	29	7996.0
429	996	29	10710.0
767	818	29	13716.0
441	546	29	7371.0
160	614	29	11310.0
74	401	29	12339.0
4	902	29	14209.0
8	902	29	8170.0
189	326	29	9362.0
714	783	29	10536.0
714	785	29	12183.0
189	765	29	6889.0
238	814	29	6138.0
267	311	29	7823.0
319	666	29	11975.0
17	121	29	5555.0
443	464	29	6953.0
619	982	29	10595.0
108	923	29	3261.0
134	351	29	7969.0
512	788	29	11745.0
294	394	29	3543.0
733	961	29	13637.0
60	521	29	8857.0
521	762	29	9626.0
188	401	29	11027.0
289	887	29	11830.0
336	741	29	12155.0
71	458	29	6017.0
509	969	29	11722.0
771	934	29	11578.0
413	754	29	5186.0
235	779	29	11215.0
780	905	29	11602.0
590	973	29	7827.0
603	769	29	7061.0
227	656	29	3212.0
586	774	29	8846.0
586	786	29	12407.0
72	666	29	9436.0
581	592	29	11394.0
581	986	29	11101.0
311	433	29	9438.0
104	964	29	6306.0
530	642	29	9699.0
642	800	29	9747.0
610	702	29	10079.0
331	766	29	8696.0
513	515	29	8284.0
675	748	29	6754.0
70	624	29	8863.0
154	400	29	12775.0
153	591	29	4045.0
127	284	29	7796.0
413	710	29	9629.0
62	918	29	7924.0
197	382	29	2210.0
51	492	29	7940.0
215	903	28	10306.0
443	901	28	9113.0
531	678	28	9161.0
518	977	28	12379.0
575	940	28	7007.0
153	710	28	2127.0
632	977	28	9935.0
267	380	28	7348.0
613	931	28	6400.0
79	319	28	3940.0
378	411	28	9389.0
134	343	28	9955.0
668	746	28	1173.0
511	996	28	9967.0
328	488	28	9236.0
328	744	28	9670.0
234	302	28	2910.0
628	777	28	11308.0
746	840	28	7000.0
652	963	28	11570.0
125	698	28	9166.0
222	621	28	9809.0
375	646	28	11449.0
19	346	28	7349.0
158	209	28	8645.0
79	804	28	10991.0
195	919	28	3148.0
189	776	28	3759.0
290	916	28	12800.0
668	774	28	1538.0
603	654	28	8829.0
343	351	28	9197.0
138	622	28	3491.0
329	448	28	9700.0
35	412	28	6486.0
291	529	28	4355.0
384	745	28	10516.0
255	446	28	9420.0
136	845	28	8015.0
5	559	28	12986.0
22	508	28	3576.0
761	801	28	10519.0
81	197	28	7505.0
421	720	28	4298.0
537	720	28	5621.0
275	540	28	11786.0
298	573	28	2050.0
224	983	28	9431.0
481	729	28	10468.0
545	890	28	12602.0
52	325	28	4959.0
40	949	28	3655.0
351	550	28	14814.0
535	715	28	11150.0
254	526	28	10706.0
282	592	28	3799.0
179	731	28	9514.0
153	225	28	3785.0
560	836	28	4515.0
49	894	28	5678.0
752	898	28	6712.0
436	552	28	1254.0
20	888	28	8194.0
755	872	28	5757.0
412	635	28	11734.0
17	813	28	5910.0
146	706	28	6215.0
563	590	28	6566.0
399	475	28	11041.0
597	683	28	9845.0
143	365	28	3922.0
526	710	28	5641.0
80	952	28	14311.0
660	714	28	13519.0
660	854	28	9241.0
408	490	28	8337.0
215	502	28	12037.0
596	667	28	15383.0
423	462	28	13957.0
423	726	28	1360.0
151	376	28	3950.0
263	480	28	9878.0
511	930	28	10834.0
198	326	28	8709.0
326	765	28	7127.0
685	884	28	10172.0
645	883	28	10780.0
8	903	28	5565.0
32	880	28	4318.0
245	697	28	13319.0
751	798	28	6766.0
107	197	28	1731.0
273	461	28	4770.0
620	814	28	11081.0
599	606	28	9516.0
226	998	28	4785.0
60	627	28	5957.0
40	837	28	2127.0
872	931	28	10219.0
314	813	28	6907.0
11	220	28	6255.0
531	608	28	7264.0
653	697	28	2733.0
258	664	28	2424.0
199	288	28	10572.0
620	929	28	4428.0
375	998	28	5777.0
204	557	28	6572.0
639	838	28	8635.0
275	815	28	13879.0
559	927	28	15540.0
145	982	28	9908.0
458	847	28	6227.0
639	856	28	7582.0
125	780	28	9107.0
509	641	28	10697.0
31	164	28	6117.0
606	634	28	10147.0
363	664	28	1670.0
564	763	28	4281.0
252	413	28	9818.0
132	277	28	6947.0
277	871	28	7178.0
658	871	28	12329.0
496	643	28	13820.0
351	740	28	1667.0
316	448	28	2307.0
583	675	28	3456.0
589	605	28	10737.0
136	205	28	8014.0
395	647	28	5259.0
285	965	28	2306.0
196	430	28	10749.0
37	598	28	5478.0
272	587	28	10856.0
235	917	28	8446.0
215	348	28	8668.0
524	880	28	6361.0
174	859	28	8134.0
222	859	28	10355.0
360	599	28	3574.0
387	657	28	11017.0
280	611	28	9802.0
640	857	28	8645.0
324	737	28	9431.0
107	607	28	8766.0
305	987	28	6831.0
182	663	28	2245.0
663	759	28	2269.0
712	909	28	2510.0
143	777	28	2536.0
158	646	28	9050.0
907	994	28	16937.0
395	956	28	13348.0
44	586	28	12967.0
601	759	28	2373.0
240	499	28	9000.0
409	908	28	14808.0
314	701	28	8125.0
607	771	28	15217.0
492	687	28	12059.0
351	962	28	8797.0
714	745	28	11922.0
575	627	28	4453.0
286	488	28	13913.0
239	763	28	4281.0
623	763	28	3600.0
763	979	28	2904.0
188	950	28	5758.0
372	682	28	2436.0
173	601	28	2650.0
173	948	28	2791.0
523	601	28	12220.0
523	948	28	12277.0
321	406	28	5612.0
503	658	28	10503.0
415	501	28	10520.0
353	661	28	11220.0
658	882	28	11285.0
120	311	28	3754.0
289	556	28	6501.0
440	556	28	9230.0
197	548	28	5903.0
39	518	28	6916.0
223	428	28	5592.0
328	550	28	9581.0
225	879	28	10432.0
183	397	28	9131.0
449	452	28	13058.0
269	546	28	7610.0
399	730	28	11907.0
37	583	28	5603.0
305	858	28	8564.0
293	932	28	8926.0
204	857	28	8645.0
858	987	28	7163.0
38	410	28	2381.0
154	455	28	11419.0
318	325	28	10916.0
298	773	28	8625.0
134	328	28	3000.0
505	978	28	13628.0
452	725	28	10250.0
414	798	28	2953.0
586	683	28	12174.0
50	129	28	1947.0
375	909	28	8975.0
494	620	28	4122.0
432	566	28	2855.0
235	977	28	6237.0
197	216	28	10591.0
835	984	28	7628.0
149	615	28	6701.0
571	725	28	8732.0
788	924	28	10628.0
254	605	28	10180.0
55	301	28	11624.0
461	494	28	4089.0
24	340	28	7003.0
277	882	28	11285.0
95	221	28	8861.0
118	837	28	7219.0
412	922	28	8712.0
592	965	28	1798.0
330	411	28	9846.0
500	961	28	10382.0
833	988	28	17070.0
925	969	28	9064.0
56	807	28	8255.0
434	789	28	9033.0
170	668	28	8255.0
597	668	28	9736.0
362	984	28	7391.0
148	278	28	5341.0
261	366	28	13210.0
112	665	28	3772.0
450	463	28	7606.0
384	981	28	10031.0
126	819	28	9214.0
162	784	28	6776.0
280	688	27	9379.0
95	690	27	8348.0
930	996	27	5980.0
387	976	27	11244.0
308	473	27	7326.0
361	607	27	10043.0
361	934	27	8025.0
205	845	27	9089.0
141	936	27	4781.0
481	587	27	10355.0
171	700	27	4795.0
481	831	27	8396.0
25	770	27	6208.0
299	620	27	4466.0
315	644	27	11510.0
332	392	27	12571.0
427	509	27	4671.0
364	605	27	5063.0
764	952	27	4661.0
731	864	27	12643.0
560	837	27	9560.0
325	335	27	7447.0
98	438	27	6948.0
191	541	27	1573.0
479	881	27	5015.0
720	810	27	8923.0
70	917	27	8776.0
337	917	27	10915.0
141	626	27	7048.0
546	966	27	4474.0
402	512	27	6031.0
259	420	27	9531.0
349	592	27	10309.0
100	633	27	9747.0
191	351	27	10592.0
191	744	27	11793.0
270	386	27	11067.0
704	955	27	15417.0
555	776	27	13419.0
341	531	27	8575.0
316	363	27	5797.0
488	550	27	16348.0
263	812	27	9226.0
379	472	27	9182.0
410	977	27	11116.0
121	991	27	8071.0
314	617	27	10871.0
165	326	27	5054.0
2	443	27	3623.0
99	592	27	8976.0
184	241	27	12799.0
387	422	27	8742.0
539	1000	27	3757.0
277	474	27	10861.0
12	744	27	8328.0
460	891	27	11171.0
423	838	27	1939.0
113	592	27	1917.0
657	716	27	11243.0
341	637	27	11499.0
111	817	27	8584.0
608	817	27	2267.0
176	707	27	10142.0
707	804	27	9442.0
364	754	27	5186.0
670	672	27	11586.0
530	961	27	2698.0
358	784	27	7753.0
33	648	27	6840.0
539	838	27	6601.0
499	791	27	6389.0
140	994	27	13776.0
22	631	27	4805.0
59	758	27	10798.0
332	921	27	9515.0
299	946	27	6411.0
684	768	27	6468.0
768	930	27	11236.0
579	856	27	2251.0
257	773	27	6841.0
277	431	27	10052.0
457	783	27	9676.0
642	862	27	13459.0
642	968	27	10798.0
248	489	27	10721.0
246	821	27	8766.0
323	366	27	11434.0
346	684	27	10799.0
73	494	27	6197.0
262	630	27	10362.0
153	372	27	8018.0
216	771	27	7447.0
110	698	27	6947.0
447	644	27	14666.0
457	764	27	1460.0
745	981	27	9580.0
579	887	27	3180.0
96	258	27	1736.0
258	842	27	2370.0
296	690	27	9614.0
261	501	27	3927.0
149	211	27	6701.0
300	587	27	10864.0
47	978	27	6208.0
14	591	27	5559.0
298	315	27	8320.0
586	746	27	8044.0
422	976	27	8557.0
205	224	27	9336.0
243	517	27	12752.0
664	899	27	5760.0
597	691	27	8192.0
467	843	27	10328.0
144	828	27	12645.0
452	797	27	10442.0
498	905	27	9484.0
707	795	27	10185.0
336	499	27	9188.0
467	885	27	9401.0
395	812	27	5921.0
249	853	27	8901.0
734	760	27	15747.0
241	972	27	3991.0
667	836	27	13346.0
672	995	27	9247.0
773	825	27	13129.0
609	965	27	2560.0
247	604	27	8136.0
639	954	27	8663.0
323	489	27	8456.0
83	364	27	12560.0
462	1000	27	14173.0
137	759	27	7474.0
92	540	27	7270.0
270	588	27	10621.0
386	971	27	11622.0
186	713	27	8913.0
189	321	27	7532.0
378	529	27	8141.0
37	774	27	5095.0
396	420	27	8766.0
395	915	27	14004.0
458	567	27	7048.0
567	714	27	8483.0
567	981	27	5949.0
301	870	27	10876.0
364	710	27	10816.0
238	735	27	6396.0
81	107	27	1347.0
661	902	27	10878.0
337	850	27	10742.0
684	918	27	8996.0
57	686	27	7178.0
845	983	27	9080.0
107	548	27	8856.0
906	987	27	7165.0
23	826	27	8235.0
826	865	27	7120.0
438	483	27	8877.0
570	890	27	2988.0
177	829	27	10883.0
167	861	27	10130.0
79	707	27	9636.0
197	607	27	10059.0
737	906	27	9674.0
441	480	27	14079.0
912	922	27	8165.0
813	991	27	9103.0
144	293	27	10075.0
203	206	27	2455.0
97	663	27	11120.0
663	964	27	10405.0
416	644	27	10868.0
341	608	27	2198.0
444	845	27	10008.0
122	547	27	6674.0
566	823	27	8498.0
627	823	27	8351.0
537	972	27	8899.0
536	603	27	7617.0
71	726	27	1357.0
714	726	27	1314.0
186	876	27	13628.0
448	843	27	5948.0
294	851	27	2789.0
457	714	27	13869.0
591	751	27	1841.0
36	569	27	7860.0
666	694	27	1817.0
75	527	27	4338.0
41	398	27	3335.0
39	405	27	10567.0
144	236	27	9862.0
349	609	27	9850.0
723	725	27	8085.0
645	707	27	10052.0
805	873	27	13696.0
271	955	27	18514.0
17	640	27	6326.0
364	589	27	5424.0
746	786	27	7902.0
23	467	27	7061.0
87	425	27	1991.0
725	756	27	11741.0
171	187	27	10006.0
69	625	27	11165.0
586	840	27	6824.0
683	840	27	6560.0
694	823	27	10975.0
231	456	27	10150.0
480	546	27	7902.0
379	868	27	6694.0
34	641	27	2647.0
169	447	27	7096.0
59	274	27	10510.0
430	791	27	4471.0
693	912	27	6492.0
448	467	27	10651.0
213	607	27	5151.0
257	416	27	6493.0
105	259	27	8176.0
14	225	27	5759.0
14	254	27	9762.0
14	605	27	9156.0
215	353	27	11953.0
89	478	27	6520.0
689	878	27	10544.0
522	884	27	9110.0
95	261	27	1448.0
221	261	27	3386.0
164	571	27	5780.0
416	806	27	9378.0
344	788	27	11688.0
347	553	27	10411.0
248	366	27	11691.0
686	796	27	12053.0
617	813	27	9119.0
541	962	27	9135.0
603	999	27	9533.0
126	908	27	9883.0
648	858	27	6219.0
737	858	27	10332.0
518	700	27	4155.0
531	637	27	10180.0
83	414	27	12725.0
30	686	27	8701.0
352	581	27	2116.0
407	885	27	1318.0
192	899	27	5371.0
229	909	27	6791.0
646	874	27	6709.0
424	899	27	10340.0
99	234	27	1719.0
69	194	27	11064.0
629	722	26	13108.0
118	445	26	6429.0
134	541	26	6550.0
424	842	26	5177.0
239	809	26	1289.0
106	287	26	1487.0
201	715	26	12216.0
472	922	26	8859.0
220	971	26	8762.0
97	968	26	4380.0
254	754	26	9999.0
140	603	26	3555.0
592	794	26	3642.0
542	672	26	7914.0
475	730	26	11905.0
272	481	26	11333.0
259	396	26	10918.0
909	926	26	3431.0
38	171	26	2409.0
634	738	26	10202.0
220	888	26	8799.0
78	512	26	10468.0
363	595	26	6201.0
385	796	26	12092.0
255	382	26	10720.0
583	739	26	2007.0
180	608	26	12608.0
44	158	26	5230.0
40	466	26	8886.0
457	660	26	12860.0
395	458	26	1424.0
395	981	26	1036.0
778	805	26	14594.0
291	411	26	3998.0
411	529	26	15548.0
255	340	26	10359.0
172	512	26	7095.0
172	944	26	6789.0
402	944	26	5290.0
471	634	26	9389.0
22	515	26	6638.0
312	515	26	8567.0
508	515	26	4955.0
77	799	26	10821.0
34	604	26	5340.0
438	910	26	8830.0
80	730	26	12787.0
468	558	26	11572.0
395	726	26	11156.0
68	481	26	8448.0
862	961	26	7959.0
191	286	26	10211.0
313	905	26	9938.0
89	298	26	8650.0
298	825	26	11756.0
1	457	26	8019.0
662	834	26	16091.0
497	999	26	4465.0
253	490	26	8052.0
838	1000	26	4582.0
131	233	26	12058.0
131	390	26	4883.0
83	973	26	12977.0
591	710	26	11241.0
918	996	26	10106.0
529	533	26	10357.0
353	903	26	11969.0
744	962	26	10643.0
705	771	26	12970.0
258	448	26	5118.0
518	881	26	5438.0
595	664	26	1900.0
234	861	26	12369.0
203	572	26	2007.0
466	578	26	6095.0
408	425	26	5082.0
425	490	26	2007.0
83	526	26	5543.0
141	650	26	7609.0
626	650	26	7162.0
575	666	26	1753.0
366	415	26	5381.0
598	683	26	4744.0
346	628	26	6210.0
247	359	26	5635.0
241	537	26	5053.0
107	391	26	6420.0
230	570	26	13113.0
764	887	26	2765.0
110	313	26	6244.0
338	717	26	1669.0
717	861	26	1591.0
245	620	26	6527.0
795	883	26	7567.0
268	309	26	10248.0
188	914	26	10251.0
48	193	26	7421.0
493	613	26	5167.0
840	909	26	3913.0
14	589	26	9528.0
456	653	26	10313.0
478	773	26	6717.0
949	1001	26	8936.0
710	798	26	4255.0
39	779	26	11408.0
124	962	26	2321.0
510	962	26	3972.0
222	249	26	9051.0
190	926	26	1369.0
411	533	26	10357.0
221	296	26	9802.0
296	501	26	10805.0
636	843	26	4228.0
58	996	26	1827.0
137	733	26	7375.0
178	355	26	1739.0
229	786	26	1887.0
229	840	26	1321.0
229	874	26	9160.0
786	874	26	1716.0
840	874	26	1127.0
118	667	26	5384.0
140	408	26	4281.0
11	588	26	6340.0
402	818	26	8850.0
813	857	26	8645.0
131	780	26	6855.0
654	708	26	8843.0
733	800	26	3836.0
101	426	26	8869.0
101	937	26	9154.0
498	780	26	5881.0
780	849	26	7915.0
535	547	26	10213.0
203	639	26	7260.0
537	980	26	8626.0
572	639	26	5303.0
309	562	26	10299.0
150	372	26	7240.0
248	323	26	9544.0
328	436	26	4508.0
570	758	26	12239.0
640	991	26	9318.0
575	762	26	7486.0
519	574	26	12072.0
368	470	26	8646.0
327	367	26	2717.0
253	708	26	8056.0
37	840	26	5520.0
933	988	26	14200.0
132	882	26	6217.0
412	472	26	12406.0
167	234	26	11921.0
167	794	26	10806.0
31	452	26	8155.0
712	775	26	7209.0
805	950	26	15013.0
573	897	26	3635.0
196	233	26	12467.0
196	780	26	8742.0
305	906	26	9156.0
376	745	26	9948.0
458	745	26	10621.0
715	747	26	10624.0
137	663	26	2141.0
442	465	26	11303.0
488	541	26	3628.0
442	811	26	11418.0
500	945	26	8506.0
530	862	26	9537.0
413	473	26	2235.0
410	479	26	3121.0
188	757	26	11165.0
568	991	26	17291.0
178	936	26	7323.0
252	879	26	9817.0
764	954	26	4911.0
583	683	26	8721.0
338	609	26	10118.0
430	498	26	8361.0
748	786	26	13027.0
571	756	26	8605.0
44	598	26	9163.0
412	665	26	6852.0
412	868	26	6672.0
612	834	26	12245.0
266	910	26	8289.0
17	701	26	10991.0
367	513	26	7856.0
412	912	26	6869.0
53	223	26	3828.0
475	839	26	10718.0
475	952	26	12343.0
364	751	26	2363.0
252	973	26	11990.0
641	969	26	8204.0
364	473	26	6732.0
4	661	26	10600.0
108	153	26	4393.0
529	919	26	5139.0
243	455	26	11419.0
660	981	26	10124.0
99	349	26	8732.0
450	544	26	7178.0
265	632	26	2282.0
131	430	26	8984.0
842	899	26	5200.0
564	623	26	8246.0
167	894	26	1352.0
502	903	26	10975.0
67	432	26	2130.0
618	850	26	11453.0
361	548	26	5883.0
361	974	26	3243.0
148	999	26	3887.0
354	776	26	12434.0
42	470	26	11038.0
352	592	26	2265.0
225	364	26	12076.0
23	843	26	7162.0
15	606	26	8655.0
52	318	26	4802.0
389	540	26	8855.0
202	461	26	2358.0
33	987	26	6737.0
83	605	26	5063.0
38	479	26	2482.0
38	700	26	2374.0
473	563	26	5876.0
28	873	26	12606.0
778	873	26	13677.0
217	917	26	4174.0
314	557	26	12361.0
456	852	26	11026.0
27	731	26	8798.0
295	743	26	2011.0
69	355	26	11346.0
124	343	26	3319.0
566	762	26	7640.0
129	564	26	1893.0
114	670	26	7087.0
544	638	26	11024.0
477	493	26	11809.0
608	938	26	11213.0
234	794	26	10880.0
315	806	26	9556.0
689	943	26	9301.0
151	785	26	7913.0
735	818	26	2333.0
129	835	26	1875.0
364	590	26	4678.0
214	445	26	10411.0
183	470	26	10274.0
43	218	26	10533.0
784	856	26	8259.0
498	698	26	4815.0
759	945	26	8058.0
886	945	26	9446.0
837	1001	26	7475.0
792	941	26	11507.0
8	661	26	7687.0
253	594	26	4564.0
127	809	26	8144.0
284	809	26	10112.0
610	809	26	9863.0
827	841	26	8225.0
139	244	26	8923.0
525	764	26	13463.0
390	849	26	6306.0
346	429	26	10599.0
582	790	25	7848.0
29	643	25	11593.0
425	907	25	14362.0
440	579	25	9107.0
125	313	25	8948.0
334	607	25	4482.0
522	685	25	8354.0
603	907	25	9074.0
217	518	25	3961.0
398	717	25	6762.0
531	674	25	5652.0
409	520	25	10512.0
615	766	25	8696.0
728	830	25	1423.0
107	869	25	6345.0
116	531	25	3144.0
550	744	25	17172.0
225	589	25	5422.0
173	182	25	12060.0
483	910	25	7582.0
70	863	25	4962.0
230	274	25	13433.0
56	309	25	8587.0
117	364	25	9417.0
364	798	25	7079.0
125	498	25	4302.0
473	879	25	10094.0
372	798	25	8832.0
777	918	25	3059.0
56	673	25	7869.0
18	347	25	10255.0
105	722	25	8359.0
259	722	25	11613.0
156	203	25	4959.0
405	917	25	5287.0
203	887	25	6182.0
131	313	25	4794.0
44	746	25	7148.0
317	382	25	9059.0
254	790	25	2433.0
413	973	25	13235.0
116	674	25	6357.0
65	71	25	1467.0
213	361	25	4993.0
726	745	25	1413.0
841	889	25	8383.0
57	957	25	6695.0
82	648	25	8424.0
316	865	25	10646.0
415	690	25	9954.0
642	961	25	12619.0
241	728	25	2760.0
29	199	25	6563.0
535	747	25	9165.0
17	991	25	14290.0
306	327	25	3797.0
245	735	25	10235.0
8	695	25	7318.0
192	407	25	2965.0
427	604	25	4670.0
569	573	25	10933.0
166	462	25	11475.0
472	665	25	8764.0
561	653	25	8009.0
230	303	25	7862.0
0	367	25	4175.0
698	849	25	6752.0
649	827	25	9475.0
755	808	25	9846.0
808	872	25	6560.0
591	754	25	5164.0
600	894	25	12390.0
276	688	25	10162.0
688	736	25	14832.0
66	185	25	1411.0
644	773	25	11508.0
150	153	25	4791.0
525	954	25	1626.0
308	590	25	6956.0
82	305	25	7512.0
434	993	25	10762.0
514	610	25	9898.0
95	296	25	7817.0
598	786	25	9212.0
217	618	25	4142.0
583	840	25	7114.0
445	667	25	9210.0
476	662	25	9303.0
224	444	25	9584.0
314	640	25	7291.0
84	787	25	6662.0
511	684	25	8043.0
248	261	25	13178.0
226	675	25	4848.0
409	819	25	14897.0
109	383	25	7732.0
343	541	25	9845.0
271	704	25	9157.0
401	680	25	11181.0
186	911	25	8145.0
396	722	25	11753.0
52	335	25	4809.0
369	681	25	10536.0
151	458	25	8551.0
663	945	25	3139.0
134	740	25	3648.0
108	113	25	3416.0
495	513	25	11111.0
110	499	25	8857.0
75	100	25	5748.0
182	961	25	10426.0
372	563	25	7399.0
23	329	25	1175.0
28	188	25	1478.0
20	971	25	8132.0
164	723	25	5930.0
269	441	25	9257.0
384	423	25	1491.0
99	352	25	1733.0
594	994	25	17428.0
234	894	25	1389.0
198	406	25	2653.0
129	979	25	1701.0
304	836	25	11953.0
71	981	25	5074.0
352	609	25	2181.0
723	756	25	7944.0
258	407	25	8101.0
191	550	25	10490.0
394	772	25	2685.0
360	515	25	7901.0
554	732	25	8853.0
390	905	25	10033.0
567	783	25	11632.0
238	494	25	4107.0
253	603	25	6353.0
603	708	25	6696.0
545	822	25	10179.0
408	647	25	3347.0
35	922	25	4621.0
202	568	25	7942.0
138	752	25	3573.0
239	835	25	5918.0
372	590	25	9379.0
20	270	25	7789.0
36	404	25	8296.0
492	963	25	10829.0
37	586	25	4905.0
90	424	25	2490.0
480	812	25	6946.0
410	881	25	4562.0
293	322	25	9594.0
607	715	25	3201.0
348	502	25	8826.0
546	994	25	4453.0
132	431	25	7922.0
209	646	25	11635.0
156	539	25	5827.0
156	856	25	4359.0
152	549	25	10926.0
102	755	25	3571.0
466	596	25	11689.0
7	491	25	11246.0
37	712	25	5486.0
9	560	25	12516.0
252	589	25	5424.0
252	754	25	4869.0
478	644	25	10187.0
223	482	25	6101.0
182	642	25	9300.0
945	961	25	9513.0
120	380	25	2985.0
303	867	25	8029.0
758	867	25	11758.0
214	949	25	9277.0
463	924	25	6991.0
645	721	25	11307.0
260	373	25	7946.0
366	690	25	2623.0
425	546	25	4421.0
125	131	25	4973.0
363	467	25	1792.0
318	585	25	9617.0
380	681	25	7070.0
654	677	25	1394.0
653	802	25	9358.0
199	676	25	7143.0
283	688	25	9692.0
136	444	25	7376.0
265	337	25	3381.0
265	624	25	5750.0
265	917	25	4026.0
583	691	25	3066.0
270	750	25	9170.0
72	707	25	2420.0
9	578	25	10208.0
3	234	25	2732.0
70	779	25	4024.0
180	531	25	7656.0
214	836	25	11638.0
265	405	25	10052.0
474	787	25	7090.0
316	899	25	10891.0
253	408	25	8008.0
285	986	25	2931.0
267	681	25	3945.0
215	902	25	13501.0
819	928	25	12383.0
44	229	25	2031.0
353	902	25	14209.0
898	999	25	2887.0
812	915	25	3537.0
6	720	25	11252.0
715	974	25	3279.0
419	880	25	5842.0
419	947	25	6642.0
511	768	25	13121.0
205	350	25	9746.0
350	983	25	9544.0
93	653	25	7044.0
155	734	25	14263.0
405	850	25	6135.0
759	862	25	3811.0
118	486	25	1852.0
12	962	25	2409.0
86	177	25	7743.0
238	697	25	6510.0
456	900	25	11015.0
357	863	25	9594.0
417	789	25	10253.0
166	525	25	11742.0
23	424	25	1177.0
36	298	25	2013.0
645	666	25	7515.0
427	641	25	4907.0
701	857	25	2370.0
537	810	25	1755.0
275	507	25	15688.0
775	840	25	7986.0
98	266	25	6918.0
235	618	25	8493.0
40	560	25	5694.0
407	467	25	11376.0
334	974	25	5314.0
462	954	25	3248.0
510	541	25	11201.0
734	793	24	12765.0
122	747	24	6914.0
739	786	24	4771.0
539	572	24	3819.0
306	312	24	3828.0
7	891	24	11131.0
96	865	24	4245.0
363	842	24	1273.0
65	915	24	11400.0
1	714	24	7544.0
751	973	24	4340.0
12	191	24	8139.0
351	541	24	4551.0
668	786	24	5242.0
775	786	24	13034.0
184	728	24	5098.0
48	900	24	7336.0
588	971	24	10683.0
31	797	24	7529.0
606	738	24	10475.0
117	414	24	7953.0
118	578	24	7104.0
592	861	24	3769.0
143	228	24	3834.0
397	470	24	8692.0
38	977	24	2422.0
601	663	24	14048.0
526	682	24	5563.0
605	682	24	5194.0
342	482	24	7432.0
17	617	24	9859.0
508	513	24	10664.0
116	953	24	6151.0
326	776	24	8108.0
103	638	24	6716.0
36	573	24	8052.0
846	992	24	10614.0
306	495	24	5531.0
16	801	24	8744.0
19	684	24	4968.0
567	660	24	9250.0
665	922	24	8107.0
682	879	24	9178.0
500	886	24	10708.0
466	836	24	6974.0
436	962	24	11090.0
270	971	24	11925.0
400	455	24	11419.0
455	517	24	10846.0
683	786	24	11560.0
343	488	24	7980.0
21	427	24	3697.0
181	704	24	9261.0
445	836	24	4538.0
71	457	24	7620.0
720	830	24	10541.0
121	204	24	8686.0
235	405	24	10987.0
5	528	24	13449.0
112	912	24	3755.0
104	800	24	6186.0
659	790	24	7228.0
686	727	24	9362.0
169	257	24	7481.0
257	806	24	9228.0
646	998	24	3335.0
172	186	24	8689.0
227	294	24	2517.0
180	953	24	9980.0
274	484	24	1451.0
87	140	24	1198.0
316	467	24	11225.0
54	269	24	4907.0
314	568	24	9672.0
902	903	24	10969.0
87	907	24	6937.0
44	712	24	9526.0
660	847	24	6450.0
55	870	24	10534.0
221	248	24	1852.0
289	579	24	8450.0
108	372	24	6869.0
159	827	24	8319.0
65	423	24	1410.0
423	956	24	1379.0
166	745	24	1485.0
789	993	24	10077.0
367	515	24	12145.0
119	988	24	15915.0
1	854	24	3966.0
217	405	24	10195.0
666	795	24	4545.0
666	804	24	2880.0
360	606	24	4134.0
67	823	24	2071.0
108	751	24	6840.0
663	886	24	4687.0
521	593	24	6796.0
575	593	24	4708.0
153	563	24	5064.0
726	876	24	2079.0
797	990	24	10402.0
687	963	24	11388.0
346	996	24	13932.0
196	498	24	10140.0
234	352	24	2278.0
285	352	24	2337.0
576	861	24	2416.0
469	611	24	11056.0
296	366	24	4098.0
907	966	24	14089.0
294	347	24	2940.0
447	806	24	12831.0
591	605	24	4066.0
674	938	24	11213.0
151	783	24	7862.0
636	885	24	12041.0
225	372	24	3783.0
456	558	24	1818.0
377	518	24	11264.0
705	974	24	8294.0
106	461	24	1517.0
55	339	24	11251.0
494	895	24	4239.0
257	825	24	10917.0
156	1000	24	3231.0
119	582	24	5576.0
516	988	24	16318.0
596	1001	24	6482.0
143	429	24	1692.0
143	511	24	2420.0
143	768	24	2496.0
429	768	24	5557.0
626	681	24	6958.0
249	859	24	10468.0
568	617	24	8376.0
159	404	24	1101.0
727	796	24	7735.0
120	141	24	3043.0
120	369	24	3041.0
434	655	24	11799.0
78	172	24	6858.0
688	985	24	11759.0
430	849	24	10271.0
20	588	24	8197.0
510	740	24	9011.0
235	410	24	6135.0
104	530	24	6062.0
39	618	24	4503.0
367	631	24	5445.0
279	645	24	8358.0
88	625	24	14679.0
88	749	24	12974.0
768	777	24	13950.0
221	323	24	10755.0
107	334	24	11190.0
385	686	24	14361.0
735	946	24	7703.0
186	726	24	8148.0
186	956	24	9573.0
282	861	24	9376.0
151	854	24	6258.0
90	363	24	2575.0
30	957	24	9515.0
408	994	24	7770.0
239	514	24	2377.0
842	865	24	4180.0
691	739	24	7872.0
321	555	24	1295.0
104	642	24	6242.0
822	867	24	2270.0
78	402	24	4798.0
17	568	24	12511.0
704	996	24	1714.0
843	865	24	8209.0
15	360	24	3064.0
519	939	24	12297.0
151	981	24	8653.0
44	170	24	4447.0
580	873	24	10386.0
172	344	24	6996.0
69	178	24	1724.0
178	696	24	1738.0
216	934	24	8868.0
77	256	24	11024.0
310	919	24	3241.0
568	857	24	3984.0
691	774	24	2006.0
108	986	24	3480.0
467	595	24	2058.0
448	975	24	11002.0
229	926	24	5906.0
500	948	24	2414.0
469	688	24	9436.0
140	546	24	4421.0
648	906	24	6469.0
500	968	24	10541.0
762	940	24	10223.0
939	986	24	11068.0
110	240	24	8793.0
159	742	24	1136.0
75	872	24	5688.0
46	224	24	7715.0
595	970	24	3867.0
544	944	24	2467.0
408	594	24	7848.0
97	523	24	12658.0
578	1001	24	7584.0
225	414	24	9464.0
214	560	24	11765.0
134	962	24	10092.0
586	691	24	6745.0
25	391	24	6453.0
167	282	24	11530.0
423	887	24	2382.0
701	991	24	12531.0
35	693	24	6468.0
72	79	24	1953.0
393	920	24	14616.0
616	630	24	10179.0
586	712	24	6544.0
219	451	24	4462.0
539	954	23	4457.0
383	803	23	2152.0
150	798	23	5913.0
642	663	23	11159.0
663	733	23	6447.0
637	674	23	2528.0
278	782	23	1039.0
419	816	23	4088.0
166	764	23	11588.0
301	846	23	13656.0
75	808	23	2660.0
87	708	23	7846.0
13	789	23	8875.0
120	178	23	3643.0
847	854	23	10538.0
269	480	23	9190.0
486	921	23	7867.0
257	478	23	9470.0
374	481	23	11333.0
441	647	23	4893.0
147	421	23	5970.0
147	537	23	5960.0
334	548	23	5095.0
170	583	23	1221.0
15	634	23	8855.0
112	922	23	3940.0
590	798	23	9017.0
598	646	23	6765.0
646	712	23	6561.0
302	349	23	8781.0
91	299	23	1298.0
402	788	23	6314.0
170	691	23	7240.0
225	591	23	12778.0
308	563	23	7399.0
362	763	23	3659.0
602	884	23	10133.0
236	828	23	10051.0
466	667	23	11462.0
62	628	23	1165.0
792	971	23	2334.0
408	966	23	4929.0
40	214	23	12875.0
282	478	23	1298.0
478	592	23	1344.0
95	415	23	8638.0
40	667	23	14005.0
359	427	23	3936.0
217	977	23	1163.0
337	405	23	3546.0
856	954	23	4777.0
961	964	23	2037.0
417	610	23	1263.0
202	701	23	4860.0
603	647	23	2544.0
17	204	23	6060.0
254	682	23	5587.0
321	776	23	3314.0
404	465	23	3732.0
527	931	23	6642.0
546	812	23	4332.0
546	594	23	4483.0
522	532	23	9333.0
436	510	23	1810.0
855	1002	23	10020.0
213	934	23	5380.0
12	343	23	2778.0
572	784	23	6918.0
134	550	23	8881.0
665	693	23	7141.0
100	808	23	10661.0
613	808	23	12769.0
754	879	23	3337.0
13	434	23	8907.0
171	377	23	13436.0
368	397	23	9312.0
29	676	23	11089.0
479	518	23	3954.0
44	691	23	7070.0
117	413	23	7824.0
150	364	23	1530.0
308	364	23	1990.0
501	690	23	10792.0
52	251	23	4655.0
39	377	23	3950.0
19	628	23	10821.0
212	228	23	4426.0
814	818	23	1625.0
426	538	23	11351.0
253	966	23	1658.0
798	879	23	10607.0
798	973	23	8564.0
935	984	23	12974.0
65	384	23	1413.0
65	745	23	1418.0
65	981	23	1033.0
384	956	23	1383.0
423	745	23	1480.0
423	981	23	1066.0
745	956	23	1383.0
956	981	23	1034.0
309	673	23	9223.0
200	532	23	5308.0
683	746	23	7614.0
709	987	23	8627.0
230	867	23	12633.0
115	157	23	1522.0
800	886	23	1986.0
667	949	23	7237.0
405	977	23	1239.0
661	695	23	9175.0
209	909	23	8653.0
86	818	23	7599.0
595	842	23	1500.0
203	462	23	1970.0
394	896	23	2347.0
44	209	23	8229.0
53	482	23	3777.0
182	733	23	10817.0
238	946	23	4263.0
225	973	23	11382.0
108	563	23	6831.0
539	764	23	1453.0
384	726	23	1360.0
8	348	23	7150.0
0	22	23	4023.0
22	370	23	6127.0
668	739	23	9065.0
40	304	23	11590.0
155	456	23	2057.0
326	706	23	5926.0
9	837	23	9269.0
294	772	23	1984.0
560	667	23	9076.0
69	88	23	9409.0
433	681	23	5169.0
477	613	23	3565.0
313	780	23	10289.0
60	432	23	2945.0
76	811	23	8941.0
674	953	23	7692.0
96	899	23	4475.0
304	560	23	2975.0
252	591	23	12508.0
720	728	23	3334.0
172	395	23	4356.0
261	296	23	3520.0
285	794	23	3096.0
794	965	23	9737.0
196	698	23	7692.0
303	545	23	9412.0
303	890	23	9634.0
180	817	23	2770.0
32	947	23	4310.0
35	868	23	6421.0
39	337	23	3882.0
119	820	23	16559.0
566	940	23	8865.0
186	647	23	11812.0
170	586	23	4716.0
453	891	23	15547.0
543	544	23	9773.0
369	626	23	9453.0
98	483	23	6842.0
99	581	23	8429.0
200	685	23	8120.0
876	956	23	3484.0
581	923	23	11937.0
473	591	23	5357.0
288	676	23	11467.0
110	196	23	4137.0
110	233	23	7323.0
252	414	23	9904.0
185	200	23	6811.0
88	696	23	13110.0
214	837	23	8490.0
338	923	23	4463.0
436	740	23	3655.0
22	513	23	5675.0
140	490	23	1249.0
344	544	23	1574.0
120	626	23	3796.0
265	410	23	3961.0
432	627	23	2721.0
112	412	23	3529.0
112	635	23	3837.0
605	879	23	3439.0
828	932	23	12850.0
67	521	23	2222.0
12	550	23	8205.0
707	883	23	7854.0
627	694	23	6919.0
197	340	23	1593.0
49	576	23	5989.0
57	584	23	7155.0
353	695	23	9707.0
683	748	23	8742.0
71	783	23	2937.0
562	673	23	8164.0
167	352	23	2278.0
660	745	23	10735.0
282	349	23	3176.0
190	998	23	3139.0
64	688	23	8463.0
164	725	23	5826.0
163	501	23	997.0
708	907	23	7186.0
254	414	23	5596.0
254	710	23	5666.0
613	616	23	1928.0
384	847	23	6494.0
83	254	23	5517.0
175	863	23	9220.0
79	279	23	5007.0
175	357	23	9408.0
457	785	23	11549.0
379	412	23	10491.0
435	958	23	10606.0
601	968	23	4022.0
99	282	23	1751.0
225	371	23	1087.0
254	413	23	5482.0
705	715	23	3201.0
304	667	23	11902.0
79	721	23	7635.0
377	632	23	10789.0
556	579	23	10641.0
19	143	23	2485.0
285	478	23	1320.0
285	302	23	9168.0
125	196	23	7116.0
4	353	23	14495.0
241	980	23	3607.0
637	678	23	12680.0
97	173	23	2987.0
343	510	23	4788.0
349	478	23	1320.0
352	478	23	1298.0
71	462	23	1443.0
317	446	23	10014.0
96	722	23	3793.0
863	1002	22	10370.0
916	970	22	13166.0
551	669	22	9666.0
667	1001	22	7059.0
144	932	22	11293.0
816	947	22	4583.0
158	774	22	4901.0
490	603	22	6590.0
348	695	22	8937.0
129	603	22	971.0
345	427	22	3787.0
550	740	22	2927.0
411	919	22	5129.0
333	370	22	8432.0
14	879	22	3098.0
201	747	22	10314.0
215	695	22	9707.0
684	996	22	11459.0
375	786	22	6474.0
252	605	22	5063.0
427	969	22	3296.0
54	812	22	3261.0
108	473	22	6309.0
108	879	22	6475.0
173	663	22	2569.0
523	964	22	8798.0
146	657	22	6292.0
37	44	22	4319.0
621	859	22	11348.0
376	462	22	1015.0
458	462	22	1453.0
462	854	22	1471.0
791	905	22	4129.0
67	566	22	2102.0
4	502	22	14923.0
726	764	22	1378.0
745	764	22	1479.0
189	354	22	2441.0
521	940	22	11107.0
379	693	22	7275.0
514	702	22	12752.0
96	407	22	4480.0
407	424	22	7533.0
376	395	22	1003.0
326	406	22	5908.0
242	492	22	8745.0
810	830	22	7423.0
123	158	22	1314.0
123	226	22	2331.0
123	646	22	1266.0
123	926	22	2355.0
116	608	22	6271.0
426	577	22	9186.0
110	336	22	9078.0
104	862	22	5580.0
104	948	22	5485.0
651	1002	22	11142.0
413	589	22	5423.0
40	578	22	2262.0
742	897	22	1875.0
120	681	22	3693.0
500	642	22	9029.0
138	769	22	3998.0
361	382	22	1277.0
543	638	22	8419.0
333	367	22	9194.0
256	781	22	10467.0
43	877	22	10357.0
656	851	22	2406.0
405	518	22	4071.0
16	395	22	2812.0
65	462	22	1397.0
384	462	22	1445.0
462	956	22	1383.0
462	981	22	1041.0
87	408	22	7824.0
212	451	22	7698.0
35	665	22	3647.0
169	478	22	7230.0
107	770	22	7465.0
601	961	22	5590.0
447	478	22	12909.0
812	911	22	1140.0
213	307	22	2805.0
726	911	22	10307.0
172	263	22	3126.0
469	485	22	11897.0
65	876	22	2938.0
229	646	22	6547.0
491	893	22	12078.0
258	865	22	9459.0
537	830	22	3691.0
7	453	22	11040.0
412	693	22	9868.0
59	230	22	10704.0
12	134	22	1652.0
147	184	22	4574.0
147	720	22	2732.0
347	394	22	3687.0
485	985	22	3196.0
156	838	22	4944.0
400	803	22	13705.0
586	739	22	5482.0
93	802	22	7080.0
86	767	22	7333.0
560	949	22	9277.0
346	777	22	8043.0
137	642	22	7331.0
274	822	22	2713.0
89	773	22	8536.0
762	823	22	10596.0
213	548	22	4852.0
213	771	22	5085.0
761	916	22	10499.0
196	849	22	11667.0
575	883	22	1711.0
221	415	22	10681.0
909	998	22	3306.0
52	610	22	1090.0
220	270	22	8370.0
14	364	22	5668.0
11	270	22	5975.0
500	733	22	13880.0
644	825	22	17471.0
136	350	22	8330.0
635	912	22	7846.0
583	786	22	9376.0
67	940	22	2134.0
127	702	22	8751.0
252	798	22	6733.0
413	798	22	2994.0
466	837	22	5175.0
432	694	22	3019.0
852	942	22	9723.0
423	915	22	1108.0
640	813	22	9119.0
25	724	22	6075.0
85	636	22	10933.0
147	972	22	5992.0
612	614	22	12874.0
197	255	22	2069.0
255	361	22	1143.0
768	918	22	3947.0
768	996	22	8281.0
300	481	22	11333.0
117	526	22	4706.0
153	308	22	5208.0
164	990	22	5890.0
683	691	22	9075.0
10	459	22	9764.0
375	840	22	6598.0
225	798	22	5864.0
87	253	22	7949.0
71	151	22	3382.0
568	813	22	4455.0
286	962	22	7338.0
302	861	22	2827.0
417	434	22	11111.0
485	736	22	6087.0
143	219	22	4076.0
407	448	22	2456.0
557	640	22	7332.0
169	510	22	1028.0
646	840	22	7181.0
25	869	22	6350.0
191	488	22	10119.0
256	913	22	12405.0
733	948	22	6770.0
360	471	22	2183.0
636	975	22	11441.0
675	774	22	7410.0
48	848	22	7151.0
338	794	22	3146.0
97	500	22	2471.0
235	518	22	9647.0
265	518	22	7556.0
85	885	22	10344.0
296	415	22	10700.0
146	168	22	5456.0
353	502	22	12948.0
628	768	21	10924.0
329	636	21	11977.0
229	598	21	1135.0
550	986	21	3266.0
510	859	21	4862.0
458	525	21	1541.0
525	854	21	1463.0
107	724	21	6250.0
142	297	21	1045.0
527	808	21	11582.0
252	751	21	2015.0
668	748	21	3063.0
206	954	21	2761.0
493	755	21	4179.0
133	481	21	7367.0
133	831	21	7307.0
727	957	21	12033.0
254	591	21	5555.0
254	879	21	3840.0
302	794	21	2527.0
147	728	21	5958.0
147	980	21	6017.0
716	976	21	12738.0
414	605	21	5063.0
550	574	21	6029.0
214	304	21	11013.0
282	285	21	3263.0
129	239	21	1909.0
870	992	21	10987.0
854	956	21	1385.0
221	690	21	9578.0
726	981	21	1033.0
764	981	21	1040.0
390	791	21	4483.0
669	878	21	13640.0
182	500	21	10172.0
99	302	21	8027.0
37	675	21	2999.0
123	229	21	2423.0
112	472	21	3840.0
329	975	21	11177.0
178	749	21	1713.0
41	832	21	3283.0
352	794	21	1402.0
57	385	21	7076.0
258	975	21	7120.0
306	370	21	7294.0
500	759	21	7758.0
767	829	21	9984.0
804	883	21	6460.0
562	807	21	10076.0
94	281	21	6702.0
214	578	21	9435.0
70	405	21	4274.0
523	886	21	6738.0
104	663	21	6274.0
633	755	21	9665.0
633	808	21	8874.0
202	991	21	7906.0
122	715	21	6586.0
44	683	21	12476.0
490	994	21	4771.0
642	945	21	9055.0
175	1002	21	9448.0
219	365	21	4434.0
241	421	21	3802.0
399	764	21	3686.0
83	710	21	8914.0
100	959	21	9686.0
613	959	21	10176.0
377	977	21	10743.0
54	546	21	4779.0
14	710	21	5656.0
450	924	21	6892.0
610	993	21	1070.0
163	415	21	1820.0
196	390	21	7235.0
85	258	21	3990.0
35	112	21	2758.0
133	729	21	7178.0
3	717	21	1664.0
3	861	21	2702.0
16	915	21	3277.0
264	482	21	6969.0
169	773	21	5315.0
152	486	21	10101.0
808	931	21	5961.0
264	428	21	6410.0
406	776	21	1262.0
27	320	21	9718.0
39	410	21	3420.0
282	717	21	1675.0
89	315	21	6697.0
315	416	21	6698.0
681	936	21	11452.0
422	716	21	11269.0
327	515	21	3053.0
182	948	21	2460.0
156	423	21	1391.0
423	954	21	4566.0
57	796	21	7110.0
216	548	21	6613.0
414	473	21	2211.0
198	321	21	4404.0
186	395	21	13485.0
83	117	21	7551.0
117	879	21	8526.0
60	593	21	5963.0
432	593	21	2786.0
646	748	21	7055.0
613	630	21	1283.0
141	681	21	3937.0
641	925	21	9796.0
265	977	21	4744.0
137	182	21	8078.0
503	787	21	10450.0
647	966	21	3061.0
457	854	21	10345.0
639	784	21	1823.0
710	973	21	10891.0
321	706	21	1231.0
307	532	21	2011.0
113	338	21	1151.0
115	904	21	1507.0
251	325	21	7523.0
281	732	21	7859.0
418	732	21	7547.0
180	678	21	3082.0
648	709	21	9015.0
648	753	21	8264.0
527	755	21	9501.0
79	666	21	3602.0
349	986	21	1931.0
21	34	21	1295.0
34	509	21	2882.0
836	1001	21	2058.0
78	788	21	10658.0
170	739	21	6986.0
151	384	21	8510.0
151	745	21	8292.0
514	984	21	1234.0
216	705	21	8691.0
166	423	21	11547.0
256	799	21	8550.0
868	912	21	3984.0
350	845	21	9243.0
41	717	21	3520.0
466	560	21	8614.0
286	541	21	3103.0
371	563	21	7399.0
563	879	21	6462.0
265	377	21	1867.0
168	555	21	8853.0
786	909	21	4456.0
253	654	21	8027.0
83	252	21	9524.0
234	349	21	3176.0
546	907	21	4527.0
955	996	21	2697.0
117	589	21	4644.0
117	252	21	9336.0
117	682	21	9366.0
117	710	21	9707.0
347	851	21	2172.0
269	647	21	1396.0
66	213	21	1380.0
227	772	21	2684.0
44	840	21	10718.0
405	779	21	11264.0
330	529	21	10376.0
281	554	21	7136.0
289	358	21	6378.0
310	529	21	3852.0
120	936	21	3814.0
110	390	21	6931.0
19	62	21	2019.0
133	272	21	7205.0
133	300	21	7082.0
784	887	21	8941.0
229	375	21	9209.0
346	768	21	8639.0
225	751	21	1525.0
519	581	21	6513.0
581	939	21	4395.0
44	597	21	5816.0
784	838	21	5269.0
137	601	21	2223.0
348	903	21	7036.0
646	775	21	4200.0
463	638	21	8477.0
23	448	21	2672.0
187	377	21	10775.0
421	830	21	2371.0
96	420	21	1098.0
107	715	21	3200.0
367	370	21	6744.0
97	961	21	5956.0
41	352	21	3588.0
284	655	21	8439.0
154	803	21	12390.0
379	635	21	8713.0
676	967	21	11344.0
258	899	21	3152.0
838	856	21	11094.0
667	837	21	5691.0
493	630	21	10205.0
200	403	20	1243.0
692	796	20	10774.0
643	967	20	11027.0
691	746	20	1645.0
122	201	20	6642.0
278	825	20	3763.0
338	581	20	10043.0
408	603	20	8907.0
92	275	20	7701.0
88	820	20	3089.0
88	833	20	3058.0
500	601	20	2289.0
139	199	20	8871.0
592	609	20	10564.0
707	721	20	8184.0
139	207	20	8789.0
462	714	20	1378.0
684	777	20	5796.0
444	983	20	9560.0
43	534	20	10352.0
62	930	20	1220.0
115	504	20	1417.0
115	743	20	1502.0
115	821	20	1486.0
137	948	20	1577.0
214	1001	20	8761.0
306	367	20	2498.0
395	854	20	1419.0
458	956	20	1362.0
3	609	20	7372.0
337	779	20	3238.0
779	917	20	4682.0
22	327	20	2011.0
83	225	20	8746.0
691	786	20	5693.0
170	683	20	7695.0
97	945	20	3605.0
63	669	20	8580.0
343	550	20	10075.0
372	710	20	2056.0
473	710	20	3192.0
121	701	20	2199.0
8	353	20	7722.0
695	903	20	7684.0
453	491	20	11353.0
52	702	20	1267.0
525	1000	20	12480.0
830	980	20	2265.0
519	550	20	5979.0
97	104	20	4364.0
334	934	20	3252.0
254	973	20	5609.0
189	706	20	1645.0
607	974	20	10498.0
9	445	20	10412.0
638	924	20	7519.0
450	543	20	7776.0
566	593	20	8319.0
691	748	20	3544.0
309	807	20	12788.0
532	685	20	15908.0
602	685	20	10042.0
586	668	20	6390.0
113	550	20	5239.0
887	1000	20	5066.0
217	779	20	10607.0
203	856	20	4607.0
76	539	20	2666.0
129	362	20	1724.0
207	958	20	10606.0
143	996	20	2492.0
47	505	20	6149.0
311	681	20	4333.0
151	660	20	8436.0
792	920	20	9226.0
156	572	20	1511.0
44	909	20	4602.0
377	405	20	962.0
697	929	20	4428.0
99	717	20	1663.0
99	861	20	1696.0
379	912	20	4623.0
818	829	20	9885.0
65	457	20	1455.0
65	764	20	1383.0
384	764	20	1458.0
423	457	20	1552.0
457	462	20	1446.0
457	956	20	1366.0
457	981	20	10055.0
764	956	20	1357.0
168	354	20	8955.0
289	639	20	5047.0
91	245	20	1309.0
209	840	20	8236.0
176	279	20	5852.0
209	229	20	9166.0
209	874	20	10795.0
87	654	20	7746.0
802	942	20	9776.0
425	603	20	4326.0
209	775	20	5273.0
158	840	20	4403.0
675	786	20	7435.0
675	840	20	6811.0
23	885	20	1512.0
329	885	20	11222.0
4	348	20	9479.0
235	632	20	4425.0
726	854	20	1414.0
455	803	20	11264.0
35	635	20	6673.0
186	915	20	11716.0
345	641	20	10651.0
302	581	20	7768.0
550	923	20	2428.0
162	203	20	1711.0
133	374	20	7062.0
689	733	20	1509.0
199	496	20	5952.0
23	664	20	1195.0
47	790	20	6053.0
264	342	20	6595.0
385	459	20	10811.0
459	584	20	10548.0
742	952	20	1006.0
209	926	20	7936.0
686	957	20	8388.0
279	795	20	5595.0
256	292	20	9573.0
649	978	20	2060.0
49	875	20	5799.0
873	950	20	13136.0
26	411	20	6835.0
143	628	20	2462.0
203	289	20	2008.0
536	898	20	1268.0
216	974	20	3975.0
364	372	20	4640.0
225	590	20	3824.0
108	798	20	5512.0
371	798	20	6316.0
473	798	20	10442.0
253	994	20	4540.0
377	779	20	1288.0
258	826	20	10727.0
467	826	20	13688.0
103	543	20	7090.0
543	924	20	9317.0
488	962	20	7866.0
591	798	20	6568.0
106	494	20	1483.0
200	213	20	4463.0
213	388	20	3989.0
576	965	20	3138.0
423	847	20	1502.0
363	407	20	3697.0
456	734	20	3577.0
425	654	20	4302.0
71	1000	20	1399.0
462	726	20	1372.0
714	1000	20	1315.0
726	1000	20	1323.0
112	693	20	3872.0
261	690	20	2141.0
1	151	20	5302.0
806	825	20	13391.0
167	349	20	3178.0
384	395	20	1395.0
714	956	20	1335.0
107	216	20	2373.0
708	994	20	4950.0
281	565	20	7967.0
297	411	20	3620.0
108	973	20	3742.0
377	479	20	4791.0
168	198	20	8769.0
129	763	20	1914.0
653	735	20	3032.0
146	422	20	6281.0
159	654	20	1044.0
649	654	20	1376.0
348	902	20	10609.0
72	804	20	1268.0
284	514	20	9216.0
92	815	20	7860.0
567	847	20	1190.0
12	436	20	3240.0
310	411	20	3447.0
583	597	20	2056.0
597	774	20	1170.0
274	890	20	1104.0
12	488	20	7940.0
441	713	20	3262.0
9	1001	20	8921.0
502	661	20	9163.0
150	563	20	7278.0
9	667	20	9588.0
755	959	20	8453.0
225	308	20	1150.0
258	885	20	3920.0
54	441	20	4966.0
209	675	20	16956.0
432	940	20	3095.0
96	595	20	1314.0
216	255	20	1584.0
146	716	20	6445.0
101	538	20	8497.0
204	701	20	2398.0
131	849	20	11507.0
573	649	20	1257.0
325	585	20	9234.0
123	909	20	1281.0
112	379	20	3690.0
668	683	20	9497.0
282	581	20	2125.0
352	861	20	2242.0
485	611	20	15604.0
36	465	20	2380.0
329	865	20	2135.0
459	686	20	11365.0
296	323	19	9578.0
252	372	19	4283.0
150	644	19	1567.0
162	954	19	2043.0
568	640	19	4680.0
282	794	19	10299.0
348	661	19	10922.0
227	347	19	3602.0
140	647	19	3307.0
321	765	19	5612.0
3	794	19	2554.0
72	795	19	2909.0
567	854	19	4036.0
101	577	19	8541.0
44	375	19	7217.0
195	411	19	3394.0
306	508	19	4147.0
367	508	19	4302.0
306	506	19	11193.0
308	591	19	1497.0
372	591	19	3969.0
847	956	19	1350.0
523	800	19	9318.0
357	855	19	9090.0
792	997	19	8963.0
26	529	19	6900.0
456	942	19	7640.0
51	963	19	7974.0
941	971	19	3339.0
97	886	19	5145.0
429	777	19	4858.0
214	466	19	11638.0
445	466	19	9029.0
233	791	19	4369.0
248	501	19	2452.0
523	862	19	13992.0
25	824	19	6496.0
466	1001	19	6575.0
121	640	19	7962.0
214	667	19	16981.0
329	407	19	1030.0
209	748	19	8070.0
113	581	19	8256.0
527	633	19	11566.0
197	934	19	8043.0
642	759	19	6482.0
844	859	19	2153.0
209	226	19	4881.0
414	754	19	4628.0
563	798	19	6012.0
556	784	19	7605.0
209	998	19	7754.0
143	212	19	3862.0
739	748	19	2581.0
278	536	19	3095.0
129	984	19	1933.0
371	973	19	4213.0
364	371	19	1898.0
107	771	19	9322.0
62	768	19	3468.0
396	629	19	13099.0
279	666	19	12656.0
948	961	19	5721.0
375	586	19	2921.0
206	1000	19	1464.0
538	679	19	13468.0
234	576	19	3850.0
285	576	19	1410.0
285	861	19	3220.0
682	798	19	5053.0
920	971	19	3023.0
23	85	19	1693.0
85	329	19	9833.0
129	935	19	1728.0
649	742	19	1457.0
376	726	19	984.0
150	773	19	1619.0
166	639	19	7741.0
523	961	19	7608.0
523	968	19	5523.0
794	894	19	1362.0
530	886	19	1977.0
459	727	19	10417.0
459	796	19	9879.0
45	685	19	8257.0
229	998	19	5736.0
108	308	19	6721.0
847	981	19	5403.0
133	587	19	6259.0
462	639	19	9811.0
106	895	19	1621.0
90	316	19	2698.0
673	807	19	11875.0
302	478	19	1320.0
99	923	19	3360.0
171	235	19	6414.0
478	581	19	1198.0
146	555	19	6286.0
787	882	19	6936.0
708	966	19	2070.0
158	998	19	3279.0
417	809	19	1646.0
837	949	19	7710.0
85	316	19	1219.0
146	387	19	6178.0
283	611	19	1672.0
611	985	19	3038.0
710	879	19	8703.0
826	842	19	1148.0
117	605	19	4264.0
601	945	19	3236.0
704	718	19	12311.0
37	683	19	4795.0
377	410	19	9658.0
166	1000	19	11077.0
567	745	19	5526.0
221	366	19	3858.0
493	527	19	2008.0
794	861	19	8924.0
140	654	19	3520.0
233	498	19	10147.0
226	874	19	4887.0
584	692	19	6647.0
692	957	19	2982.0
9	836	19	5523.0
48	231	19	7169.0
803	913	19	2631.0
278	999	19	4788.0
563	751	19	7328.0
279	319	19	12203.0
244	288	19	3732.0
525	911	19	1063.0
110	131	19	2324.0
169	825	19	8199.0
246	295	19	1880.0
9	466	19	10043.0
432	762	19	3004.0
112	722	19	1087.0
35	912	19	3868.0
328	962	19	3751.0
225	473	19	5863.0
153	973	19	6442.0
34	345	19	2865.0
394	553	19	2134.0
9	304	19	4097.0
701	813	19	2866.0
116	637	19	1569.0
3	352	19	2337.0
502	695	19	9293.0
191	436	19	5427.0
252	254	19	5518.0
30	459	19	7938.0
683	712	19	5761.0
385	692	19	8412.0
48	456	19	7239.0
47	582	19	6163.0
46	350	19	8123.0
59	570	19	10253.0
278	603	19	3189.0
172	441	19	3335.0
25	334	19	4240.0
202	287	19	2923.0
263	713	19	3050.0
428	482	19	9323.0
44	646	19	7509.0
167	581	19	2125.0
22	306	19	1806.0
39	70	19	3618.0
119	516	19	15134.0
71	525	19	1504.0
448	885	19	9822.0
195	529	19	3764.0
80	764	19	1247.0
865	975	18	4903.0
229	774	18	1856.0
484	570	18	3261.0
209	774	18	8468.0
87	994	18	4709.0
478	825	18	12377.0
911	956	18	13294.0
298	569	18	2055.0
363	899	18	6446.0
595	899	18	6459.0
349	581	18	8818.0
572	954	18	1988.0
402	829	18	11155.0
663	961	18	5491.0
37	786	18	4891.0
209	586	18	4479.0
209	598	18	8107.0
726	785	18	1414.0
764	785	18	1475.0
252	371	18	1555.0
826	843	18	9514.0
567	785	18	5666.0
53	342	18	3803.0
77	913	18	11447.0
677	742	18	1464.0
59	867	18	10300.0
436	541	18	6801.0
302	717	18	1664.0
517	803	18	13199.0
99	167	18	1761.0
669	689	18	9234.0
3	923	18	1060.0
134	191	18	5851.0
156	639	18	5012.0
168	189	18	1689.0
168	321	18	1262.0
168	706	18	8725.0
168	776	18	9358.0
65	911	18	9731.0
7	893	18	12365.0
19	511	18	11649.0
230	822	18	2504.0
107	705	18	6372.0
88	355	18	14271.0
328	343	18	4062.0
97	182	18	3023.0
110	125	18	6050.0
289	1000	18	1079.0
210	573	18	11286.0
294	553	18	1328.0
44	675	18	7903.0
62	777	18	2734.0
3	167	18	2793.0
167	717	18	1675.0
278	644	18	1403.0
748	909	18	3768.0
107	213	18	1310.0
213	974	18	2724.0
379	922	18	5309.0
212	219	18	3489.0
308	798	18	6421.0
593	823	18	7514.0
653	814	18	2942.0
85	843	18	4981.0
607	705	18	12826.0
117	754	18	4374.0
166	854	18	1457.0
695	902	18	10362.0
159	569	18	1118.0
569	649	18	1446.0
22	495	18	5565.0
166	384	18	1446.0
393	971	18	3347.0
523	759	18	4366.0
19	777	18	12412.0
357	1002	18	5738.0
339	992	18	11345.0
576	894	18	8114.0
117	225	18	9544.0
242	963	18	9928.0
279	721	18	12739.0
35	472	18	6614.0
261	415	18	4858.0
148	773	18	1158.0
304	466	18	6010.0
489	501	18	1442.0
611	736	18	5967.0
253	425	18	1804.0
196	313	18	6887.0
65	186	18	7524.0
363	970	18	1656.0
250	471	18	2177.0
139	435	18	8059.0
52	655	18	1104.0
473	682	18	4021.0
573	841	18	1265.0
377	881	18	6699.0
748	874	18	1118.0
774	874	18	1718.0
574	939	18	11305.0
102	808	18	1907.0
22	360	18	6608.0
65	812	18	2066.0
182	968	18	10593.0
117	591	18	8464.0
156	442	18	1598.0
457	915	18	1089.0
120	433	18	3576.0
52	434	18	1154.0
614	834	18	13493.0
377	700	18	2041.0
89	257	18	6884.0
715	934	18	3666.0
646	774	18	7701.0
152	921	18	10212.0
71	423	18	1472.0
143	346	18	2557.0
280	736	18	2079.0
654	841	18	1383.0
192	467	18	1259.0
88	988	18	3002.0
777	996	18	7409.0
512	543	18	1223.0
73	620	18	7064.0
73	697	18	6790.0
742	827	18	1570.0
16	916	18	8517.0
862	945	18	5601.0
35	379	18	6612.0
648	987	18	7785.0
523	945	18	5267.0
344	543	18	1803.0
128	792	18	7812.0
17	202	18	3247.0
75	613	18	5774.0
478	806	18	9223.0
209	683	18	3664.0
573	889	18	1259.0
210	442	18	3008.0
115	471	18	4970.0
115	738	18	1329.0
683	739	18	9805.0
404	573	18	11398.0
341	953	18	11216.0
572	579	18	1132.0
855	863	18	9953.0
145	381	17	8744.0
381	982	17	10436.0
284	702	17	7879.0
524	816	17	4090.0
334	705	17	2088.0
32	816	17	3940.0
142	291	17	1093.0
143	930	17	2463.0
171	265	17	3610.0
227	553	17	2438.0
236	932	17	10166.0
3	965	17	1078.0
284	993	17	1341.0
742	841	17	1464.0
742	889	17	1401.0
523	733	17	8502.0
22	367	17	6907.0
202	273	17	2436.0
702	809	17	11934.0
869	934	17	2021.0
395	660	17	1344.0
660	956	17	1365.0
368	611	17	1367.0
213	705	17	4988.0
432	521	17	3200.0
605	973	17	5177.0
538	937	17	9603.0
791	849	17	1497.0
282	609	17	4400.0
121	568	17	3832.0
306	360	17	2416.0
383	517	17	1965.0
164	452	17	5874.0
25	107	17	3825.0
202	494	17	5320.0
167	478	17	1298.0
550	939	17	4385.0
315	773	17	7047.0
123	998	17	2324.0
152	332	17	11243.0
442	573	17	2146.0
423	785	17	1448.0
257	298	17	8354.0
46	444	17	6303.0
101	679	17	8810.0
94	418	17	6425.0
349	717	17	1664.0
188	873	17	1324.0
86	402	17	7675.0
308	973	17	3181.0
395	911	17	12320.0
156	764	17	1748.0
349	861	17	3212.0
156	465	17	1903.0
182	601	17	2333.0
760	900	17	3063.0
364	563	17	1724.0
298	742	17	2004.0
190	675	17	2017.0
527	959	17	10749.0
918	930	17	1710.0
209	746	17	4252.0
911	915	17	10694.0
279	707	17	4943.0
655	702	17	7752.0
23	899	17	1931.0
395	745	17	1433.0
395	847	17	1393.0
745	915	17	1107.0
847	915	17	1085.0
207	435	17	10436.0
523	663	17	12096.0
490	594	17	4796.0
547	747	17	10624.0
391	934	17	2020.0
71	166	17	1402.0
500	523	17	4522.0
294	896	17	1538.0
779	850	17	5541.0
169	644	17	7198.0
285	609	17	10034.0
576	875	17	4976.0
167	285	17	3263.0
95	366	17	1987.0
463	543	17	8294.0
302	609	17	8521.0
785	915	17	1088.0
73	735	17	9622.0
91	929	17	1292.0
494	991	17	1387.0
75	931	17	6077.0
162	639	17	4722.0
407	899	17	8537.0
516	582	17	4936.0
93	852	17	6930.0
284	434	17	2214.0
395	462	17	1397.0
18	656	17	9079.0
18	772	17	10172.0
262	633	17	3568.0
477	633	17	3635.0
86	829	17	6884.0
779	977	17	1540.0
88	119	17	3024.0
515	631	17	5855.0
608	637	17	4021.0
4	695	17	9707.0
182	945	17	8580.0
198	776	17	13809.0
494	929	17	1287.0
694	883	17	1766.0
764	854	17	1476.0
574	581	17	5653.0
886	964	17	1453.0
467	899	17	6560.0
94	732	17	6717.0
572	1000	17	1322.0
843	885	17	4832.0
36	210	17	7307.0
210	742	17	10879.0
18	227	17	2624.0
18	394	17	2409.0
99	609	17	8554.0
589	978	17	2306.0
414	589	17	5422.0
335	585	17	9149.0
57	459	17	5832.0
460	893	17	13199.0
53	264	17	3600.0
530	968	17	1238.0
10	692	17	10273.0
586	675	17	3738.0
675	775	17	4173.0
891	893	17	14778.0
93	942	17	6987.0
37	646	17	2806.0
844	962	17	2338.0
717	965	17	1046.0
448	636	17	10369.0
53	428	17	3759.0
589	790	17	4973.0
193	734	17	2012.0
597	786	16	4921.0
724	934	16	2825.0
824	934	16	3618.0
182	523	16	4595.0
525	714	16	1348.0
525	785	16	1455.0
686	692	16	10065.0
22	333	16	6969.0
345	969	16	8947.0
692	727	16	3999.0
654	827	16	1425.0
654	889	16	1333.0
63	733	16	1509.0
733	878	16	1499.0
609	861	16	4539.0
77	292	16	12031.0
639	887	16	9058.0
108	581	16	3182.0
233	313	16	10075.0
816	880	16	4584.0
307	685	16	4744.0
705	934	16	11653.0
65	785	16	1419.0
457	847	16	7398.0
199	435	16	8776.0
841	978	16	2827.0
107	934	16	10277.0
252	526	16	5543.0
123	874	16	2358.0
252	308	16	1621.0
117	473	16	3745.0
117	973	16	8672.0
137	862	16	4535.0
500	862	16	4596.0
457	567	16	7813.0
338	478	16	1320.0
254	364	16	5555.0
23	975	16	4689.0
538	577	16	11566.0
594	647	16	3300.0
934	974	16	6608.0
393	792	16	11271.0
146	976	16	6392.0
376	567	16	1178.0
59	303	16	6655.0
715	771	16	3387.0
447	825	16	16310.0
161	867	16	1176.0
110	498	16	1282.0
847	1000	16	1394.0
548	705	16	10958.0
85	826	16	7169.0
209	583	16	4404.0
523	642	16	11439.0
57	692	16	2980.0
593	940	16	7774.0
9	949	16	9276.0
313	849	16	6129.0
284	417	16	1535.0
448	865	16	3546.0
809	993	16	1589.0
407	636	16	1312.0
210	298	16	2013.0
418	565	16	7563.0
170	786	16	3188.0
349	965	16	1250.0
785	956	16	1379.0
616	755	16	1284.0
876	911	16	3313.0
525	745	16	1481.0
653	942	16	7735.0
842	843	16	1083.0
65	525	16	1444.0
250	370	16	1820.0
262	808	16	1582.0
67	762	16	2074.0
523	530	16	9121.0
920	941	16	17237.0
52	585	16	5197.0
582	933	16	2317.0
381	619	16	12001.0
404	841	16	1421.0
186	441	16	5484.0
256	803	16	3094.0
395	423	16	1407.0
395	764	16	1383.0
188	580	16	3486.0
457	726	16	1359.0
65	854	16	1419.0
67	593	16	2281.0
525	639	16	7943.0
512	544	16	1019.0
404	897	16	1869.0
362	852	16	1342.0
306	515	16	2484.0
130	227	16	993.0
186	269	16	1551.0
209	712	16	7616.0
1	376	16	1115.0
18	553	16	9888.0
2	504	16	2593.0
250	599	16	1956.0
316	885	16	1170.0
265	779	16	10871.0
156	811	16	1954.0
150	278	16	1555.0
115	634	16	1231.0
586	646	16	3491.0
343	844	16	3207.0
202	895	16	2472.0
581	794	16	1327.0
170	748	16	1746.0
83	798	16	2800.0
651	943	16	1958.0
576	609	16	1668.0
135	736	15	1390.0
376	525	15	1054.0
49	600	15	5350.0
350	444	15	8846.0
478	717	15	1353.0
478	794	15	1305.0
717	794	15	1397.0
569	841	15	1454.0
171	779	15	1035.0
166	714	15	1371.0
375	683	15	2153.0
191	962	15	6007.0
30	692	15	4719.0
458	911	15	1185.0
660	911	15	1280.0
854	911	15	1281.0
573	952	15	1020.0
770	934	15	4104.0
152	392	15	12625.0
583	646	15	3244.0
168	326	15	5818.0
216	382	15	1733.0
250	631	15	2897.0
99	794	15	1191.0
102	633	15	4899.0
448	826	15	8270.0
169	315	15	7029.0
209	786	15	8426.0
525	726	15	1360.0
808	959	15	2329.0
140	708	15	1409.0
137	523	15	4594.0
9	40	15	7139.0
505	649	15	1156.0
14	117	15	4715.0
593	694	15	6314.0
576	794	15	3614.0
581	717	15	1664.0
162	579	15	989.0
300	934	15	1145.0
186	263	15	5227.0
457	525	15	1498.0
230	484	15	1253.0
166	660	15	1406.0
423	660	15	1411.0
894	965	15	1381.0
465	573	15	4605.0
117	153	15	1910.0
210	404	15	9626.0
210	569	15	9640.0
104	523	15	5792.0
376	956	15	1000.0
395	525	15	1435.0
525	956	15	1366.0
230	545	15	1414.0
609	986	15	2126.0
156	210	15	1576.0
843	899	15	1257.0
664	843	15	1166.0
148	825	15	2526.0
150	825	15	1828.0
191	343	15	6452.0
65	714	15	1324.0
65	847	15	1397.0
423	714	15	1343.0
423	854	15	1487.0
525	847	15	1474.0
525	981	15	1040.0
77	781	15	11055.0
205	444	15	8516.0
192	664	15	1132.0
106	202	15	1551.0
85	407	15	1406.0
315	825	15	12447.0
576	592	15	1677.0
75	755	15	6480.0
65	1000	15	1323.0
442	539	15	3057.0
248	296	15	2077.0
899	970	15	1459.0
71	915	15	1080.0
278	773	15	1293.0
360	634	15	3896.0
329	467	15	9246.0
91	238	15	1315.0
88	516	15	3033.0
593	627	15	6283.0
115	370	15	3988.0
102	527	15	1379.0
593	762	15	4263.0
563	973	15	1316.0
288	435	15	1439.0
76	210	15	1691.0
0	115	15	5133.0
115	327	15	6835.0
151	847	15	3931.0
123	375	15	2302.0
404	827	15	1530.0
117	254	15	4731.0
739	774	15	1024.0
581	609	15	9142.0
143	684	15	2438.0
589	973	15	5554.0
754	973	15	5288.0
298	510	15	1031.0
315	510	15	1032.0
73	814	15	6122.0
186	480	15	3042.0
466	949	15	6715.0
609	794	15	4285.0
257	644	15	8339.0
16	726	15	2825.0
872	959	14	8772.0
156	573	14	1942.0
826	885	14	3187.0
945	948	14	3337.0
115	495	14	6006.0
565	771	14	3115.0
138	603	14	3604.0
647	907	14	3187.0
462	785	14	1482.0
316	826	14	6463.0
1	847	14	1139.0
282	894	14	1362.0
71	395	14	1368.0
18	896	14	10032.0
616	633	14	1111.0
349	794	14	2939.0
462	887	14	1064.0
229	748	14	1279.0
573	811	14	2852.0
38	377	14	1193.0
73	895	14	1295.0
108	364	14	1145.0
539	897	14	3139.0
148	644	14	1291.0
52	809	14	1042.0
573	839	14	1003.0
384	1000	14	1389.0
457	1000	14	1400.0
462	847	14	1475.0
745	1000	14	1400.0
764	847	14	1474.0
956	1000	14	1322.0
981	1000	14	969.0
166	458	14	1485.0
423	458	14	1518.0
349	923	14	3193.0
73	929	14	1254.0
73	946	14	3333.0
742	811	14	1108.0
295	821	14	1824.0
16	956	14	3310.0
424	843	14	1151.0
633	959	14	1786.0
166	785	14	1443.0
115	367	14	3047.0
675	683	14	2663.0
115	246	14	1323.0
146	776	14	6809.0
646	746	14	3192.0
543	944	14	2645.0
258	329	14	3460.0
258	636	14	4083.0
65	376	14	1022.0
726	847	14	1408.0
459	692	14	5379.0
636	865	14	1330.0
151	457	14	8048.0
469	736	14	1786.0
90	595	14	2532.0
358	887	14	1092.0
633	931	14	6038.0
115	631	14	7554.0
147	241	14	2186.0
108	939	14	3654.0
178	625	14	1729.0
609	923	14	3382.0
640	701	14	3163.0
536	782	14	4189.0
434	514	14	1911.0
434	809	14	2730.0
156	162	14	1532.0
156	206	14	1515.0
416	510	14	1032.0
37	209	14	3793.0
73	245	14	3583.0
478	861	14	1295.0
234	581	14	2125.0
115	606	14	3487.0
