203	539	32	4417.0
28	778	32	13364.0
181	955	32	15288.0
193	848	32	12193.0
334	974	32	5314.0
169	416	32	5001.0
47	659	32	5921.0
6	810	32	9797.0
665	868	32	3682.0
3	99	32	6856.0
153	371	32	5141.0
331	860	32	10524.0
323	366	32	11434.0
323	489	32	8456.0
366	489	32	10721.0
407	467	32	11376.0
240	791	32	6845.0
17	701	32	10991.0
72	721	32	9225.0
107	334	32	11190.0
251	318	32	8287.0
251	335	32	10586.0
318	335	32	8463.0
89	806	32	8830.0
208	427	32	4657.0
362	935	32	12316.0
150	590	32	6463.0
138	898	32	3278.0
624	917	32	10173.0
603	622	32	9365.0
244	958	32	10606.0
144	293	32	10075.0
560	667	32	9076.0
520	928	32	8687.0
503	871	32	9508.0
675	998	32	8828.0
258	467	32	10734.0
176	804	32	9951.0
396	420	32	8766.0
14	526	32	9646.0
261	489	32	10700.0
415	501	32	10520.0
274	758	32	12346.0
885	975	32	11583.0
795	804	32	11947.0
245	494	32	2856.0
810	830	32	7423.0
495	508	32	8778.0
277	871	32	7178.0
74	914	32	11574.0
171	632	32	10998.0
0	495	32	8006.0
505	790	32	6845.0
190	731	32	15550.0
199	643	32	6183.0
132	503	32	7785.0
24	317	32	7674.0
598	775	32	6425.0
615	860	32	19128.0
50	564	32	9471.0
50	935	32	9537.0
564	935	32	11931.0
59	274	32	10510.0
278	536	32	3095.0
384	854	32	8859.0
717	832	32	6934.0
689	943	32	9301.0
478	806	32	9223.0
344	402	32	5953.0
475	839	32	10718.0
149	615	32	6701.0
892	995	32	7732.0
419	524	32	5184.0
299	620	32	4466.0
598	840	32	9221.0
660	714	32	13519.0
580	805	32	11347.0
421	972	32	7685.0
105	259	32	8176.0
105	722	32	8359.0
259	722	32	11613.0
526	589	32	14115.0
203	838	32	5736.0
253	408	32	8008.0
265	410	32	3961.0
572	887	32	10092.0
374	729	32	10517.0
98	711	32	6758.0
352	478	32	1298.0
108	923	32	3261.0
365	451	32	7407.0
204	813	32	8631.0
81	607	32	7618.0
566	823	32	8498.0
140	907	32	13607.0
534	960	32	10736.0
140	966	32	13811.0
140	994	32	13776.0
966	994	32	14652.0
337	917	32	10915.0
76	465	32	8899.0
843	975	32	8073.0
414	682	32	8808.0
537	720	32	5621.0
10	57	32	7515.0
375	598	32	6468.0
376	384	32	6579.0
86	818	32	7599.0
572	784	32	6918.0
877	960	32	12173.0
479	977	32	3848.0
33	709	32	7732.0
201	547	32	11277.0
507	815	32	13879.0
17	314	32	11265.0
760	848	32	4162.0
566	627	32	8425.0
134	436	32	9205.0
187	518	32	8098.0
795	883	32	7567.0
745	785	32	14545.0
399	952	32	14126.0
105	420	32	8115.0
305	753	32	7379.0
254	754	32	9999.0
485	688	32	13677.0
760	793	32	12284.0
774	840	32	10942.0
390	698	32	12383.0
113	519	32	13020.0
67	694	32	2096.0
707	804	32	9442.0
703	901	32	6198.0
238	494	32	4107.0
433	936	32	5264.0
456	852	32	11026.0
526	754	32	9999.0
124	552	32	7315.0
659	790	32	7228.0
333	631	32	7210.0
345	925	32	11778.0
149	860	32	6809.0
449	756	32	13601.0
60	566	32	6057.0
322	932	32	9433.0
206	289	32	10263.0
206	572	32	10132.0
289	572	32	9736.0
255	340	32	10359.0
386	888	32	9482.0
174	222	32	8290.0
60	762	32	8544.0
612	614	32	12874.0
420	722	32	11661.0
490	907	32	7004.0
203	764	32	3686.0
276	736	32	12454.0
84	658	32	8528.0
378	533	32	8801.0
228	365	32	5092.0
170	668	32	8255.0
170	691	32	7240.0
668	691	32	8604.0
926	998	32	8178.0
475	730	32	11905.0
81	361	32	7690.0
355	749	32	13641.0
833	988	32	17070.0
645	721	32	11307.0
449	723	32	8232.0
103	450	32	6882.0
61	358	32	7571.0
661	903	32	8061.0
316	407	32	13175.0
267	433	32	7611.0
599	606	32	9516.0
68	300	32	8297.0
124	541	32	7400.0
835	935	32	11449.0
114	892	32	6844.0
733	800	32	3836.0
330	378	32	8775.0
651	863	32	12674.0
176	795	32	11258.0
407	843	32	6971.0
396	722	32	11753.0
356	398	32	10137.0
918	996	32	10106.0
924	944	32	11770.0
150	153	32	4791.0
270	888	32	9650.0
868	922	32	4657.0
72	319	32	9332.0
128	393	32	7371.0
263	441	32	12104.0
113	923	32	11303.0
0	508	32	7685.0
63	551	32	7867.0
623	835	32	8031.0
312	333	32	10423.0
229	675	32	9375.0
232	487	32	11855.0
30	796	32	6932.0
1	384	32	6472.0
1	458	32	6873.0
384	458	32	11532.0
272	831	32	8396.0
540	815	32	10019.0
135	688	32	7945.0
8	348	32	7150.0
184	720	32	14169.0
531	608	32	7264.0
126	409	32	10087.0
23	865	32	7329.0
875	951	32	7641.0
724	869	32	11191.0
530	601	32	11315.0
608	953	32	9469.0
276	985	32	12336.0
571	866	32	8315.0
750	971	32	9882.0
380	650	32	8622.0
369	681	32	10536.0
769	898	32	6955.0
875	894	32	10054.0
861	965	32	11476.0
29	199	32	6563.0
291	297	32	3551.0
159	649	32	7462.0
557	991	32	16577.0
170	739	32	6986.0
88	696	32	13110.0
421	537	32	8710.0
96	722	32	3793.0
542	995	32	8015.0
190	864	32	12676.0
13	993	32	9249.0
122	547	32	6674.0
183	470	32	10274.0
8	215	32	7452.0
592	794	32	3642.0
50	835	32	9472.0
50	984	32	5506.0
835	984	32	7628.0
838	887	32	11909.0
57	584	32	7155.0
195	291	32	4062.0
45	602	32	7492.0
246	743	32	8933.0
429	511	32	7260.0
153	879	32	7872.0
113	986	32	12581.0
0	312	32	6653.0
490	594	32	4796.0
450	638	32	7362.0
800	964	32	10405.0
140	603	32	3555.0
603	907	32	9074.0
395	726	32	11156.0
30	385	32	9650.0
600	894	32	12390.0
82	709	32	8915.0
211	615	32	19167.0
675	746	32	3166.0
39	235	32	13360.0
44	586	32	12967.0
159	677	32	7510.0
56	562	32	8236.0
268	807	32	10995.0
183	671	32	9671.0
82	858	32	7690.0
82	906	32	7775.0
858	906	32	9672.0
392	486	32	11557.0
392	921	32	10876.0
486	921	32	7867.0
178	369	32	10052.0
260	487	32	8472.0
265	405	32	10052.0
555	706	32	11988.0
352	356	32	7921.0
352	832	32	8233.0
356	832	32	10261.0
372	473	32	10035.0
70	405	32	4274.0
384	745	32	10516.0
327	631	32	6893.0
677	889	32	9456.0
469	485	32	11897.0
503	882	32	7417.0
907	994	32	16937.0
289	784	32	14119.0
289	856	32	11431.0
289	887	32	11830.0
784	856	32	8259.0
784	887	32	8941.0
856	887	32	13424.0
268	562	32	8803.0
172	186	32	8689.0
246	821	32	8766.0
564	984	32	8411.0
273	461	32	4770.0
216	361	32	10510.0
121	857	32	7897.0
300	374	32	12657.0
390	905	32	10033.0
14	414	32	5592.0
619	989	32	9500.0
82	737	32	8901.0
618	624	32	10223.0
354	555	32	11706.0
385	796	32	12092.0
328	744	32	9670.0
33	324	32	7955.0
452	866	32	7855.0
159	889	32	7394.0
206	784	32	7240.0
82	324	32	8250.0
616	630	32	10179.0
60	694	32	8584.0
238	929	32	3432.0
14	589	32	9528.0
187	479	32	5052.0
190	320	32	11364.0
823	940	32	11006.0
285	923	32	4169.0
620	814	32	11081.0
363	424	32	6169.0
376	458	32	5349.0
2	464	32	4757.0
465	897	32	12166.0
97	862	32	11455.0
43	218	32	10533.0
553	772	32	10456.0
293	322	32	9594.0
194	355	32	16536.0
180	608	32	12608.0
298	806	32	10450.0
121	617	32	7906.0
417	655	32	10510.0
564	835	32	11245.0
511	930	32	10834.0
85	636	32	10933.0
194	749	32	13194.0
37	746	32	5409.0
37	774	32	5095.0
746	774	32	8108.0
51	652	32	8107.0
160	614	32	11310.0
102	262	32	12501.0
712	840	32	9667.0
104	862	32	5580.0
134	286	32	5828.0
261	323	32	11062.0
112	868	32	2888.0
819	908	32	12546.0
30	584	32	9802.0
490	708	32	8349.0
422	716	32	11269.0
422	976	32	8557.0
716	976	32	12738.0
33	858	32	7977.0
198	406	32	2653.0
277	658	32	12219.0
137	961	32	7618.0
1	714	32	7544.0
266	438	32	9719.0
15	599	32	8807.0
143	451	32	3940.0
414	526	32	5536.0
31	990	32	8883.0
311	650	32	7012.0
660	783	32	11457.0
427	604	32	4670.0
408	603	32	8907.0
7	891	32	11131.0
275	389	32	10927.0
61	579	32	7577.0
505	582	32	10896.0
156	954	32	4887.0
33	753	32	7261.0
44	158	32	5230.0
516	988	32	16318.0
891	893	32	14778.0
449	990	32	13566.0
188	914	32	10251.0
126	819	32	9214.0
537	972	32	8899.0
531	637	32	10180.0
424	842	32	5177.0
711	910	32	8867.0
730	764	32	1291.0
704	955	32	15417.0
42	671	32	11357.0
419	947	32	6642.0
154	400	32	12775.0
505	659	32	9085.0
655	789	32	9012.0
184	980	32	5963.0
15	360	32	3064.0
300	729	32	13785.0
354	706	32	10791.0
326	406	32	5908.0
106	494	32	1483.0
288	643	32	10988.0
458	783	32	8982.0
564	623	32	8246.0
430	905	32	13237.0
155	468	32	12790.0
344	944	32	11524.0
249	859	32	10468.0
167	592	32	3796.0
92	389	32	7844.0
146	198	32	6248.0
479	632	32	4990.0
479	700	32	4584.0
632	700	32	4795.0
176	319	32	5145.0
76	454	32	8804.0
223	342	32	5805.0
302	592	32	8858.0
605	754	32	9885.0
68	729	32	8257.0
136	205	32	8014.0
136	983	32	8029.0
205	983	32	13132.0
82	305	32	7512.0
302	338	32	8855.0
740	844	32	7746.0
252	364	32	12553.0
295	703	32	6522.0
778	873	32	13677.0
136	224	32	7925.0
327	495	32	6715.0
214	667	32	16981.0
64	283	32	11428.0
170	775	32	5597.0
271	955	32	18514.0
135	280	32	7964.0
693	922	32	7908.0
110	905	32	6793.0
961	968	32	12046.0
736	985	32	14453.0
556	579	32	10641.0
246	504	32	8581.0
26	533	32	6982.0
89	416	32	8475.0
519	923	32	9598.0
753	858	32	7732.0
698	905	32	10462.0
691	739	32	7872.0
180	678	32	3082.0
220	270	32	8370.0
37	840	32	5520.0
144	322	32	10638.0
178	267	32	7610.0
254	682	32	5587.0
81	974	32	2967.0
83	591	32	12622.0
21	345	32	8965.0
409	819	32	14897.0
71	384	32	6295.0
72	883	32	8631.0
370	495	32	10810.0
374	587	32	10866.0
669	943	32	13545.0
740	744	32	3449.0
541	962	32	9135.0
586	748	32	10237.0
139	958	32	8990.0
364	754	32	5186.0
314	557	32	12361.0
314	991	32	12109.0
712	746	32	6167.0
172	395	32	4356.0
598	774	32	9210.0
10	686	32	13177.0
236	932	32	10166.0
92	507	32	7782.0
97	601	32	11242.0
97	886	32	5145.0
601	886	32	4783.0
397	671	32	11170.0
113	592	32	1917.0
338	609	32	10118.0
285	349	32	10080.0
369	380	32	9812.0
40	214	32	12875.0
17	857	32	5473.0
468	760	32	12193.0
468	793	32	13418.0
56	807	32	8255.0
562	807	32	10076.0
26	529	32	6900.0
334	770	32	7350.0
429	996	32	10710.0
578	596	32	5888.0
837	1001	32	7475.0
253	490	32	8052.0
697	946	32	7703.0
530	642	32	9699.0
601	642	32	12749.0
312	360	32	8471.0
814	946	32	7703.0
416	806	32	9378.0
493	616	32	12192.0
171	518	32	11829.0
494	620	32	4122.0
44	775	32	14227.0
395	713	32	4207.0
121	557	32	6367.0
403	534	32	10644.0
29	288	32	11391.0
110	430	32	6241.0
522	602	32	7973.0
745	847	32	10063.0
286	744	32	14421.0
332	392	32	12571.0
314	701	32	8125.0
20	220	32	8206.0
186	395	32	13485.0
186	876	32	13628.0
395	876	32	8328.0
311	380	32	7733.0
407	975	32	4532.0
467	975	32	12600.0
162	856	32	9849.0
224	350	32	9922.0
334	391	32	7073.0
178	355	32	1739.0
477	613	32	3565.0
360	738	32	6069.0
620	697	32	10707.0
680	757	32	11255.0
282	965	32	9200.0
375	583	32	2758.0
375	746	32	2608.0
583	746	32	8055.0
228	451	32	5112.0
220	750	32	7887.0
33	82	32	7091.0
659	978	32	9257.0
280	485	32	9295.0
120	650	32	3708.0
39	977	32	4098.0
603	752	32	6975.0
288	676	32	11467.0
132	871	32	7857.0
241	810	32	8313.0
280	688	32	9379.0
497	536	32	3722.0
151	783	32	7862.0
241	720	32	12587.0
759	961	32	8130.0
450	924	32	6892.0
530	663	32	11938.0
218	534	32	10644.0
218	960	32	12207.0
121	813	32	7861.0
739	775	32	6435.0
69	194	32	11064.0
345	969	32	8947.0
596	667	32	15383.0
380	433	32	10861.0
175	651	32	10096.0
723	756	32	7944.0
417	993	32	11792.0
74	757	32	11776.0
337	850	32	10742.0
797	866	32	7391.0
379	635	32	8713.0
150	371	32	7081.0
871	882	32	6572.0
414	473	32	2211.0
353	661	32	11220.0
267	626	32	6239.0
103	924	32	6460.0
273	287	32	4865.0
81	705	32	7848.0
408	594	32	7848.0
408	907	32	10162.0
594	907	32	17130.0
239	835	32	5918.0
472	912	32	7861.0
355	625	32	17287.0
620	735	32	12160.0
262	616	32	11850.0
70	235	32	7728.0
70	337	32	8973.0
235	337	32	8100.0
255	446	32	9420.0
346	918	32	9651.0
346	996	32	13932.0
426	679	32	12252.0
225	605	32	5063.0
221	415	32	10681.0
61	289	32	6133.0
403	877	32	14916.0
395	647	32	5259.0
642	733	32	14258.0
528	559	32	18836.0
265	917	32	4026.0
820	833	32	17243.0
608	674	32	12582.0
552	962	32	3464.0
728	980	32	10038.0
824	869	32	10798.0
217	624	32	5896.0
58	271	32	12825.0
235	265	32	13135.0
167	349	32	3178.0
206	539	32	4085.0
539	572	32	3819.0
748	909	32	3768.0
171	410	32	10866.0
484	890	32	11657.0
785	915	32	1088.0
620	946	32	5846.0
500	733	32	13880.0
65	726	32	10594.0
274	867	32	14390.0
83	710	32	8914.0
160	612	32	10102.0
252	682	32	10872.0
740	962	32	6186.0
724	824	32	11319.0
430	698	32	9942.0
42	368	32	10648.0
172	924	32	7055.0
124	844	32	7566.0
367	515	32	12145.0
534	877	32	10561.0
229	375	32	9209.0
781	913	32	11200.0
737	906	32	9674.0
583	748	32	9400.0
17	557	32	14045.0
373	487	32	10488.0
267	650	32	7677.0
7	460	32	10909.0
362	835	32	10871.0
112	722	32	1087.0
421	728	32	8301.0
728	972	32	7680.0
187	700	32	4795.0
39	217	32	10280.0
287	895	32	4811.0
778	805	32	14594.0
65	395	32	12126.0
571	723	32	7168.0
6	421	32	1800.0
161	303	32	8530.0
214	596	32	15825.0
214	836	32	11638.0
596	836	32	11372.0
369	433	32	8173.0
38	881	32	2402.0
267	369	32	6846.0
714	785	32	12183.0
580	778	32	10977.0
131	698	32	4877.0
586	775	32	13430.0
162	784	32	6776.0
280	611	32	9802.0
578	949	32	8557.0
781	799	32	9572.0
137	886	32	7383.0
137	968	32	7424.0
886	968	32	12283.0
51	687	32	7940.0
239	623	32	5342.0
239	984	32	12174.0
623	984	32	6839.0
102	493	32	13081.0
222	621	32	9809.0
28	805	32	13119.0
358	440	32	9003.0
197	771	32	6690.0
726	956	32	11136.0
723	990	32	7441.0
174	853	32	8202.0
458	785	32	10876.0
594	994	32	17428.0
68	374	32	8189.0
258	865	32	9459.0
312	495	32	8745.0
11	20	32	6221.0
11	750	32	6475.0
20	750	32	7502.0
493	630	32	10205.0
408	490	32	8337.0
131	313	32	4794.0
75	613	32	5774.0
726	876	32	2079.0
583	786	32	9376.0
748	786	32	13027.0
239	362	32	5253.0
323	501	32	11199.0
333	495	32	7904.0
155	793	32	13006.0
699	927	32	12089.0
206	838	32	8741.0
207	244	32	11786.0
723	866	32	6712.0
179	320	32	9560.0
28	580	32	11128.0
624	850	32	11081.0
526	605	32	10737.0
119	988	32	15915.0
700	977	32	4057.0
111	678	32	8617.0
307	685	32	4744.0
558	760	32	13720.0
366	690	32	2623.0
437	528	32	11912.0
709	906	32	9626.0
11	888	32	6287.0
237	736	32	15679.0
785	847	32	11394.0
56	268	32	8216.0
603	769	32	7061.0
290	761	32	10236.0
499	741	32	8561.0
361	705	32	8083.0
277	474	32	10861.0
567	785	32	5666.0
511	768	32	13121.0
158	874	32	6889.0
261	501	32	3927.0
285	592	32	11304.0
181	718	32	10912.0
718	955	32	12660.0
820	933	32	13518.0
64	276	32	10522.0
352	717	32	8532.0
189	555	32	2501.0
262	630	32	10362.0
938	953	32	6614.0
583	775	32	9601.0
14	252	32	5556.0
778	950	32	15318.0
923	939	32	10855.0
96	407	32	4480.0
272	729	32	13785.0
145	989	32	8980.0
470	671	32	8784.0
653	735	32	3032.0
179	731	32	9514.0
0	631	32	8201.0
721	883	32	15019.0
645	795	32	12873.0
184	241	32	12799.0
389	507	32	10893.0
401	680	32	11181.0
433	626	32	7523.0
226	926	32	4862.0
44	746	32	7148.0
64	985	32	10845.0
378	529	32	8141.0
601	968	32	4022.0
237	283	32	12653.0
370	631	32	13868.0
375	775	32	3621.0
961	964	32	2037.0
872	931	32	10219.0
770	869	32	8373.0
364	591	32	16716.0
275	507	32	15688.0
491	891	32	11405.0
601	800	32	11071.0
195	310	32	5790.0
148	497	32	4333.0
706	776	32	12520.0
25	391	32	6453.0
0	360	32	4988.0
165	406	32	5098.0
263	812	32	9226.0
820	988	32	16804.0
31	449	32	8742.0
70	175	32	4852.0
567	854	32	4036.0
238	814	32	6138.0
174	249	32	8219.0
222	249	32	9051.0
649	889	32	9016.0
423	525	32	12639.0
423	1000	32	14788.0
525	1000	32	12480.0
557	701	32	12326.0
57	686	32	7178.0
161	484	32	8413.0
104	601	32	6266.0
390	430	32	9242.0
649	978	32	2060.0
386	588	32	9806.0
44	691	32	7070.0
472	693	32	9884.0
551	689	32	10081.0
360	370	32	7729.0
40	596	32	12875.0
608	938	32	11213.0
742	897	32	1875.0
395	915	32	14004.0
299	697	32	11043.0
463	544	32	8297.0
225	414	32	9464.0
11	386	32	6237.0
813	857	32	8645.0
156	856	32	4359.0
761	801	32	10519.0
70	651	32	5131.0
339	992	32	11345.0
318	325	32	10916.0
178	380	32	12393.0
267	380	32	7348.0
245	299	32	10463.0
220	588	32	8808.0
282	352	32	2278.0
268	673	32	10294.0
160	834	32	10408.0
594	708	32	4872.0
531	817	32	8826.0
368	397	32	9312.0
518	977	32	12379.0
295	504	32	7714.0
155	760	32	14025.0
140	594	32	13840.0
52	325	32	4959.0
475	952	32	12343.0
327	360	32	3625.0
74	680	32	11536.0
285	352	32	2337.0
248	261	32	13178.0
322	828	32	10612.0
113	574	32	11374.0
148	150	32	1378.0
134	541	32	6550.0
289	579	32	8450.0
60	575	32	6173.0
433	650	32	8835.0
530	800	32	12210.0
697	814	32	12872.0
231	848	32	10571.0
385	584	32	12123.0
197	974	32	3261.0
127	514	32	8753.0
10	30	32	8713.0
71	714	32	7094.0
162	887	32	9421.0
512	944	32	10948.0
710	879	32	8703.0
783	981	32	7982.0
427	925	32	4710.0
144	828	32	12645.0
171	977	32	11841.0
327	513	32	7141.0
982	989	32	9149.0
384	785	32	11061.0
693	868	32	6309.0
189	406	32	5908.0
302	794	32	2527.0
602	884	32	10133.0
811	897	32	15659.0
539	887	32	6614.0
586	774	32	8846.0
701	991	32	12531.0
0	513	32	8424.0
262	477	32	11968.0
97	968	32	4380.0
594	966	32	16259.0
102	630	32	10349.0
274	570	32	15767.0
269	812	32	5633.0
161	570	32	2753.0
409	928	32	12529.0
371	973	32	4213.0
645	804	32	11624.0
414	754	32	4628.0
82	753	32	9106.0
61	556	32	7994.0
167	282	32	11530.0
424	595	32	8666.0
298	644	32	10423.0
526	879	32	3337.0
678	953	32	11567.0
549	921	32	9578.0
206	887	32	10642.0
833	933	32	13785.0
839	952	32	12828.0
855	1002	32	10020.0
243	400	32	15668.0
31	866	32	8566.0
15	606	32	8655.0
239	935	32	11125.0
456	734	32	3577.0
583	774	32	8585.0
387	716	32	11604.0
369	626	32	9453.0
909	926	32	3431.0
909	998	32	3306.0
668	775	32	6929.0
347	656	32	10242.0
27	190	32	8962.0
286	436	32	7896.0
801	970	32	11512.0
349	592	32	10309.0
230	570	32	13113.0
87	490	32	7927.0
635	868	32	6693.0
208	247	32	7660.0
110	499	32	8857.0
457	854	32	10345.0
20	386	32	8174.0
583	586	32	9319.0
526	973	32	5533.0
31	723	32	7028.0
217	518	32	3961.0
670	892	32	7443.0
387	976	32	11244.0
494	735	32	4358.0
156	203	32	4959.0
203	954	32	6993.0
215	661	32	9701.0
429	918	32	9080.0
315	644	32	11510.0
84	503	32	6580.0
288	496	32	10553.0
172	876	32	9143.0
505	978	32	13628.0
134	744	32	9661.0
380	626	32	9452.0
161	822	32	8707.0
948	964	32	9422.0
305	987	32	6831.0
204	640	32	11615.0
400	455	32	11419.0
305	709	32	8343.0
148	536	32	3161.0
582	659	32	9129.0
314	813	32	6907.0
79	795	32	11493.0
333	515	32	8713.0
199	207	32	10044.0
319	645	32	7677.0
141	267	32	6717.0
37	775	32	5115.0
774	775	32	9438.0
520	908	32	11247.0
103	638	32	6716.0
39	779	32	11408.0
449	452	32	13058.0
238	697	32	6510.0
163	489	32	7988.0
119	582	32	5576.0
204	991	32	8557.0
211	331	32	10304.0
300	481	32	11333.0
222	853	32	10265.0
70	618	32	9009.0
70	624	32	8863.0
416	510	32	1032.0
416	773	32	10551.0
510	773	32	1073.0
894	951	32	7641.0
283	736	32	12909.0
683	774	32	8053.0
528	699	32	11883.0
528	927	32	15540.0
266	483	32	13226.0
225	682	32	10872.0
200	877	32	4916.0
358	784	32	7753.0
36	465	32	2380.0
601	733	32	6546.0
12	351	32	8427.0
203	887	32	6182.0
683	748	32	8742.0
72	176	32	3145.0
64	237	32	11593.0
551	878	32	11526.0
353	903	32	11969.0
29	967	32	11254.0
280	469	32	9321.0
469	611	32	11056.0
340	446	32	9435.0
314	857	32	6446.0
584	727	32	10517.0
151	567	32	5913.0
151	745	32	8292.0
567	745	32	5526.0
84	871	32	5818.0
552	844	32	7873.0
206	579	32	1463.0
74	188	32	13248.0
597	739	32	10862.0
752	769	32	5452.0
628	996	32	5978.0
235	624	32	10450.0
26	378	32	7199.0
229	926	32	5906.0
456	848	32	14089.0
46	845	32	7794.0
141	433	32	7537.0
591	754	32	5164.0
14	754	32	9257.0
266	711	32	8788.0
366	501	32	4410.0
726	981	32	1033.0
74	401	32	12339.0
286	351	32	13743.0
286	541	32	3103.0
351	541	32	4551.0
721	795	32	8497.0
731	864	32	12643.0
488	744	32	15088.0
236	828	32	10051.0
785	854	32	13333.0
351	744	32	14961.0
193	456	32	12300.0
38	479	32	2482.0
343	510	32	4788.0
31	756	32	8818.0
118	445	32	6429.0
619	719	32	11921.0
472	665	32	8764.0
376	854	32	9974.0
916	970	32	13166.0
532	602	32	9534.0
579	784	32	9812.0
249	853	32	8901.0
658	871	32	12329.0
376	847	32	9877.0
197	361	32	10510.0
589	605	32	10737.0
209	598	32	8107.0
327	367	32	2717.0
187	977	32	8071.0
599	634	32	9673.0
193	231	32	10770.0
104	530	32	6062.0
104	964	32	6306.0
530	964	32	10405.0
640	991	32	9318.0
521	762	32	9626.0
306	327	32	3797.0
495	631	32	10159.0
316	424	32	9519.0
857	991	32	8542.0
111	531	32	8382.0
309	562	32	10299.0
21	427	32	3697.0
32	419	32	4281.0
539	856	32	6345.0
98	483	32	6842.0
746	840	32	7000.0
391	724	32	11042.0
756	866	32	9130.0
84	277	32	8431.0
425	594	32	16358.0
286	343	32	7610.0
723	797	32	7067.0
505	841	32	1965.0
423	462	32	13957.0
19	346	32	7349.0
208	359	32	5635.0
58	955	32	19443.0
756	797	32	10330.0
338	592	32	11683.0
97	800	32	8377.0
176	883	32	8581.0
371	879	32	8879.0
211	766	32	8696.0
355	696	32	14277.0
234	338	32	3335.0
68	587	32	8239.0
199	288	32	10572.0
81	213	32	5553.0
81	934	32	7697.0
213	934	32	5380.0
512	924	32	10795.0
360	367	32	7786.0
850	917	32	11467.0
140	425	32	13872.0
425	966	32	16517.0
625	749	32	13662.0
521	627	32	14521.0
639	856	32	7582.0
862	968	32	5730.0
338	352	32	2315.0
184	537	32	7401.0
224	845	32	11840.0
257	447	32	9115.0
51	242	32	8057.0
242	652	32	10124.0
308	879	32	8451.0
63	689	32	7893.0
293	828	32	10933.0
178	650	32	8826.0
763	835	32	4230.0
50	979	32	9573.0
3	581	32	6752.0
165	198	32	2074.0
657	716	32	11243.0
657	976	32	10896.0
149	331	32	6607.0
65	876	32	2938.0
89	298	32	8650.0
298	416	32	8471.0
359	604	32	5533.0
582	978	32	11061.0
195	919	32	3148.0
413	798	32	2994.0
314	568	32	9672.0
568	857	32	3984.0
351	740	32	1667.0
224	983	32	9431.0
566	694	32	7068.0
748	775	32	10934.0
622	769	32	7061.0
345	509	32	11598.0
587	729	32	9836.0
573	742	32	12002.0
50	623	32	7365.0
360	495	32	7216.0
173	733	32	11132.0
766	860	32	8708.0
591	682	32	10847.0
289	539	32	3680.0
413	879	32	7077.0
158	909	32	9015.0
652	687	32	10792.0
233	849	32	12446.0
521	575	32	7209.0
551	943	32	8962.0
83	526	32	5543.0
245	929	32	4428.0
311	681	32	4333.0
442	811	32	11418.0
157	743	32	6755.0
410	977	32	11116.0
172	788	32	7248.0
413	973	32	13235.0
13	417	32	9087.0
158	375	32	9512.0
81	548	32	5591.0
209	375	32	14123.0
71	376	32	8114.0
105	629	32	8160.0
94	554	32	6622.0
260	383	32	7815.0
383	487	32	9876.0
187	632	32	9208.0
632	977	32	9935.0
617	813	32	9119.0
16	290	32	8158.0
93	561	32	7080.0
464	703	32	6130.0
2	703	32	4764.0
494	697	32	3777.0
497	603	32	3812.0
135	485	32	7846.0
607	771	32	15217.0
707	721	32	8184.0
63	878	32	8021.0
208	604	32	7331.0
10	796	32	11499.0
754	879	32	3337.0
663	964	32	10405.0
399	475	32	11041.0
399	839	32	9169.0
95	261	32	1448.0
458	714	32	11901.0
132	658	32	8014.0
221	501	32	10535.0
489	501	32	1442.0
312	367	32	8479.0
586	598	32	5819.0
235	779	32	11215.0
624	779	32	6740.0
707	883	32	7854.0
150	879	32	6771.0
245	735	32	10235.0
217	405	32	10195.0
2	901	32	4879.0
134	962	32	10092.0
409	908	32	14808.0
714	854	32	10455.0
906	987	32	7165.0
173	961	32	10763.0
197	607	32	10059.0
541	552	32	8712.0
341	531	32	8575.0
341	678	32	13967.0
531	678	32	9161.0
190	675	32	2017.0
764	838	32	2311.0
102	616	32	10534.0
305	737	32	9386.0
161	890	32	8747.0
173	945	32	8899.0
143	212	32	3862.0
548	974	32	11317.0
278	497	32	5537.0
106	273	32	1599.0
232	383	32	9375.0
72	666	32	9436.0
802	852	32	14106.0
557	568	32	14094.0
364	798	32	7079.0
368	671	32	9282.0
187	881	32	8167.0
173	862	32	4952.0
173	886	32	11065.0
862	886	32	7078.0
925	969	32	9064.0
175	855	32	9459.0
532	884	32	11296.0
110	741	32	8869.0
223	264	32	6023.0
201	715	32	12216.0
437	699	32	11009.0
464	901	32	8545.0
83	364	32	12560.0
145	619	32	9670.0
481	587	32	10355.0
187	235	32	2587.0
124	740	32	7224.0
159	841	32	7869.0
304	596	32	10086.0
679	937	32	9680.0
295	901	32	8104.0
111	341	32	8610.0
135	469	32	8203.0
709	737	32	11402.0
24	340	32	7003.0
344	924	32	11374.0
880	947	32	6598.0
17	640	32	6326.0
343	744	32	10858.0
218	403	32	13509.0
536	999	32	7849.0
12	962	32	2409.0
140	490	32	1249.0
436	744	32	10980.0
730	839	32	10136.0
557	813	32	6952.0
170	597	32	7867.0
312	631	32	8074.0
149	211	32	6701.0
429	684	32	10655.0
100	931	32	6427.0
583	840	32	7114.0
127	610	32	8530.0
743	904	32	9614.0
514	809	32	13331.0
425	907	32	14362.0
643	967	32	11027.0
410	518	32	10952.0
733	886	32	13242.0
570	758	32	12239.0
326	354	32	6826.0
149	766	32	6757.0
454	897	32	11761.0
316	595	32	5991.0
249	621	32	10003.0
76	442	32	8656.0
320	731	32	11208.0
471	606	32	9250.0
276	283	32	11805.0
753	906	32	7763.0
10	584	32	10788.0
710	754	32	5186.0
324	709	32	8995.0
601	945	32	3236.0
601	961	32	5590.0
945	961	32	9513.0
628	684	32	4090.0
684	996	32	11459.0
83	605	32	5063.0
364	413	32	13004.0
236	322	32	9216.0
490	603	32	6590.0
628	768	32	10924.0
338	349	32	10225.0
518	632	32	9962.0
157	904	32	6635.0
684	930	32	4162.0
198	326	32	8709.0
134	740	32	3648.0
483	910	32	7582.0
571	797	32	7687.0
14	413	32	5482.0
637	678	32	12680.0
45	532	32	7850.0
724	770	32	8313.0
370	513	32	16922.0
645	883	32	10780.0
181	704	32	9261.0
134	343	32	9955.0
30	727	32	9691.0
343	740	32	5929.0
38	632	32	2351.0
516	933	32	15013.0
324	858	32	8714.0
709	858	32	10044.0
158	712	32	3768.0
216	974	32	3975.0
96	664	32	4427.0
121	204	32	8686.0
764	1000	32	15810.0
324	753	32	8136.0
324	987	32	7666.0
753	987	32	8763.0
623	935	32	8032.0
84	132	32	5437.0
84	474	32	8320.0
132	277	32	6947.0
132	474	32	6021.0
750	888	32	7734.0
319	721	32	12062.0
935	984	32	12974.0
456	653	32	10313.0
147	421	32	5970.0
64	736	32	11683.0
587	831	32	8392.0
143	429	32	1692.0
143	628	32	2462.0
429	628	32	3208.0
458	854	32	9164.0
678	817	32	15245.0
438	483	32	8877.0
338	986	32	3238.0
196	780	32	8742.0
432	627	32	2721.0
595	842	32	1500.0
198	555	32	11071.0
9	837	32	9269.0
933	988	32	14200.0
258	843	32	9588.0
553	656	32	8781.0
131	780	32	6855.0
172	944	32	6789.0
822	890	32	9739.0
220	888	32	8799.0
588	888	32	9665.0
198	706	32	10971.0
433	681	32	5169.0
492	652	32	10731.0
550	962	32	10079.0
862	964	32	9061.0
496	643	32	13820.0
442	454	32	10086.0
607	705	32	12826.0
199	967	32	6434.0
105	396	32	8437.0
755	872	32	5757.0
560	578	32	9695.0
617	701	32	6725.0
838	1000	32	4582.0
158	598	32	4264.0
598	712	32	8760.0
23	316	32	6504.0
372	563	32	7399.0
135	611	32	8126.0
24	446	32	6887.0
235	518	32	9647.0
598	909	32	3743.0
360	631	32	6482.0
583	712	32	6294.0
712	748	32	9528.0
746	748	32	7908.0
272	300	32	17348.0
719	989	32	9535.0
452	571	32	8136.0
452	723	32	8232.0
50	362	32	9521.0
102	477	32	11973.0
102	613	32	4525.0
315	447	32	13298.0
162	572	32	9357.0
267	936	32	4062.0
698	780	32	10803.0
393	997	32	10794.0
162	289	32	9511.0
595	664	32	1900.0
849	905	32	11244.0
375	675	32	14794.0
375	874	32	9201.0
675	874	32	12416.0
504	743	32	8799.0
385	727	32	12047.0
712	775	32	7209.0
114	995	32	7183.0
621	853	32	9998.0
688	736	32	14832.0
71	660	32	5829.0
319	666	32	11975.0
794	965	32	9737.0
372	590	32	9379.0
713	876	32	8819.0
290	970	32	12909.0
50	129	32	1947.0
24	255	32	6902.0
172	812	32	9084.0
253	594	32	4564.0
154	243	32	13051.0
55	339	32	11251.0
231	760	32	3471.0
241	830	32	10626.0
598	748	32	9077.0
81	197	32	7505.0
580	950	32	13491.0
805	950	32	15013.0
272	374	32	11597.0
746	775	32	8090.0
378	411	32	9389.0
252	413	32	9818.0
391	824	32	11452.0
84	882	32	8443.0
694	823	32	10975.0
337	618	32	10227.0
331	615	32	10388.0
7	453	32	11040.0
153	252	32	4139.0
81	771	32	6396.0
615	766	32	8696.0
400	517	32	12446.0
714	847	32	7517.0
411	533	32	10357.0
204	857	32	8645.0
110	791	32	11357.0
449	866	32	9455.0
612	834	32	12245.0
27	179	32	9501.0
178	311	32	10511.0
874	998	32	9817.0
137	733	32	7375.0
748	840	32	10870.0
145	982	32	9908.0
619	982	32	10595.0
382	446	32	11967.0
490	654	32	8323.0
311	369	32	7036.0
60	823	32	8588.0
114	542	32	7133.0
542	892	32	7404.0
99	592	32	8976.0
87	907	32	6937.0
11	588	32	6340.0
404	742	32	12817.0
359	427	32	3936.0
177	767	32	10565.0
504	703	32	3956.0
237	985	32	13991.0
283	985	32	12084.0
442	897	32	11231.0
150	751	32	7179.0
641	925	32	9796.0
800	862	32	9544.0
145	719	32	10104.0
167	234	32	11921.0
504	821	32	8517.0
316	843	32	6833.0
97	948	32	11300.0
298	478	32	8217.0
358	556	32	9397.0
458	981	32	10124.0
425	994	32	14733.0
160	476	32	9241.0
226	998	32	4785.0
100	527	32	10199.0
513	631	32	13868.0
385	957	32	11035.0
346	684	32	10799.0
13	655	32	8369.0
97	530	32	8135.0
337	624	32	8592.0
371	590	32	6841.0
866	990	32	8847.0
158	229	32	7047.0
375	926	32	5931.0
139	199	32	8871.0
198	354	32	10987.0
464	504	32	3494.0
245	814	32	9000.0
694	762	32	9851.0
12	328	32	8299.0
71	785	32	8265.0
452	725	32	10250.0
20	888	32	8194.0
2	295	32	3647.0
2	443	32	3623.0
295	443	32	4728.0
295	464	32	6377.0
443	464	32	6953.0
443	703	32	4563.0
620	653	32	3015.0
347	553	32	10411.0
72	279	32	9777.0
100	872	32	7043.0
680	914	32	10491.0
733	961	32	13637.0
649	677	32	10364.0
163	366	32	7860.0
364	414	32	13101.0
509	925	32	11982.0
192	316	32	5179.0
192	595	32	4958.0
131	390	32	4883.0
854	981	32	8181.0
696	749	32	13623.0
180	817	32	2770.0
330	533	32	9095.0
179	864	32	9865.0
586	840	32	6824.0
78	924	32	10442.0
452	756	32	12156.0
321	326	32	7600.0
321	406	32	5612.0
660	745	32	10735.0
660	981	32	10124.0
745	981	32	9580.0
479	518	32	3954.0
473	879	32	10094.0
730	952	32	12715.0
3	234	32	2732.0
80	475	32	12568.0
242	492	32	8745.0
217	265	32	10028.0
392	549	32	10940.0
71	854	32	8123.0
557	857	32	6488.0
10	727	32	9187.0
385	686	32	14361.0
211	860	32	19569.0
447	478	31	12909.0
158	748	31	4389.0
108	798	31	5512.0
60	940	31	8858.0
603	898	31	10236.0
622	898	31	9016.0
44	583	31	9647.0
203	462	31	1970.0
204	314	31	6506.0
285	302	31	9168.0
277	503	31	7907.0
291	919	31	3787.0
186	263	31	5227.0
333	513	31	9543.0
566	762	31	7640.0
289	838	31	8359.0
1	567	31	7735.0
112	922	31	3940.0
215	903	31	10306.0
413	414	31	14365.0
457	745	31	11124.0
233	390	31	11221.0
757	914	31	10516.0
300	831	31	8396.0
362	984	31	7391.0
140	408	31	4281.0
422	657	31	8890.0
586	668	31	6390.0
586	691	31	6745.0
440	784	31	7916.0
155	734	31	14263.0
545	822	31	10179.0
292	799	31	9689.0
195	297	31	2947.0
590	751	31	7140.0
683	786	31	11560.0
360	599	31	3574.0
347	772	31	12573.0
514	655	31	7651.0
141	369	31	7420.0
552	740	31	8516.0
203	206	31	2455.0
364	879	31	11299.0
263	480	31	9878.0
743	821	31	8840.0
499	791	31	6389.0
618	917	31	11453.0
118	596	31	4929.0
118	667	31	5384.0
596	837	31	5079.0
159	827	31	8319.0
326	706	31	5926.0
663	945	31	3139.0
413	710	31	9629.0
856	954	31	4777.0
647	876	31	10727.0
332	486	31	10941.0
116	938	31	6087.0
125	430	31	8945.0
125	698	31	9166.0
141	311	31	7388.0
438	910	31	8830.0
548	771	31	14026.0
495	513	31	11111.0
408	994	31	7770.0
490	994	31	4771.0
620	818	31	2402.0
285	338	31	11273.0
734	760	31	15747.0
131	905	31	10473.0
313	905	31	9938.0
230	867	31	12633.0
390	791	31	4483.0
498	849	31	10197.0
664	899	31	5760.0
371	563	31	7399.0
646	774	31	7701.0
358	579	31	9087.0
634	738	31	10202.0
254	879	31	3840.0
413	591	31	13293.0
804	883	31	6460.0
628	930	31	10919.0
799	913	31	9160.0
530	948	31	9916.0
601	948	31	12757.0
326	765	31	7127.0
391	770	31	8448.0
133	587	31	6259.0
277	882	31	11285.0
558	793	31	12105.0
10	957	31	8290.0
30	957	31	9515.0
185	200	31	6811.0
407	842	31	5177.0
194	696	31	13279.0
785	981	31	9789.0
252	526	31	5543.0
252	754	31	4869.0
394	851	31	7151.0
258	664	31	2424.0
344	788	31	11688.0
261	366	31	13210.0
474	658	31	11097.0
153	372	31	8018.0
589	973	31	5554.0
479	881	31	5015.0
700	881	31	4843.0
496	967	31	10925.0
273	895	31	4811.0
137	945	31	7537.0
598	675	31	7294.0
399	764	31	3686.0
281	732	31	7859.0
584	796	31	9071.0
656	772	31	8561.0
203	1000	31	5920.0
137	759	31	7474.0
242	687	31	9179.0
244	435	31	10312.0
44	786	31	15579.0
558	734	31	13239.0
352	398	31	7992.0
80	730	31	12787.0
725	756	31	11741.0
434	610	31	2382.0
390	780	31	10383.0
456	900	31	11015.0
23	258	31	6876.0
96	424	31	4393.0
234	282	31	11717.0
395	812	31	5921.0
150	563	31	7278.0
177	402	31	9857.0
409	520	31	10512.0
599	738	31	11076.0
312	513	31	10659.0
367	513	31	7856.0
441	876	31	4041.0
99	349	31	8732.0
456	561	31	7148.0
462	1000	31	14173.0
468	558	31	11572.0
454	465	31	10135.0
109	232	31	8052.0
109	383	31	7732.0
759	968	31	7929.0
608	817	31	2267.0
361	382	31	1277.0
119	833	31	16055.0
886	961	31	13057.0
440	579	31	9107.0
384	714	31	11639.0
332	549	31	10829.0
193	900	31	11069.0
32	880	31	4318.0
452	990	31	14854.0
181	271	31	15165.0
271	704	31	9157.0
42	470	31	11038.0
162	206	31	9522.0
206	856	31	11111.0
886	945	31	9446.0
709	753	31	9045.0
75	808	31	2660.0
214	578	31	9435.0
530	961	31	2698.0
111	608	31	2119.0
727	957	31	12033.0
200	532	31	5308.0
97	733	31	6918.0
23	885	31	1512.0
772	896	31	10744.0
375	712	31	5940.0
375	748	31	6477.0
461	895	31	4722.0
298	315	31	8320.0
298	447	31	10157.0
447	644	31	14666.0
167	285	31	3263.0
0	327	31	6692.0
151	714	31	8538.0
151	854	31	6258.0
1	376	31	1115.0
614	662	31	13132.0
691	746	31	1645.0
691	775	31	7398.0
413	605	31	5046.0
344	512	31	11898.0
111	817	31	8584.0
15	471	31	8532.0
80	839	31	11970.0
458	660	31	11758.0
119	933	31	12622.0
536	603	31	7617.0
356	717	31	6809.0
88	194	31	14557.0
3	338	31	7658.0
118	486	31	1852.0
286	962	31	7338.0
675	926	31	8352.0
90	407	30	2385.0
370	515	30	7243.0
118	560	30	6802.0
143	228	30	3834.0
881	977	30	5311.0
154	455	30	11419.0
838	954	30	6012.0
300	587	30	10864.0
603	994	30	7115.0
234	794	30	10880.0
70	917	30	8776.0
812	876	30	11416.0
426	937	30	9680.0
171	235	30	6414.0
4	348	30	9479.0
167	965	30	9984.0
915	956	30	11690.0
764	887	30	2765.0
189	321	30	7532.0
862	945	30	5601.0
252	710	30	11261.0
646	909	30	9329.0
500	961	30	10382.0
719	982	30	15040.0
745	854	30	12968.0
541	740	30	11193.0
240	499	30	9000.0
351	550	30	14814.0
174	621	30	7951.0
177	818	30	10866.0
418	554	30	7482.0
192	467	30	1259.0
305	324	30	8453.0
856	1000	30	3387.0
305	858	30	8564.0
102	755	30	3571.0
303	822	30	10995.0
688	985	30	11759.0
164	723	30	5930.0
36	742	30	7776.0
39	850	30	5376.0
29	643	30	11593.0
100	613	30	10060.0
735	814	30	13783.0
384	783	30	8477.0
416	478	30	6455.0
164	756	30	5615.0
518	881	30	5438.0
122	715	30	6586.0
663	886	30	4687.0
97	173	30	2987.0
550	740	30	2927.0
405	624	30	7032.0
80	399	30	11487.0
497	825	30	2439.0
328	488	30	9236.0
209	926	30	7936.0
272	481	30	11333.0
635	693	30	9888.0
42	397	30	10297.0
6	720	30	11252.0
160	662	30	10204.0
98	266	30	6918.0
472	635	30	12320.0
313	780	30	10289.0
289	556	30	6501.0
658	882	30	11285.0
285	965	30	2306.0
172	344	30	6996.0
203	572	30	2007.0
668	746	30	1173.0
640	857	30	8645.0
725	797	30	9195.0
169	447	30	7096.0
201	535	30	13914.0
158	998	30	3279.0
216	771	30	7447.0
486	549	30	9119.0
720	830	30	10541.0
364	682	30	10872.0
14	254	30	9762.0
254	413	30	5482.0
59	570	30	10253.0
420	629	30	10216.0
548	607	30	13166.0
375	646	30	11449.0
375	774	30	7119.0
598	646	30	6765.0
30	57	30	7429.0
30	686	30	8701.0
787	871	30	11923.0
184	830	30	10637.0
108	153	30	4393.0
360	606	30	4134.0
340	382	30	10048.0
197	548	30	5903.0
39	618	30	4503.0
173	642	30	11787.0
752	898	30	6712.0
313	498	30	4236.0
726	915	30	10146.0
477	616	30	10448.0
117	798	30	4107.0
69	749	30	11018.0
371	372	30	8302.0
372	973	30	5390.0
801	916	30	12277.0
59	758	30	10798.0
251	325	30	7523.0
441	812	30	9428.0
112	472	30	3840.0
235	850	30	8442.0
798	879	30	10607.0
59	867	30	10300.0
651	855	30	10263.0
33	305	30	8055.0
33	987	30	6737.0
835	979	30	10303.0
379	472	30	9182.0
764	952	30	4661.0
655	993	30	10739.0
60	521	30	8857.0
111	637	30	8074.0
800	961	30	2709.0
28	950	30	13643.0
592	923	30	5179.0
45	884	30	7918.0
672	892	30	7445.0
780	849	30	7915.0
412	693	30	9868.0
251	585	30	8942.0
230	758	30	11915.0
405	618	30	5274.0
907	966	30	14089.0
737	858	30	10332.0
34	208	30	5342.0
34	359	30	5444.0
627	940	30	8732.0
110	780	30	6863.0
308	372	30	8418.0
372	879	30	10677.0
146	555	30	6286.0
575	694	30	10023.0
87	425	30	1991.0
46	224	30	7715.0
46	983	30	7919.0
347	896	30	10712.0
598	746	30	5396.0
150	308	30	7050.0
339	846	30	13682.0
180	674	30	10960.0
172	713	30	8813.0
134	488	30	5877.0
545	570	30	3420.0
95	690	30	8348.0
158	774	30	4901.0
596	949	30	6619.0
104	948	30	5485.0
207	958	30	10606.0
364	605	30	5063.0
404	569	30	11800.0
286	550	30	14352.0
494	814	30	4210.0
227	851	30	1586.0
846	870	30	10300.0
58	181	30	12833.0
55	870	30	10534.0
1	783	30	7518.0
735	946	30	7703.0
846	992	30	10614.0
99	285	30	9052.0
132	882	30	6217.0
324	906	30	8786.0
445	578	30	6838.0
21	641	30	9262.0
270	386	30	11067.0
474	503	30	6997.0
474	882	30	10931.0
15	634	30	8855.0
56	309	30	8587.0
196	498	30	10140.0
361	548	30	5883.0
214	445	30	10411.0
338	923	30	4463.0
923	986	30	13889.0
191	351	30	10592.0
544	944	30	2467.0
31	571	30	8518.0
572	856	30	10501.0
254	364	30	5555.0
254	591	30	5555.0
54	441	30	4966.0
287	461	30	4800.0
800	968	30	1249.0
617	857	30	8645.0
560	836	30	4515.0
570	822	30	4565.0
140	654	30	3520.0
601	964	30	10405.0
341	817	30	13863.0
328	436	30	4508.0
178	696	30	1738.0
54	263	30	4825.0
308	590	30	6956.0
257	806	30	9228.0
163	248	30	7871.0
84	431	30	8477.0
431	882	30	9301.0
575	823	30	8572.0
544	924	30	9126.0
289	440	30	6577.0
87	594	30	4712.0
153	590	30	7971.0
590	879	30	9246.0
948	968	30	4151.0
106	461	30	1517.0
376	660	30	6326.0
26	330	30	7205.0
567	783	30	11632.0
23	467	30	7061.0
234	592	30	3799.0
304	667	30	11902.0
294	394	30	3543.0
197	934	30	8043.0
607	934	30	11660.0
226	675	30	4848.0
34	247	30	5371.0
403	960	30	12207.0
720	810	29	8923.0
387	657	29	11017.0
347	851	29	2172.0
578	837	29	12639.0
21	509	29	8905.0
665	912	29	7585.0
396	629	29	13099.0
445	596	29	8876.0
274	303	29	9123.0
748	774	29	12292.0
199	958	29	9318.0
252	589	29	5424.0
304	560	29	2975.0
416	644	29	10868.0
625	696	29	14017.0
164	449	29	5817.0
108	150	29	6865.0
361	607	29	10043.0
627	823	29	8351.0
229	874	29	9160.0
425	490	29	2007.0
551	733	29	1509.0
581	592	29	11394.0
257	416	29	6493.0
650	936	29	5049.0
629	722	29	13108.0
287	494	29	4643.0
215	353	29	11953.0
82	987	29	8849.0
137	642	29	7331.0
