862	948	32	12532.0
63	551	32	7867.0
261	323	32	11062.0
113	923	32	11303.0
449	452	32	13058.0
153	372	32	8018.0
153	590	32	7971.0
372	590	32	9379.0
323	690	32	9498.0
70	850	32	8838.0
64	276	32	10522.0
64	688	32	8463.0
276	688	32	10162.0
293	322	32	9594.0
194	355	32	16536.0
298	806	32	10450.0
121	617	32	7906.0
417	655	32	10510.0
290	761	32	10236.0
582	659	32	9129.0
603	622	32	9365.0
549	921	32	9578.0
267	936	32	4062.0
414	879	32	7045.0
339	846	32	13682.0
137	968	32	7424.0
589	605	32	10737.0
907	994	32	16937.0
598	712	32	8760.0
778	873	32	13677.0
214	667	32	16981.0
84	658	32	8528.0
84	882	32	8443.0
658	882	32	11285.0
575	694	32	10023.0
343	510	32	4788.0
781	799	32	9572.0
409	928	32	12529.0
850	917	32	11467.0
72	666	32	9436.0
877	960	32	12173.0
504	901	32	5250.0
617	701	32	6725.0
251	318	32	8287.0
423	525	32	12639.0
557	617	32	10827.0
612	662	32	11944.0
173	968	32	10906.0
408	654	32	13410.0
162	856	32	9849.0
68	374	32	8189.0
176	666	32	4859.0
759	948	32	2494.0
183	671	32	9671.0
131	698	32	4877.0
420	722	32	11661.0
376	854	32	9974.0
586	775	32	13430.0
426	679	32	12252.0
74	680	32	11536.0
327	508	32	6472.0
364	879	32	11299.0
273	287	32	4865.0
352	717	32	8532.0
408	708	32	8843.0
389	540	32	8855.0
389	815	32	10933.0
540	815	32	10019.0
393	792	32	11271.0
291	919	32	3787.0
93	802	32	7080.0
360	513	32	8498.0
290	970	32	12909.0
13	417	32	9087.0
97	601	32	11242.0
505	659	32	9085.0
586	668	32	6390.0
586	691	32	6745.0
668	691	32	8604.0
557	568	32	14094.0
244	958	32	10606.0
229	926	32	5906.0
157	246	32	7571.0
206	954	32	2761.0
783	854	32	6126.0
176	795	32	11258.0
232	373	32	10260.0
214	596	32	15825.0
770	824	32	9286.0
670	892	32	7443.0
396	722	32	11753.0
724	869	32	11191.0
111	531	32	8382.0
111	953	32	8532.0
531	953	32	13726.0
272	300	32	17348.0
469	485	32	11897.0
854	981	32	8181.0
83	589	32	5417.0
97	530	32	8135.0
140	594	32	13840.0
778	950	32	15318.0
650	936	32	5049.0
390	780	32	10383.0
525	1000	32	12480.0
399	730	32	11907.0
174	222	32	8290.0
645	804	32	11624.0
81	213	32	5553.0
452	725	32	10250.0
390	430	32	9242.0
174	249	32	8219.0
0	495	32	8006.0
190	320	32	11364.0
82	906	32	7775.0
628	684	32	4090.0
45	532	32	7850.0
344	924	32	11374.0
344	944	32	11524.0
924	944	32	11770.0
50	835	32	9472.0
658	871	32	12329.0
721	883	32	15019.0
603	898	32	10236.0
324	709	32	8995.0
324	753	32	8136.0
709	753	32	9045.0
151	714	32	8538.0
591	682	32	10847.0
559	927	32	15540.0
819	928	32	12383.0
274	570	32	15767.0
3	285	32	7783.0
586	840	32	6824.0
78	924	32	10442.0
618	624	32	10223.0
407	664	32	5597.0
167	861	32	10130.0
364	591	32	16716.0
112	379	32	3690.0
355	696	32	14277.0
251	335	32	10586.0
318	335	32	8463.0
386	971	32	11622.0
119	833	32	16055.0
40	836	32	12797.0
299	946	32	6411.0
323	366	32	11434.0
607	771	32	15217.0
316	407	32	13175.0
316	467	32	11225.0
316	843	32	6833.0
407	467	32	11376.0
407	843	32	6971.0
467	843	32	10328.0
276	985	32	12336.0
29	967	32	11254.0
600	894	32	12390.0
396	420	32	8766.0
132	787	32	8228.0
452	723	32	8232.0
541	740	32	11193.0
801	916	32	12277.0
236	322	32	9216.0
384	458	32	11532.0
384	660	32	11585.0
458	660	32	11758.0
6	421	32	1800.0
6	720	32	11252.0
421	720	32	4298.0
726	956	32	11136.0
209	748	32	8070.0
341	678	32	13967.0
83	364	32	12560.0
322	932	32	9433.0
178	267	32	7610.0
71	714	32	7094.0
71	847	32	7996.0
714	847	32	7517.0
189	406	32	5908.0
331	766	32	8696.0
385	796	32	12092.0
340	446	32	9435.0
280	485	32	9295.0
280	611	32	9802.0
485	611	32	15604.0
620	697	32	10707.0
572	784	32	6918.0
248	489	32	10721.0
72	721	32	9225.0
401	680	32	11181.0
171	410	32	10866.0
87	490	32	7927.0
154	243	32	13051.0
656	772	32	8561.0
370	513	32	16922.0
601	862	32	12339.0
541	552	32	8712.0
10	584	32	10788.0
21	641	32	9262.0
598	746	32	5396.0
598	748	32	9077.0
746	748	32	7908.0
216	361	32	10510.0
121	857	32	7897.0
675	874	32	12416.0
64	736	32	11683.0
319	666	32	11975.0
153	879	32	7872.0
113	986	32	12581.0
713	876	32	8819.0
282	352	32	2278.0
505	582	32	10896.0
505	978	32	13628.0
582	978	32	11061.0
191	351	32	10592.0
401	757	32	11222.0
393	997	32	10794.0
441	647	32	4893.0
127	610	32	8530.0
378	533	32	8801.0
70	855	32	5080.0
398	832	32	9926.0
678	953	32	11567.0
273	895	32	4811.0
429	996	32	10710.0
313	780	32	10289.0
422	976	32	8557.0
39	217	32	10280.0
318	325	32	10916.0
181	955	32	15288.0
145	619	32	9670.0
792	997	32	8963.0
187	700	32	4795.0
390	698	32	12383.0
136	224	32	7925.0
442	454	32	10086.0
442	897	32	11231.0
454	897	32	11761.0
179	320	32	9560.0
452	990	32	14854.0
725	866	32	9455.0
58	704	32	15663.0
112	868	32	2888.0
203	289	32	2008.0
379	693	32	7275.0
35	665	32	3647.0
246	821	32	8766.0
74	188	32	13248.0
362	979	32	10603.0
496	643	32	13820.0
536	999	32	7849.0
619	719	32	11921.0
328	550	32	9581.0
496	967	32	10925.0
277	882	32	11285.0
70	405	32	4274.0
149	766	32	6757.0
26	533	32	6982.0
380	433	32	10861.0
175	855	32	9459.0
122	201	32	6642.0
430	698	32	9942.0
361	771	32	7722.0
127	655	32	6505.0
735	814	32	13783.0
87	654	32	7746.0
159	889	32	7394.0
572	838	32	8455.0
572	887	32	10092.0
838	887	32	11909.0
108	574	32	2533.0
583	712	32	6294.0
226	375	32	4764.0
61	579	32	7577.0
391	824	32	11452.0
163	261	32	8009.0
213	771	32	5085.0
312	515	32	8567.0
167	234	32	11921.0
220	588	32	8808.0
490	966	32	1897.0
595	664	32	1900.0
62	346	32	8266.0
371	590	32	6841.0
362	835	32	10871.0
149	331	32	6607.0
208	427	32	4657.0
208	604	32	7331.0
427	604	32	4670.0
449	723	32	8232.0
591	754	32	5164.0
596	836	32	11372.0
163	248	32	7871.0
552	962	32	3464.0
83	682	32	8647.0
40	118	32	1952.0
289	572	32	9736.0
531	817	32	8826.0
426	937	32	9680.0
111	637	32	8074.0
651	855	32	10263.0
169	416	32	5001.0
601	642	32	12749.0
211	615	32	19167.0
29	496	32	11157.0
528	699	32	11883.0
15	599	32	8807.0
458	785	32	10876.0
52	251	32	4655.0
134	286	32	5828.0
351	744	32	14961.0
189	198	32	4824.0
571	797	32	7687.0
113	574	32	11374.0
64	283	32	11428.0
103	450	32	6882.0
675	746	32	3166.0
414	682	32	8808.0
737	753	32	8696.0
324	987	32	7666.0
306	513	32	4369.0
277	658	32	12219.0
132	277	32	6947.0
828	932	32	12850.0
551	689	32	10081.0
132	503	32	7785.0
108	150	32	6865.0
108	371	32	6743.0
108	590	32	6052.0
150	371	32	7081.0
150	590	32	6463.0
582	988	32	5707.0
105	396	32	8437.0
458	854	32	9164.0
61	784	32	7555.0
134	744	32	9661.0
286	744	32	14421.0
272	831	32	8396.0
378	411	32	9389.0
569	742	32	12361.0
697	814	32	12872.0
495	631	32	10159.0
693	868	32	6309.0
598	775	32	6425.0
34	208	32	5342.0
192	424	32	4986.0
356	832	32	10261.0
159	841	32	7869.0
591	879	32	8862.0
615	860	32	19128.0
647	713	32	8913.0
618	917	32	11453.0
198	354	32	10987.0
226	646	32	2332.0
226	909	32	2308.0
646	909	32	9329.0
71	376	32	8114.0
97	948	32	11300.0
530	948	32	9916.0
3	338	32	7658.0
187	479	32	5052.0
479	700	32	4584.0
119	582	32	5576.0
32	524	32	4039.0
238	620	32	6118.0
71	854	32	8123.0
423	726	32	1360.0
589	710	32	5657.0
33	305	32	8055.0
753	987	32	8763.0
140	966	32	13811.0
267	650	32	7677.0
83	414	32	12725.0
267	681	32	3945.0
364	413	32	13004.0
31	449	32	8742.0
421	537	32	8710.0
406	765	32	5775.0
17	640	32	6326.0
510	541	32	11201.0
553	896	32	10423.0
39	405	32	10567.0
60	627	32	5957.0
60	823	32	8588.0
627	823	32	8351.0
267	369	32	6846.0
512	788	32	11745.0
432	566	32	2855.0
432	694	32	3019.0
566	694	32	7068.0
637	953	32	13190.0
50	239	32	4383.0
193	900	32	11069.0
1	458	32	6873.0
660	745	32	10735.0
961	968	32	12046.0
380	650	32	8622.0
430	905	32	13237.0
140	425	32	13872.0
187	977	32	8071.0
146	198	32	6248.0
146	354	32	6406.0
146	706	32	6215.0
198	706	32	10971.0
354	706	32	10791.0
719	989	32	9535.0
754	879	32	3337.0
222	249	32	9051.0
28	950	32	13643.0
780	791	32	4544.0
228	451	32	5112.0
598	840	32	9221.0
45	602	32	7492.0
555	706	32	11988.0
584	727	32	10517.0
97	968	32	4380.0
161	890	32	8747.0
201	535	32	13914.0
102	616	32	10534.0
403	534	32	10644.0
537	720	32	5621.0
464	703	32	6130.0
76	811	32	8941.0
320	731	32	11208.0
603	769	32	7061.0
39	850	32	5376.0
217	850	32	5014.0
564	979	32	9938.0
473	590	32	9568.0
41	832	32	3283.0
693	912	32	6492.0
437	699	32	11009.0
266	483	32	13226.0
157	821	32	7570.0
10	796	32	11499.0
288	958	32	1090.0
227	656	32	3212.0
696	749	32	13623.0
178	355	32	1739.0
477	613	32	3565.0
360	738	32	6069.0
327	495	32	6715.0
239	935	32	11125.0
141	380	32	7310.0
56	268	32	8216.0
392	549	32	10940.0
81	197	32	7505.0
583	586	32	9319.0
874	926	32	8350.0
300	729	32	13785.0
384	785	32	11061.0
424	595	32	8666.0
286	343	32	7610.0
311	369	32	7036.0
355	749	32	13641.0
28	778	32	13364.0
29	643	32	11593.0
180	341	32	2727.0
100	527	32	10199.0
199	958	32	9318.0
200	877	32	4916.0
135	485	32	7846.0
445	837	32	6701.0
362	763	32	3659.0
575	883	32	1711.0
156	1000	32	3231.0
601	800	32	11071.0
723	756	32	7944.0
27	179	32	9501.0
65	726	32	10594.0
207	244	32	11786.0
30	57	32	7429.0
770	869	32	8373.0
645	795	32	12873.0
237	283	32	12653.0
134	351	32	7969.0
95	221	32	8861.0
298	416	32	8471.0
431	871	32	12329.0
371	591	32	1376.0
534	960	32	10736.0
384	854	32	8859.0
785	854	32	13333.0
485	688	32	13677.0
33	753	32	7261.0
666	795	32	4545.0
443	464	32	6953.0
347	772	32	12573.0
838	954	32	6012.0
311	650	32	7012.0
311	936	32	3799.0
322	828	32	10612.0
456	848	32	14089.0
594	994	32	17428.0
735	946	32	7703.0
98	438	32	6948.0
302	338	32	8855.0
308	879	32	8451.0
386	888	32	9482.0
394	851	32	7151.0
448	975	32	11002.0
144	828	32	12645.0
509	925	32	11982.0
162	838	32	8021.0
282	302	32	2910.0
392	486	32	11557.0
584	686	32	10876.0
84	871	32	5818.0
158	748	32	4389.0
557	701	32	12326.0
21	925	32	8982.0
163	489	32	7988.0
289	784	32	14119.0
621	853	32	9998.0
733	964	32	3229.0
58	271	32	12825.0
746	774	32	8108.0
726	854	32	1414.0
820	833	32	17243.0
29	288	32	11391.0
737	906	32	9674.0
753	906	32	7763.0
979	984	32	6144.0
140	994	32	13776.0
429	918	32	9080.0
255	340	32	10359.0
105	722	32	8359.0
189	555	32	2501.0
290	801	32	11192.0
499	741	32	8561.0
617	813	32	9119.0
402	512	32	6031.0
842	899	32	5200.0
23	316	32	6504.0
147	537	32	5960.0
200	532	32	5308.0
354	555	32	11706.0
495	508	32	8778.0
408	594	32	7848.0
425	966	32	16517.0
637	678	32	12680.0
516	933	32	15013.0
801	970	32	11512.0
341	608	32	2198.0
181	718	32	10912.0
174	621	32	7951.0
174	853	32	8202.0
293	828	32	10933.0
76	442	32	8656.0
120	650	32	3708.0
267	380	32	7348.0
613	872	32	6337.0
425	994	32	14733.0
137	733	32	7375.0
176	721	32	8812.0
153	225	32	3785.0
218	534	32	10644.0
314	991	32	12109.0
324	858	32	8714.0
305	709	32	8343.0
229	675	32	9375.0
876	915	32	5858.0
211	860	32	19569.0
698	780	32	10803.0
245	929	32	4428.0
295	504	32	7714.0
413	526	32	5522.0
429	684	32	10655.0
541	744	32	6303.0
827	841	32	8225.0
526	879	32	3337.0
33	324	32	7955.0
410	700	32	3265.0
20	220	32	8206.0
314	857	32	6446.0
385	584	32	12123.0
385	686	32	14361.0
643	967	32	11027.0
483	711	32	8071.0
109	373	32	7861.0
178	369	32	10052.0
594	907	32	17130.0
15	471	32	8532.0
126	520	32	8950.0
126	908	32	9883.0
520	908	32	11247.0
699	927	32	12089.0
861	965	32	11476.0
312	631	32	8074.0
27	864	32	9099.0
282	338	32	3335.0
23	467	32	7061.0
479	977	32	3848.0
419	524	32	5184.0
358	579	32	9087.0
526	605	32	10737.0
239	835	32	5918.0
660	783	32	11457.0
81	705	32	7848.0
655	993	32	10739.0
530	663	32	11938.0
518	700	32	4155.0
660	714	32	13519.0
527	755	32	9501.0
527	931	32	6642.0
755	931	32	5077.0
477	616	32	10448.0
752	898	32	6712.0
858	987	32	7163.0
419	880	32	5842.0
407	975	32	4532.0
205	983	32	13132.0
272	587	32	10856.0
74	401	32	12339.0
376	384	32	6579.0
312	495	32	8745.0
640	857	32	8645.0
198	555	32	11071.0
248	366	32	11691.0
464	901	32	8545.0
47	659	32	5921.0
380	626	32	9452.0
31	723	32	7028.0
206	579	32	1463.0
261	366	32	13210.0
261	501	32	3927.0
366	501	32	4410.0
319	721	32	12062.0
407	595	32	3831.0
374	481	32	11333.0
184	720	32	14169.0
171	518	32	11829.0
0	631	32	8201.0
37	746	32	5409.0
37	774	32	5095.0
51	687	32	7940.0
868	922	32	4657.0
475	730	32	11905.0
326	706	32	5926.0
173	886	32	11065.0
550	744	32	17172.0
305	753	32	7379.0
203	639	32	7260.0
367	515	32	12145.0
397	470	32	8692.0
397	671	32	11170.0
470	671	32	8784.0
218	877	32	12569.0
305	858	32	8564.0
353	661	32	11220.0
376	458	32	5349.0
135	280	32	7964.0
261	489	32	10700.0
352	356	32	7921.0
43	403	32	10524.0
43	960	32	10506.0
403	960	32	12207.0
312	327	32	5252.0
332	392	32	12571.0
389	507	32	10893.0
723	990	32	7441.0
248	261	32	13178.0
217	618	32	4142.0
89	169	32	4908.0
635	912	32	7846.0
124	510	32	7421.0
414	973	32	13948.0
541	962	32	9135.0
544	924	32	9126.0
230	822	32	2504.0
42	368	32	10648.0
176	319	32	5145.0
71	745	32	8086.0
382	446	32	11967.0
312	513	32	10659.0
355	625	32	17287.0
298	447	32	10157.0
888	971	32	9750.0
295	464	32	6377.0
575	627	32	4453.0
44	874	32	1862.0
356	717	32	6809.0
349	592	32	10309.0
694	762	32	9851.0
64	985	32	10845.0
571	723	32	7168.0
571	866	32	8315.0
723	866	32	6712.0
338	581	32	10043.0
189	354	32	2441.0
756	866	32	9130.0
433	626	32	7523.0
236	932	32	10166.0
866	990	32	8847.0
50	564	32	9471.0
846	870	32	10300.0
172	812	32	9084.0
245	299	32	10463.0
44	170	32	4447.0
201	547	32	11277.0
172	263	32	3126.0
757	914	32	10516.0
472	912	32	7861.0
369	380	32	9812.0
424	467	32	5695.0
424	842	32	5177.0
467	842	32	5177.0
62	511	32	5259.0
693	922	32	7908.0
230	867	32	12633.0
113	519	32	13020.0
266	711	32	8788.0
668	775	32	6929.0
334	548	32	5095.0
603	907	32	9074.0
711	910	32	8867.0
302	717	32	1664.0
601	948	32	12757.0
187	881	32	8167.0
966	994	32	14652.0
158	874	32	6889.0
723	797	32	7067.0
564	623	32	8246.0
399	475	32	11041.0
715	771	32	3387.0
179	731	32	9514.0
413	591	32	13293.0
6	184	32	11502.0
717	832	32	6934.0
727	796	32	7735.0
215	661	32	9701.0
283	736	32	12909.0
292	781	32	10257.0
360	471	32	2183.0
197	607	32	10059.0
252	591	32	12508.0
50	623	32	7365.0
413	414	32	14365.0
471	606	32	9250.0
190	864	32	12676.0
295	443	32	4728.0
498	780	32	5881.0
76	454	32	8804.0
227	851	32	1586.0
126	409	32	10087.0
409	908	32	14808.0
128	393	32	7371.0
333	513	32	9543.0
653	735	32	3032.0
57	584	32	7155.0
7	460	32	10909.0
112	722	32	1087.0
421	728	32	8301.0
421	972	32	7685.0
728	972	32	7680.0
547	715	32	12143.0
460	891	32	11171.0
278	536	32	3095.0
141	433	32	7537.0
124	552	32	7315.0
20	971	32	8132.0
270	588	32	10621.0
384	714	32	11639.0
785	981	32	9789.0
557	857	32	6488.0
17	617	32	9859.0
592	717	32	1657.0
575	823	32	8572.0
411	533	32	10357.0
358	556	32	9397.0
118	578	32	7104.0
503	882	32	7417.0
712	748	32	9528.0
238	697	32	6510.0
402	944	32	5290.0
580	778	32	10977.0
526	589	32	14115.0
206	856	32	11111.0
276	736	32	12454.0
465	811	32	12048.0
1	981	32	5885.0
458	981	32	10124.0
33	82	32	7091.0
143	429	32	1692.0
143	628	32	2462.0
429	628	32	3208.0
637	817	32	12299.0
102	613	32	4525.0
607	974	32	10498.0
180	953	32	9980.0
126	819	32	9214.0
126	928	32	9427.0
773	806	32	8798.0
456	734	32	3577.0
948	968	32	4151.0
551	878	32	11526.0
683	748	32	8742.0
72	176	32	3145.0
64	237	32	11593.0
76	465	32	8899.0
368	397	32	9312.0
237	736	32	15679.0
561	653	32	8009.0
561	802	32	8015.0
561	852	32	7841.0
653	802	32	9358.0
653	852	32	10744.0
802	852	32	14106.0
167	965	32	9984.0
721	795	32	8497.0
648	753	32	8264.0
530	800	32	12210.0
824	869	32	10798.0
217	405	32	10195.0
160	662	32	10204.0
112	922	32	3940.0
17	857	32	5473.0
445	836	32	4538.0
245	494	32	2856.0
493	616	32	12192.0
370	631	32	13868.0
203	954	32	6993.0
270	888	32	9650.0
584	796	32	9071.0
263	441	32	12104.0
203	572	32	2007.0
83	254	32	5517.0
2	504	32	2593.0
265	850	32	4869.0
280	688	32	9379.0
331	615	32	10388.0
103	924	32	6460.0
675	748	32	6754.0
423	956	32	1379.0
273	494	32	4188.0
364	414	32	13101.0
338	592	32	11683.0
338	965	32	1336.0
592	965	32	1798.0
17	557	32	14045.0
351	436	32	9320.0
367	495	32	6196.0
367	513	32	7856.0
495	513	32	11111.0
405	624	32	7032.0
189	321	32	7532.0
33	858	32	7977.0
724	824	32	11319.0
34	247	32	5371.0
429	511	32	7260.0
402	767	32	9785.0
86	818	32	7599.0
351	740	32	1667.0
119	820	32	16559.0
582	820	32	5827.0
598	774	32	9210.0
176	645	32	11680.0
61	289	32	6133.0
222	853	32	10265.0
70	618	32	9009.0
70	624	32	8863.0
839	952	32	12828.0
277	474	32	10861.0
442	811	32	11418.0
173	945	32	8899.0
587	729	32	9836.0
587	831	32	8392.0
729	831	32	8396.0
158	375	32	9512.0
186	713	32	8913.0
614	662	32	13132.0
153	798	32	8000.0
835	935	32	11449.0
511	628	32	10732.0
333	631	32	7210.0
145	989	32	8980.0
266	438	32	9719.0
26	378	32	7199.0
518	977	32	12379.0
227	394	32	3244.0
95	501	32	8208.0
746	775	32	8090.0
748	775	32	10934.0
200	307	32	8083.0
387	976	32	11244.0
649	677	32	10364.0
292	799	32	9689.0
463	544	32	8297.0
497	536	32	3722.0
286	328	32	9659.0
249	859	32	10468.0
128	920	32	8063.0
107	334	32	11190.0
591	798	32	6568.0
332	486	32	10941.0
46	136	32	7650.0
46	983	32	7919.0
136	983	32	8029.0
330	378	32	8775.0
184	241	32	12799.0
194	749	32	13194.0
445	466	32	9029.0
472	635	32	12320.0
12	744	32	8328.0
211	331	32	10304.0
28	580	32	11128.0
28	805	32	13119.0
580	805	32	11347.0
618	850	32	11453.0
423	462	32	13957.0
427	925	32	4710.0
89	416	32	8475.0
167	592	32	3796.0
320	864	32	10359.0
375	748	32	6477.0
178	380	32	12393.0
141	267	32	6717.0
37	775	32	5115.0
774	775	32	9438.0
328	351	32	9786.0
74	914	32	11574.0
188	680	32	11284.0
188	914	32	10251.0
680	914	32	10491.0
252	590	32	4322.0
912	922	32	8165.0
399	952	32	14126.0
185	213	32	4463.0
243	400	32	15668.0
162	784	32	6776.0
255	382	32	10720.0
298	825	32	11756.0
416	825	32	12250.0
71	726	32	1357.0
714	726	32	1314.0
497	603	32	3812.0
707	804	32	9442.0
433	650	32	8835.0
96	722	32	3793.0
13	655	32	8369.0
181	271	32	15165.0
271	955	32	18514.0
530	601	32	11315.0
97	759	32	2733.0
327	631	32	6893.0
226	998	32	4785.0
262	477	32	11968.0
625	696	32	14017.0
769	898	32	6955.0
756	797	32	10330.0
165	406	32	5098.0
766	860	32	8708.0
40	596	32	12875.0
588	971	32	10683.0
677	889	32	9456.0
800	948	32	9925.0
800	964	32	10405.0
948	964	32	9422.0
45	522	32	8010.0
192	363	32	4982.0
63	878	32	8021.0
314	813	32	6907.0
619	989	32	9500.0
206	289	32	10263.0
98	711	32	6758.0
432	627	32	2721.0
211	766	32	8696.0
2	901	32	4879.0
237	611	32	3570.0
155	793	32	13006.0
33	906	32	7992.0
305	906	32	9156.0
659	790	32	7228.0
751	879	32	8060.0
120	433	32	3576.0
109	260	32	8009.0
668	739	32	9065.0
366	489	32	10721.0
103	544	32	6535.0
443	703	32	4563.0
80	399	32	11487.0
548	715	32	3201.0
337	850	32	10742.0
234	338	32	3335.0
28	188	32	1478.0
206	887	32	10642.0
499	791	32	6389.0
44	775	32	14227.0
578	596	32	5888.0
835	979	32	10303.0
532	602	32	9534.0
620	653	32	3015.0
568	701	32	12417.0
100	872	32	7043.0
507	815	32	13879.0
196	905	32	12343.0
784	856	32	8259.0
268	562	32	8803.0
736	985	32	14453.0
362	935	32	12316.0
444	845	32	10008.0
813	857	32	8645.0
337	624	32	8592.0
76	897	32	8820.0
583	746	32	8055.0
44	598	32	9163.0
375	774	32	7119.0
253	408	32	8008.0
430	780	32	10963.0
65	876	32	2938.0
157	504	32	6781.0
246	504	32	8581.0
239	763	32	4281.0
175	651	32	10096.0
817	953	32	11265.0
1	660	32	7421.0
1	745	32	5479.0
253	907	32	6767.0
170	775	32	5597.0
173	733	32	11132.0
173	759	32	7931.0
733	759	32	7929.0
205	845	32	9089.0
144	322	32	10638.0
97	733	32	6918.0
50	984	32	5506.0
308	371	32	9535.0
594	966	32	16259.0
102	262	32	12501.0
369	626	32	9453.0
352	398	32	7992.0
521	627	32	14521.0
830	980	32	2265.0
246	743	32	8933.0
659	978	32	9257.0
81	771	32	6396.0
933	988	32	14200.0
82	753	32	9106.0
620	735	32	12160.0
620	814	32	11081.0
102	477	32	11973.0
548	771	32	14026.0
605	754	32	9885.0
804	883	32	6460.0
262	616	32	11850.0
31	571	32	8518.0
472	693	32	9884.0
838	1000	32	4582.0
667	949	32	7237.0
170	597	32	7867.0
564	935	32	11931.0
151	783	32	7862.0
688	736	32	14832.0
401	914	32	12044.0
645	721	32	11307.0
525	764	32	13463.0
409	819	32	14897.0
110	499	32	8857.0
38	518	32	2382.0
38	632	32	2351.0
518	632	32	9962.0
412	472	32	12406.0
478	717	32	1353.0
165	189	32	5026.0
740	844	32	7746.0
528	927	32	15540.0
450	924	32	6892.0
20	386	32	8174.0
197	361	32	10510.0
518	881	32	5438.0
39	70	32	3618.0
70	217	32	3249.0
858	906	32	9672.0
626	650	32	7162.0
295	821	32	1824.0
521	575	32	7209.0
234	965	32	13092.0
218	960	32	12207.0
391	770	32	8448.0
179	864	32	9865.0
731	864	32	12643.0
184	980	32	5963.0
239	984	32	12174.0
140	907	32	13607.0
87	708	32	7846.0
254	526	32	10706.0
376	785	32	10154.0
379	635	32	8713.0
351	541	32	4551.0
583	774	32	8585.0
220	971	32	8762.0
84	503	32	6580.0
2	464	32	4757.0
413	682	32	8831.0
100	755	32	8535.0
755	872	32	5757.0
231	456	32	10150.0
743	904	32	9614.0
341	531	32	8575.0
193	231	32	10770.0
81	934	32	7697.0
582	833	32	5630.0
833	988	32	17070.0
61	358	32	7571.0
494	697	32	3777.0
892	995	32	7732.0
195	919	32	3148.0
20	888	32	8194.0
218	403	32	13509.0
437	528	32	11912.0
83	526	32	5543.0
761	801	32	10519.0
761	970	32	10406.0
10	57	32	7515.0
723	725	32	8085.0
628	930	32	10919.0
315	806	32	9556.0
603	999	32	9533.0
628	996	32	5978.0
45	884	32	7918.0
97	800	32	8377.0
268	309	32	10248.0
343	740	32	5929.0
124	541	32	7400.0
110	780	32	6863.0
1	785	32	5612.0
521	566	32	8697.0
164	723	32	5930.0
907	966	32	14089.0
158	774	32	4901.0
594	708	32	4872.0
83	413	32	12643.0
31	866	32	8566.0
328	744	32	9670.0
371	973	32	4213.0
598	909	32	3743.0
665	868	32	3682.0
159	649	32	7462.0
649	841	32	11751.0
128	941	32	8047.0
178	626	32	9452.0
206	572	32	10132.0
252	682	32	10872.0
391	869	32	11049.0
125	698	32	9166.0
125	780	32	9107.0
32	419	32	4281.0
894	951	32	7641.0
55	846	32	10831.0
624	850	32	11081.0
183	368	32	8476.0
161	822	32	8707.0
706	776	32	12520.0
68	729	32	8257.0
374	729	32	10517.0
81	974	32	2967.0
425	490	32	2007.0
82	305	32	7512.0
82	324	32	8250.0
305	324	32	8453.0
616	630	32	10179.0
570	867	32	14785.0
173	500	32	10130.0
750	888	32	7734.0
190	731	32	15550.0
579	784	32	9812.0
111	817	32	8584.0
833	933	32	13785.0
691	739	32	7872.0
468	760	32	12193.0
741	791	32	6902.0
132	882	32	6217.0
787	882	32	6936.0
780	905	32	11602.0
141	369	32	7420.0
436	744	32	10980.0
624	917	32	10173.0
344	402	32	5953.0
467	975	32	12600.0
697	929	32	4428.0
170	668	32	8255.0
285	592	32	11304.0
170	739	32	6986.0
372	751	32	8125.0
88	696	32	13110.0
83	973	32	12977.0
226	229	32	5029.0
70	651	32	5131.0
70	863	32	4962.0
651	863	32	12674.0
267	433	32	7611.0
642	733	32	14258.0
206	838	32	8741.0
102	493	32	13081.0
527	872	32	7999.0
608	953	32	9469.0
881	977	32	5311.0
82	709	32	8915.0
238	814	32	6138.0
493	630	32	10205.0
237	985	32	13991.0
330	529	32	10376.0
477	493	32	11809.0
106	273	32	1599.0
69	696	32	11133.0
374	587	32	10866.0
886	961	32	13057.0
820	933	32	13518.0
220	386	32	8773.0
0	327	32	6692.0
60	575	32	6173.0
84	277	32	8431.0
346	996	32	13932.0
58	181	32	12833.0
679	937	32	9680.0
287	895	32	4811.0
552	844	32	7873.0
185	307	32	2919.0
158	909	32	9015.0
96	424	32	4393.0
375	926	32	5931.0
375	998	32	5777.0
926	998	32	8178.0
184	972	32	6351.0
720	972	32	4555.0
594	654	32	7012.0
670	672	32	11586.0
198	326	32	8709.0
646	774	32	7701.0
697	946	32	7703.0
583	748	32	9400.0
289	887	32	11830.0
226	675	32	4848.0
303	822	32	10995.0
386	588	32	9806.0
129	979	32	1701.0
68	587	32	8239.0
24	255	32	6902.0
319	645	32	7677.0
319	883	32	11394.0
645	883	32	10780.0
835	984	32	7628.0
193	848	32	12193.0
258	843	32	9588.0
400	517	32	12446.0
780	849	32	7915.0
180	817	32	2770.0
684	777	32	5796.0
289	954	32	2368.0
328	436	32	4508.0
464	504	32	3494.0
266	910	32	8289.0
311	380	32	7733.0
10	30	32	8713.0
171	881	32	7152.0
410	881	32	4562.0
764	856	32	1078.0
498	849	32	10197.0
65	395	32	12126.0
225	605	32	5063.0
225	710	32	11237.0
605	710	32	5255.0
718	955	32	12660.0
183	470	32	10274.0
127	514	32	8753.0
136	845	32	8015.0
856	887	32	13424.0
368	611	32	1367.0
471	599	32	10612.0
384	783	32	8477.0
265	337	32	3381.0
265	618	32	3998.0
337	618	32	10227.0
95	323	32	8495.0
457	783	32	9676.0
456	561	32	7148.0
785	847	32	11394.0
139	199	32	8871.0
590	591	32	4131.0
440	579	32	9107.0
273	461	32	4770.0
228	365	32	5092.0
343	351	32	9197.0
395	876	32	8328.0
395	915	32	14004.0
164	990	32	5890.0
135	688	32	7945.0
345	969	32	8947.0
847	854	32	10538.0
707	795	32	10185.0
553	772	32	10456.0
524	880	32	6361.0
333	515	32	8713.0
524	947	32	7272.0
425	594	32	16358.0
83	754	32	5186.0
79	795	32	11493.0
583	775	32	9601.0
458	714	32	11901.0
404	465	32	3732.0
417	993	32	11792.0
410	977	32	11116.0
184	810	32	10376.0
313	905	32	9938.0
214	560	32	11765.0
166	764	32	11588.0
173	862	32	4952.0
862	886	32	7078.0
376	395	32	1003.0
617	857	32	8645.0
375	598	32	6468.0
375	646	32	11449.0
598	646	32	6765.0
157	743	32	6755.0
68	831	32	7403.0
60	694	32	8584.0
339	870	32	10876.0
352	832	32	8233.0
362	564	32	10557.0
229	874	32	9160.0
233	698	32	11783.0
313	498	32	4236.0
313	849	32	6129.0
504	821	32	8517.0
467	664	32	5597.0
356	398	32	10137.0
661	903	32	8061.0
566	627	32	8425.0
422	657	32	8890.0
508	631	32	10500.0
623	984	32	6839.0
44	583	32	9647.0
324	737	32	9431.0
263	269	32	8277.0
92	507	32	7782.0
39	171	32	3588.0
42	671	32	11357.0
449	866	32	9455.0
477	630	32	10052.0
50	935	32	9537.0
285	923	32	4169.0
392	921	32	10876.0
426	577	32	9186.0
514	655	32	7651.0
972	980	32	8483.0
415	690	32	9954.0
252	798	32	6733.0
165	765	32	4980.0
180	674	32	10960.0
137	886	32	7383.0
236	293	32	8770.0
607	934	32	11660.0
125	233	32	8685.0
97	964	32	7796.0
159	677	32	7510.0
239	362	32	5253.0
81	607	32	7618.0
304	667	32	11902.0
33	709	32	7732.0
572	856	32	10501.0
1	376	32	1115.0
59	570	32	10253.0
178	194	32	1754.0
496	676	32	10639.0
0	508	32	7685.0
373	383	32	9539.0
3	282	32	2784.0
57	796	32	7110.0
57	957	32	6695.0
796	957	32	6682.0
305	987	32	6831.0
745	783	32	6513.0
417	789	32	10253.0
176	804	32	9951.0
432	575	32	3003.0
759	886	32	7901.0
286	541	32	3103.0
39	235	32	13360.0
591	973	32	16262.0
371	751	32	7678.0
410	518	32	10952.0
542	892	32	7404.0
141	178	32	7680.0
302	592	32	8858.0
39	977	32	4098.0
617	640	32	10296.0
40	578	32	2262.0
252	413	32	9818.0
252	414	32	9904.0
54	441	32	4966.0
759	968	32	7929.0
306	327	32	3797.0
295	703	32	6522.0
568	857	32	3984.0
385	727	32	12047.0
12	351	32	8427.0
70	265	32	3059.0
11	386	32	6237.0
230	274	32	13433.0
148	497	32	4333.0
71	458	32	6017.0
6	537	32	3053.0
298	315	32	8320.0
338	986	32	3238.0
502	902	32	12161.0
69	625	32	11165.0
623	835	32	8031.0
115	246	32	1323.0
346	511	32	10305.0
929	946	32	4450.0
235	850	32	8442.0
490	603	32	6590.0
317	382	32	9059.0
50	763	32	2733.0
171	977	32	11841.0
161	545	32	8238.0
63	943	32	8049.0
472	868	32	6688.0
923	986	32	13889.0
703	901	32	6198.0
488	744	32	15088.0
663	886	32	4687.0
709	858	32	10044.0
158	712	32	3768.0
96	467	32	4415.0
96	664	32	4427.0
456	900	32	11015.0
390	905	32	10033.0
31	990	32	8883.0
763	835	32	4230.0
474	882	32	10931.0
635	868	32	6693.0
586	712	32	6544.0
586	786	32	12407.0
712	786	32	9583.0
14	254	32	9762.0
316	842	32	5167.0
407	842	32	5177.0
55	339	32	11251.0
89	447	32	8364.0
89	806	32	8830.0
447	806	32	12831.0
131	233	32	12058.0
221	415	32	10681.0
263	647	32	4930.0
516	988	32	16318.0
149	860	32	6809.0
221	690	32	9578.0
208	247	32	7660.0
50	979	32	9573.0
233	780	32	11928.0
280	469	32	9321.0
763	935	32	4230.0
203	423	32	3320.0
239	564	32	6682.0
65	956	32	12020.0
876	956	32	3484.0
143	212	32	3862.0
0	312	32	6653.0
583	691	32	3066.0
691	775	32	7398.0
314	557	32	12361.0
739	775	32	6435.0
733	945	32	9446.0
56	562	32	8236.0
575	666	32	1753.0
236	828	32	10051.0
548	974	32	11317.0
68	300	32	8297.0
303	570	32	8684.0
375	675	32	14794.0
510	552	32	8712.0
14	414	32	5592.0
580	950	32	13491.0
155	468	32	12790.0
89	298	32	8650.0
263	876	32	3842.0
573	742	32	12002.0
43	218	32	10533.0
30	584	32	9802.0
128	997	32	7550.0
462	1000	32	14173.0
11	750	32	6475.0
577	937	32	9680.0
70	337	32	8973.0
337	917	32	10915.0
249	853	32	8901.0
875	951	32	7641.0
304	596	32	10086.0
50	362	32	9521.0
456	760	32	5443.0
474	658	32	11097.0
21	345	32	8965.0
772	896	32	10744.0
118	1001	32	6921.0
726	876	32	2079.0
172	186	32	8689.0
490	708	32	8349.0
324	906	32	8786.0
288	643	32	10988.0
8	215	32	7452.0
458	783	32	8982.0
819	908	32	12546.0
233	849	32	12446.0
314	568	32	9672.0
425	907	32	14362.0
16	65	32	2583.0
672	995	32	9247.0
338	349	32	10225.0
640	991	32	9318.0
34	925	32	2949.0
748	774	32	12292.0
566	575	32	4577.0
308	372	32	8418.0
36	742	32	7776.0
642	886	32	11354.0
625	749	32	13662.0
484	890	32	11657.0
620	929	32	4428.0
842	865	32	4180.0
88	355	32	14271.0
105	420	32	8115.0
592	923	32	5179.0
642	759	32	6482.0
291	297	32	3551.0
267	626	32	6239.0
525	745	32	1481.0
525	847	32	1474.0
745	847	32	10063.0
537	972	32	8899.0
654	994	32	7094.0
440	784	32	7916.0
204	991	32	8557.0
452	571	32	8136.0
173	961	32	10763.0
327	370	32	6646.0
11	20	32	6221.0
371	372	32	8302.0
173	948	32	2791.0
386	750	32	8294.0
32	880	32	4318.0
726	915	32	10146.0
935	979	32	10603.0
735	929	32	4428.0
316	424	32	9519.0
554	565	32	9865.0
181	704	32	9261.0
7	891	32	11131.0
635	693	32	9888.0
797	866	32	7391.0
136	350	32	8330.0
4	903	32	12048.0
199	967	32	6434.0
623	979	32	7356.0
3	234	32	2732.0
72	883	32	8631.0
206	784	32	7240.0
78	172	32	6858.0
38	881	32	2402.0
632	881	32	6500.0
359	604	32	5533.0
63	689	32	7893.0
163	366	32	7860.0
408	425	32	5082.0
408	603	32	8907.0
425	603	32	4326.0
799	913	32	9160.0
19	346	32	7349.0
603	752	32	6975.0
700	881	32	4843.0
745	981	32	9580.0
123	226	32	2331.0
231	848	32	10571.0
53	264	32	3600.0
20	750	32	7502.0
414	754	31	4628.0
118	560	31	6802.0
414	710	31	9614.0
548	607	31	13166.0
378	529	31	8141.0
58	718	31	13474.0
574	986	31	9802.0
110	741	31	8869.0
609	965	31	2560.0
132	658	31	8014.0
658	787	31	12999.0
452	866	31	7855.0
880	947	31	6598.0
160	834	31	10408.0
12	550	31	8205.0
203	838	31	5736.0
289	838	31	8359.0
105	629	31	8160.0
583	598	31	5563.0
274	303	31	9123.0
252	710	31	11261.0
423	1000	31	14788.0
92	540	31	7270.0
238	245	31	5183.0
229	646	31	6547.0
229	909	31	6791.0
107	391	31	6420.0
438	711	31	9593.0
519	923	31	9598.0
746	840	31	7000.0
364	710	31	10816.0
246	904	31	8756.0
821	904	31	8821.0
6	830	31	9233.0
2	703	31	4764.0
124	740	31	7224.0
614	834	31	13493.0
160	614	31	11310.0
654	907	31	9442.0
277	431	31	10052.0
511	996	31	9967.0
467	636	31	10004.0
715	747	31	10624.0
239	623	31	5342.0
122	715	31	6586.0
607	715	31	3201.0
68	481	31	8448.0
224	845	31	11840.0
407	424	31	7533.0
171	187	31	10006.0
187	518	31	8098.0
350	983	31	9544.0
92	815	31	7860.0
542	672	31	7914.0
364	473	31	6732.0
290	916	31	12800.0
761	916	31	10499.0
370	508	31	9832.0
597	739	31	10862.0
24	317	31	7674.0
227	896	31	2661.0
232	260	31	8100.0
260	373	31	7946.0
886	968	31	12283.0
81	548	31	5591.0
623	935	31	8032.0
100	613	31	10060.0
39	624	31	6253.0
360	367	31	7786.0
620	946	31	5846.0
186	647	31	11812.0
114	542	31	7133.0
47	978	31	6208.0
375	583	31	2758.0
371	473	31	7324.0
121	204	31	8686.0
30	385	31	9650.0
155	760	31	14025.0
125	498	31	4302.0
42	470	31	11038.0
40	214	31	12875.0
784	887	31	8941.0
608	817	31	2267.0
3	99	31	6856.0
642	961	31	12619.0
217	337	31	3533.0
217	624	31	5896.0
384	745	31	10516.0
745	785	31	14545.0
745	854	31	12968.0
691	786	31	5693.0
364	526	31	5543.0
149	211	31	6701.0
714	854	31	10455.0
148	603	31	2829.0
17	314	31	11265.0
81	361	31	7690.0
548	934	31	10002.0
771	934	31	11578.0
491	891	31	11405.0
667	837	31	5691.0
837	949	31	7710.0
677	827	31	10139.0
80	475	31	12568.0
332	921	31	9515.0
416	644	31	10868.0
49	600	31	5350.0
238	494	31	4107.0
698	849	31	6752.0
664	842	31	5177.0
334	724	31	6881.0
85	975	31	10448.0
708	907	31	7186.0
566	762	31	7640.0
400	455	31	11419.0
750	971	31	9882.0
82	737	31	8901.0
305	737	31	9386.0
48	848	31	7151.0
43	534	31	10352.0
238	929	31	3432.0
300	831	31	8396.0
404	742	31	12817.0
184	728	31	5098.0
407	899	31	8537.0
465	897	31	12166.0
146	555	31	6286.0
47	582	31	6163.0
712	774	31	9647.0
589	682	31	5584.0
237	276	31	11745.0
725	990	31	11123.0
162	289	31	9511.0
570	822	31	4565.0
329	467	31	9246.0
137	173	31	7368.0
151	567	31	5913.0
328	488	31	9236.0
204	640	31	11615.0
111	678	31	8617.0
536	603	31	7617.0
724	770	31	8313.0
516	833	31	15254.0
945	968	31	9268.0
727	957	31	12033.0
677	841	31	10219.0
668	683	31	9497.0
14	413	31	5482.0
302	923	31	2139.0
131	905	31	10473.0
87	603	31	5914.0
733	886	31	13242.0
19	768	31	11938.0
153	308	31	5208.0
443	504	31	1944.0
199	288	31	10572.0
530	733	31	3759.0
289	856	31	11431.0
199	244	31	11837.0
566	940	31	8865.0
445	949	31	8243.0
682	754	31	5266.0
281	418	31	7155.0
158	775	31	1428.0
714	745	31	11922.0
680	757	31	11255.0
612	614	31	12874.0
402	818	31	8850.0
288	967	31	11154.0
311	681	31	4333.0
603	708	31	6696.0
608	938	31	11213.0
159	827	31	8319.0
589	754	31	9999.0
909	998	31	3306.0
468	793	31	13418.0
590	682	31	2598.0
203	887	31	6182.0
108	879	31	6475.0
510	740	31	9011.0
498	905	31	9484.0
243	517	31	12752.0
271	704	31	9157.0
102	755	31	3571.0
740	962	30	6186.0
80	839	30	11970.0
465	569	30	2163.0
553	656	30	8781.0
567	783	30	11632.0
220	888	30	8799.0
511	777	30	12712.0
404	569	30	11800.0
698	905	30	10462.0
90	192	30	2523.0
363	424	30	6169.0
209	586	30	4479.0
586	748	30	10237.0
23	448	30	2672.0
51	652	30	8107.0
15	634	30	8855.0
787	871	30	11923.0
192	595	30	4958.0
615	766	30	8696.0
327	360	30	3625.0
225	364	30	12076.0
331	860	30	10524.0
285	338	30	11273.0
733	862	30	8918.0
254	682	30	5587.0
1	384	30	6472.0
742	889	30	1401.0
316	865	30	10646.0
874	998	30	9817.0
272	729	30	13785.0
445	578	30	6838.0
578	837	30	12639.0
360	515	30	7901.0
649	889	30	9016.0
380	936	30	7266.0
294	656	30	3068.0
209	583	30	4404.0
217	265	30	10028.0
79	176	30	10475.0
424	664	30	5581.0
857	991	30	8542.0
260	383	30	7815.0
140	546	30	4421.0
546	994	30	4453.0
591	710	30	11241.0
391	724	30	11042.0
714	785	30	12183.0
462	639	30	9811.0
107	607	30	8766.0
663	862	30	12243.0
251	325	30	7523.0
100	633	30	9747.0
301	846	30	13656.0
411	919	30	5129.0
454	465	30	10135.0
177	767	30	10565.0
490	654	30	8323.0
841	889	30	8383.0
376	714	30	7363.0
666	721	30	11711.0
132	474	30	6021.0
85	467	30	8906.0
160	612	30	10102.0
617	991	30	12954.0
302	349	30	8781.0
349	717	30	1664.0
52	655	30	1104.0
1	457	30	8019.0
235	624	30	10450.0
526	682	30	5563.0
216	607	30	10780.0
216	974	30	3975.0
14	682	30	5585.0
270	971	30	11925.0
149	615	30	6701.0
179	190	30	9708.0
158	646	30	9050.0
338	923	30	4463.0
143	930	30	2463.0
139	244	30	8923.0
83	252	30	9524.0
376	847	30	9877.0
594	603	30	7029.0
2	295	30	3647.0
712	840	30	9667.0
20	588	30	8197.0
55	870	30	10534.0
158	598	30	4264.0
158	209	30	8645.0
452	756	30	12156.0
452	797	30	10442.0
822	890	30	9739.0
268	807	30	10995.0
60	432	30	2945.0
263	480	30	9878.0
120	178	30	3643.0
178	433	30	11259.0
5	699	30	11166.0
93	653	30	7044.0
457	726	30	1359.0
457	956	30	1366.0
214	836	30	11638.0
537	728	30	7795.0
309	807	30	12788.0
431	787	30	12999.0
12	191	30	8139.0
87	594	30	4712.0
87	966	30	1784.0
99	285	30	9052.0
412	665	30	6852.0
360	370	30	7729.0
151	384	30	8510.0
688	985	30	11759.0
42	183	30	10523.0
642	968	30	10798.0
327	367	30	2717.0
201	715	30	12216.0
686	796	30	12053.0
114	995	30	7183.0
734	760	30	15747.0
197	771	30	6690.0
408	907	30	10162.0
657	976	30	10896.0
161	570	30	2753.0
490	907	30	7004.0
227	294	30	2517.0
360	631	30	6482.0
822	867	30	2270.0
520	819	30	8500.0
760	793	30	12284.0
132	871	30	7857.0
871	882	30	6572.0
424	970	30	4493.0
26	411	30	6835.0
29	676	30	11089.0
364	973	30	16309.0
395	764	30	1383.0
701	991	30	12531.0
371	798	30	6316.0
69	749	30	11018.0
662	834	30	16091.0
362	984	30	7391.0
683	775	30	13437.0
144	293	30	10075.0
10	385	30	13014.0
344	512	30	11898.0
512	924	30	10795.0
51	492	30	7940.0
333	367	30	9194.0
334	824	30	7463.0
60	566	30	6057.0
466	560	30	8614.0
627	940	30	8732.0
171	235	30	6414.0
172	395	30	4356.0
347	553	30	10411.0
586	683	30	12174.0
368	671	30	9282.0
567	785	30	5666.0
59	758	30	10798.0
150	473	30	6942.0
32	947	30	4310.0
323	489	30	8456.0
161	303	30	8530.0
150	497	30	1676.0
473	751	30	7141.0
639	764	30	11595.0
409	520	30	10512.0
11	588	30	6340.0
438	483	30	8877.0
330	533	30	9095.0
443	901	30	9113.0
217	235	30	10069.0
543	544	30	9773.0
135	469	30	8203.0
197	382	30	2210.0
774	840	30	10942.0
557	813	30	6952.0
362	623	30	8246.0
255	361	30	1143.0
168	776	30	9358.0
230	570	30	13113.0
622	769	30	7061.0
838	856	30	11094.0
186	395	30	13485.0
134	343	30	9955.0
531	608	30	7264.0
636	975	30	11441.0
379	472	30	9182.0
450	544	30	7178.0
657	716	30	11243.0
450	463	29	7606.0
237	688	29	11640.0
184	830	29	10637.0
261	415	29	4858.0
438	910	29	8830.0
62	918	29	7924.0
886	948	29	5001.0
29	199	29	6563.0
194	625	29	16355.0
111	608	29	2119.0
39	265	29	13032.0
538	679	29	13468.0
89	825	29	9918.0
544	638	29	11024.0
709	987	29	8627.0
249	621	29	10003.0
504	743	29	8799.0
122	535	29	6308.0
920	941	29	17237.0
171	632	29	10998.0
410	632	29	9091.0
371	879	29	8879.0
150	153	29	4791.0
