589	710	32	5657.0
33	305	32	8055.0
753	987	32	8763.0
140	966	32	13811.0
10	727	32	9187.0
351	744	32	14961.0
326	555	32	6867.0
682	710	32	10781.0
778	805	32	14594.0
62	346	32	8266.0
280	611	32	9802.0
262	616	32	11850.0
181	718	32	10912.0
181	955	32	15288.0
718	955	32	12660.0
458	660	32	11758.0
324	709	32	8995.0
295	464	32	6377.0
352	832	32	8233.0
45	522	32	8010.0
159	841	32	7869.0
124	552	32	7315.0
155	558	32	13178.0
98	711	32	6758.0
176	804	32	9951.0
162	856	32	9849.0
665	868	32	3682.0
36	465	32	2380.0
713	876	32	8819.0
156	954	32	4887.0
106	273	32	1599.0
677	889	32	9456.0
244	958	32	10606.0
33	82	32	7091.0
201	547	32	11277.0
236	293	32	8770.0
541	744	32	6303.0
56	268	32	8216.0
639	764	32	11595.0
258	424	32	2391.0
327	508	32	6472.0
14	589	32	9528.0
72	176	32	3145.0
503	882	32	7417.0
354	555	32	11706.0
30	584	32	9802.0
3	282	32	2784.0
3	302	32	7871.0
282	302	32	2910.0
241	830	32	10626.0
347	772	32	12573.0
598	840	32	9221.0
571	723	32	7168.0
36	742	32	7776.0
393	920	32	14616.0
305	987	32	6831.0
109	232	32	8052.0
544	924	32	9126.0
267	650	32	7677.0
140	490	32	1249.0
362	935	32	12316.0
471	606	32	9250.0
484	822	32	9966.0
33	324	32	7955.0
33	709	32	7732.0
33	906	32	7992.0
324	906	32	8786.0
709	906	32	9626.0
647	876	32	10727.0
352	861	32	2242.0
179	190	32	9708.0
425	490	32	2007.0
615	860	32	19128.0
172	876	32	9143.0
172	915	32	1970.0
876	915	32	5858.0
225	682	32	10872.0
472	693	32	9884.0
552	740	32	8516.0
238	299	32	2918.0
64	276	32	10522.0
555	776	32	13419.0
850	917	32	11467.0
603	966	32	4275.0
876	956	32	3484.0
86	402	32	7675.0
537	980	32	8626.0
295	703	32	6522.0
642	862	32	13459.0
477	616	32	10448.0
266	438	32	9719.0
254	526	32	10706.0
254	879	32	3840.0
526	879	32	3337.0
301	846	32	13656.0
163	323	32	8024.0
21	925	32	8982.0
552	962	32	3464.0
292	799	32	9689.0
657	716	32	11243.0
505	790	32	6845.0
6	184	32	11502.0
9	837	32	9269.0
733	886	32	13242.0
580	778	32	10977.0
178	650	32	8826.0
527	613	32	11460.0
173	961	32	10763.0
580	805	32	11347.0
480	812	32	6946.0
789	993	32	10077.0
121	557	32	6367.0
680	914	32	10491.0
961	968	32	12046.0
385	796	32	12092.0
733	961	32	13637.0
430	698	32	9942.0
76	454	32	8804.0
874	926	32	8350.0
183	368	32	8476.0
183	671	32	9671.0
368	671	32	9282.0
192	595	32	4958.0
202	273	32	2436.0
770	869	32	8373.0
352	356	32	7921.0
458	462	32	1453.0
458	714	32	11901.0
462	714	32	1378.0
10	385	32	13014.0
50	564	32	9471.0
717	832	32	6934.0
391	724	32	11042.0
193	231	32	10770.0
387	422	32	8742.0
61	358	32	7571.0
203	856	32	4607.0
664	899	32	5760.0
290	761	32	10236.0
582	659	32	9129.0
603	622	32	9365.0
427	604	32	4670.0
587	831	32	8392.0
603	898	32	10236.0
300	729	32	13785.0
201	715	32	12216.0
490	654	32	8323.0
305	753	32	7379.0
203	639	32	7260.0
64	283	32	11428.0
83	879	32	6891.0
414	526	32	5536.0
140	907	32	13607.0
23	258	32	6876.0
497	536	32	3722.0
414	591	32	13272.0
248	415	32	3322.0
578	949	32	8557.0
421	972	32	7685.0
594	907	32	17130.0
327	513	32	7141.0
380	650	32	8622.0
105	420	32	8115.0
144	322	32	10638.0
206	838	32	8741.0
151	745	32	8292.0
385	686	32	14361.0
445	667	32	9210.0
511	777	32	12712.0
314	991	32	12109.0
583	748	32	9400.0
6	810	32	9797.0
419	524	32	5184.0
178	267	32	7610.0
178	380	32	12393.0
267	380	32	7348.0
586	774	32	8846.0
933	988	32	14200.0
184	980	32	5963.0
452	990	32	14854.0
701	991	32	12531.0
858	906	32	9672.0
837	1001	32	7475.0
100	613	32	10060.0
136	224	32	7925.0
158	229	32	7047.0
375	926	32	5931.0
756	866	32	9130.0
127	610	32	8530.0
33	987	32	6737.0
567	783	32	11632.0
206	887	32	10642.0
203	954	32	6993.0
198	776	32	13809.0
778	950	32	15318.0
285	923	32	4169.0
935	984	32	12974.0
371	372	32	8302.0
371	879	32	8879.0
372	879	32	10677.0
1	660	32	7421.0
425	907	32	14362.0
526	589	32	14115.0
172	512	32	7095.0
458	854	32	9164.0
766	860	32	8708.0
367	515	32	12145.0
273	895	32	4811.0
456	561	32	7148.0
267	369	32	6846.0
369	380	32	9812.0
211	615	32	19167.0
291	297	32	3551.0
264	342	32	6595.0
120	433	32	3576.0
17	314	32	11265.0
534	960	32	10736.0
402	829	32	11155.0
102	616	32	10534.0
656	896	32	9122.0
746	840	32	7000.0
386	888	32	9482.0
173	733	32	11132.0
402	924	32	4941.0
449	866	32	9455.0
113	923	32	11303.0
384	458	32	11532.0
160	612	32	10102.0
84	658	32	8528.0
8	661	32	7687.0
703	901	32	6198.0
308	879	32	8451.0
190	864	32	12676.0
13	993	32	9249.0
358	784	32	7753.0
751	879	32	8060.0
303	570	32	8684.0
113	986	32	12581.0
54	263	32	4825.0
140	994	32	13776.0
255	340	32	10359.0
322	828	32	10612.0
267	433	32	7611.0
289	358	32	6378.0
548	771	32	14026.0
445	560	32	10055.0
445	836	32	4538.0
560	836	32	4515.0
472	868	32	6688.0
617	857	32	8645.0
14	973	32	5573.0
589	973	32	5554.0
105	722	32	8359.0
167	861	32	10130.0
618	917	32	11453.0
172	812	32	9084.0
679	937	32	9680.0
328	351	32	9786.0
263	546	32	6851.0
423	525	32	12639.0
374	481	32	11333.0
280	485	32	9295.0
190	320	32	11364.0
404	742	32	12817.0
697	735	32	14243.0
474	658	32	11097.0
622	769	32	7061.0
622	898	32	9016.0
769	898	32	6955.0
163	366	32	7860.0
10	686	32	13177.0
17	617	32	9859.0
252	413	32	9818.0
249	853	32	8901.0
391	824	32	11452.0
84	882	32	8443.0
235	624	32	10450.0
178	369	32	10052.0
710	754	32	5186.0
70	850	32	8838.0
646	909	32	9329.0
229	375	32	9209.0
562	807	32	10076.0
81	216	32	7389.0
700	977	32	4057.0
113	519	32	13020.0
181	704	32	9261.0
203	206	32	2455.0
557	991	32	16577.0
620	735	32	12160.0
187	881	32	8167.0
203	289	32	2008.0
496	643	32	13820.0
76	897	32	8820.0
97	601	32	11242.0
187	518	32	8098.0
33	753	32	7261.0
496	967	32	10925.0
286	744	32	14421.0
13	789	32	8875.0
378	533	32	8801.0
553	896	32	10423.0
663	964	32	10405.0
6	830	32	9233.0
320	731	32	11208.0
657	976	32	10896.0
371	973	32	4213.0
558	793	32	12105.0
781	799	32	9572.0
645	804	32	11624.0
206	572	32	10132.0
206	856	32	11111.0
572	856	32	10501.0
226	926	32	4862.0
522	884	32	9110.0
273	494	32	4188.0
64	237	32	11593.0
13	417	32	9087.0
13	655	32	8369.0
417	655	32	10510.0
452	797	32	10442.0
277	474	32	10861.0
384	854	32	8859.0
566	627	32	8425.0
313	498	32	4236.0
70	265	32	3059.0
966	994	32	14652.0
360	515	32	7901.0
141	380	32	7310.0
665	922	32	8107.0
184	810	32	10376.0
295	901	32	8104.0
426	679	32	12252.0
432	521	32	3200.0
215	661	32	9701.0
351	436	32	9320.0
660	714	32	13519.0
660	854	32	9241.0
714	854	32	10455.0
364	591	32	16716.0
158	748	32	4389.0
723	797	32	7067.0
64	985	32	10845.0
103	450	32	6882.0
217	624	32	5896.0
773	806	32	8798.0
42	368	32	10648.0
694	762	32	9851.0
162	784	32	6776.0
784	856	32	8259.0
572	579	32	1132.0
243	803	32	14021.0
134	436	32	9205.0
134	744	32	9661.0
436	744	32	10980.0
158	226	32	2833.0
158	926	32	3357.0
33	858	32	7977.0
686	727	32	9362.0
591	754	32	5164.0
31	797	32	7529.0
31	990	32	8883.0
797	990	32	10402.0
877	960	32	12173.0
224	983	32	9431.0
313	390	32	13207.0
371	590	32	6841.0
458	981	32	10124.0
714	981	32	10124.0
505	582	32	10896.0
96	407	32	4480.0
385	584	32	12123.0
146	354	32	6406.0
145	989	32	8980.0
200	307	32	8083.0
843	975	32	8073.0
15	471	32	8532.0
414	710	32	9614.0
490	994	32	4771.0
376	458	32	5349.0
607	771	32	15217.0
192	363	32	4982.0
10	957	32	8290.0
425	654	32	4302.0
297	310	32	3184.0
848	900	32	10930.0
389	507	32	10893.0
6	720	32	11252.0
74	757	32	11776.0
82	987	32	8849.0
266	910	32	8289.0
358	579	32	9087.0
730	952	32	12715.0
0	631	32	8201.0
137	759	32	7474.0
81	548	32	5591.0
81	974	32	2967.0
548	974	32	11317.0
74	680	32	11536.0
399	475	32	11041.0
263	441	32	12104.0
583	775	32	9601.0
479	977	32	3848.0
276	985	32	12336.0
409	908	32	14808.0
111	678	32	8617.0
550	744	32	17172.0
206	289	32	10263.0
193	456	32	12300.0
557	701	32	12326.0
380	626	32	9452.0
71	714	32	7094.0
104	530	32	6062.0
104	964	32	6306.0
530	964	32	10405.0
159	649	32	7462.0
128	941	32	8047.0
452	723	32	8232.0
497	603	32	3812.0
344	944	32	11524.0
691	739	32	7872.0
711	910	32	8867.0
161	303	32	8530.0
717	861	32	1591.0
886	968	32	12283.0
424	467	32	5695.0
764	952	32	4661.0
465	811	32	12048.0
58	704	32	15663.0
45	884	32	7918.0
221	690	32	9578.0
571	866	32	8315.0
217	518	32	3961.0
88	355	32	14271.0
760	793	32	12284.0
345	969	32	8947.0
30	796	32	6932.0
584	796	32	9071.0
582	820	32	5827.0
401	757	32	11222.0
34	208	32	5342.0
653	735	32	3032.0
694	823	32	10975.0
102	630	32	10349.0
623	984	32	6839.0
364	414	32	13101.0
135	280	32	7964.0
234	282	32	11717.0
82	324	32	8250.0
467	975	32	12600.0
72	319	32	9332.0
176	319	32	5145.0
110	741	32	8869.0
56	562	32	8236.0
208	247	32	7660.0
894	951	32	7641.0
198	555	32	11071.0
1	981	32	5885.0
495	631	32	10159.0
590	751	32	7140.0
601	948	32	12757.0
456	852	32	11026.0
414	754	32	4628.0
542	995	32	8015.0
495	508	32	8778.0
282	352	32	2278.0
230	570	32	13113.0
160	476	32	9241.0
589	879	32	3837.0
224	845	32	11840.0
40	836	32	12797.0
171	518	32	11829.0
375	874	32	9201.0
830	972	32	2660.0
7	891	32	11131.0
343	744	32	10858.0
234	352	32	2278.0
720	972	32	4555.0
272	374	32	11597.0
637	817	32	12299.0
6	241	32	10773.0
243	400	32	15668.0
699	927	32	12089.0
504	901	32	5250.0
239	984	32	12174.0
537	972	32	8899.0
71	376	32	8114.0
216	607	32	10780.0
861	965	32	11476.0
763	835	32	4230.0
137	948	32	1577.0
0	312	32	6653.0
188	757	32	11165.0
293	828	32	10933.0
324	753	32	8136.0
319	883	32	11394.0
164	723	32	5930.0
238	620	32	6118.0
316	424	32	9519.0
276	283	32	11805.0
50	623	32	7365.0
303	890	32	9634.0
375	675	32	14794.0
328	744	32	9670.0
452	866	32	7855.0
159	889	32	7394.0
596	836	32	11372.0
327	370	32	6646.0
370	508	32	9832.0
522	602	32	7973.0
21	345	32	8965.0
712	840	32	9667.0
359	604	32	5533.0
391	869	32	11049.0
586	775	32	13430.0
355	625	32	17287.0
81	361	32	7690.0
770	824	32	9286.0
824	869	32	10798.0
179	731	32	9514.0
45	532	32	7850.0
463	544	32	8297.0
103	924	32	6460.0
188	680	32	11284.0
188	914	32	10251.0
605	754	32	9885.0
251	335	32	10586.0
119	833	32	16055.0
564	935	32	11931.0
205	983	32	13132.0
337	624	32	8592.0
162	206	32	9522.0
199	244	32	11837.0
216	382	32	1733.0
398	832	32	9926.0
85	467	32	8906.0
189	198	32	4824.0
510	859	32	4862.0
384	714	32	11639.0
14	414	32	5592.0
44	598	32	9163.0
82	305	32	7512.0
162	887	32	9421.0
598	909	32	3743.0
29	496	32	11157.0
857	991	32	8542.0
406	765	32	5775.0
486	921	32	7867.0
528	927	32	15540.0
229	926	32	5906.0
875	951	32	7641.0
29	199	32	6563.0
449	990	32	13566.0
583	746	32	8055.0
746	748	32	7908.0
237	276	32	11745.0
81	771	32	6396.0
81	607	32	7618.0
81	197	32	7505.0
351	550	32	14814.0
229	675	32	9375.0
571	725	32	8732.0
79	645	32	11519.0
375	598	32	6468.0
375	774	32	7119.0
598	774	32	9210.0
389	815	32	10933.0
433	626	32	7523.0
745	981	32	9580.0
228	451	32	5112.0
154	243	32	13051.0
299	697	32	11043.0
580	950	32	13491.0
608	953	32	9469.0
2	901	32	4879.0
134	286	32	5828.0
413	591	32	13293.0
812	876	32	11416.0
601	964	32	10405.0
68	587	32	8239.0
376	847	32	9877.0
78	788	32	10658.0
39	265	32	13032.0
364	605	32	5063.0
438	711	32	9593.0
752	769	32	5452.0
44	739	32	5780.0
44	775	32	14227.0
739	775	32	6435.0
721	883	32	15019.0
402	512	32	6031.0
217	337	32	3533.0
871	882	32	6572.0
70	337	32	8973.0
225	605	32	5063.0
225	754	32	5186.0
605	682	32	5194.0
682	754	32	5266.0
442	454	32	10086.0
712	786	32	9583.0
238	929	32	3432.0
263	269	32	8277.0
242	652	32	10124.0
180	674	32	10960.0
338	592	32	11683.0
320	864	32	10359.0
245	814	32	9000.0
412	472	32	12406.0
412	912	32	6869.0
472	912	32	7861.0
180	637	32	4503.0
251	325	32	7523.0
413	682	32	8831.0
187	479	32	5052.0
735	818	32	2333.0
734	760	32	15747.0
584	686	32	10876.0
560	1001	32	8943.0
118	596	32	4929.0
74	188	32	13248.0
401	914	32	12044.0
97	663	32	11120.0
21	969	32	8732.0
682	798	32	5053.0
248	261	32	13178.0
0	513	32	8424.0
30	385	32	9650.0
849	905	32	11244.0
369	626	32	9453.0
181	271	32	15165.0
397	671	32	11170.0
253	907	32	6767.0
642	800	32	9747.0
668	775	32	6929.0
380	433	32	10861.0
513	631	32	13868.0
312	367	32	8479.0
784	887	32	8941.0
856	887	32	13424.0
507	540	32	10722.0
262	477	32	11968.0
187	977	32	8071.0
805	950	32	15013.0
95	261	32	1448.0
95	366	32	1987.0
261	366	32	13210.0
176	721	32	8812.0
804	883	32	6460.0
94	554	32	6622.0
31	571	32	8518.0
528	699	32	11883.0
98	266	32	6918.0
163	489	32	7988.0
737	753	32	8696.0
649	827	32	9475.0
790	978	32	9643.0
0	508	32	7685.0
373	383	32	9539.0
31	756	32	8818.0
485	688	32	13677.0
918	996	32	10106.0
505	659	32	9085.0
419	947	32	6642.0
316	467	32	11225.0
316	664	32	5597.0
467	664	32	5597.0
11	888	32	6287.0
143	930	32	2463.0
664	842	32	5177.0
60	566	32	6057.0
288	496	32	10553.0
178	681	32	7142.0
26	533	32	6982.0
430	780	32	10963.0
396	420	32	8766.0
109	260	32	8009.0
162	572	32	9357.0
207	244	32	11786.0
757	914	32	10516.0
150	591	32	1007.0
110	780	32	6863.0
176	795	32	11258.0
413	414	32	14365.0
322	932	32	9433.0
828	932	32	12850.0
173	968	32	10906.0
472	665	32	8764.0
56	807	32	8255.0
504	904	32	10814.0
220	386	32	8773.0
736	985	32	14453.0
499	791	32	6389.0
248	366	32	11691.0
51	687	32	7940.0
723	756	32	7944.0
654	708	32	8843.0
654	994	32	7094.0
708	994	32	4950.0
319	707	32	4289.0
53	223	32	3828.0
53	482	32	3777.0
223	482	32	6101.0
153	308	32	5208.0
628	996	32	5978.0
167	302	32	2910.0
167	965	32	9984.0
302	965	32	1044.0
286	351	32	13743.0
270	888	32	9650.0
312	631	32	8074.0
0	360	32	4988.0
0	495	32	8006.0
360	495	32	7216.0
542	670	32	7648.0
539	887	32	6614.0
374	831	32	8396.0
229	909	32	6791.0
349	352	32	2337.0
165	406	32	5098.0
725	866	32	9455.0
470	671	32	8784.0
87	654	32	7746.0
159	677	32	7510.0
234	794	32	10880.0
83	364	32	12560.0
724	770	32	8313.0
724	869	32	11191.0
32	947	32	4310.0
645	721	32	11307.0
598	748	32	9077.0
289	572	32	9736.0
10	584	32	10788.0
303	758	32	7235.0
29	967	32	11254.0
827	841	32	8225.0
34	427	32	6185.0
315	478	32	13614.0
176	279	32	5852.0
109	487	32	8364.0
118	837	32	7219.0
209	598	32	8107.0
194	696	32	13279.0
70	217	32	3249.0
146	198	32	6248.0
146	706	32	6215.0
198	354	32	10987.0
198	706	32	10971.0
354	706	32	10791.0
846	870	32	10300.0
271	955	32	18514.0
39	850	32	5376.0
39	917	32	4517.0
147	728	32	5958.0
163	261	32	8009.0
189	406	32	5908.0
204	857	32	8645.0
20	270	32	7789.0
226	229	32	5029.0
504	743	32	8799.0
161	484	32	8413.0
740	844	32	7746.0
45	602	32	7492.0
195	297	32	2947.0
670	892	32	7443.0
50	984	32	5506.0
356	832	32	10261.0
144	932	32	11293.0
339	846	32	13682.0
387	976	32	11244.0
499	741	32	8561.0
134	740	32	3648.0
220	750	32	7887.0
220	971	32	8762.0
750	971	32	9882.0
295	504	32	7714.0
624	917	32	10173.0
402	944	32	5290.0
640	857	32	8645.0
124	740	32	7224.0
5	699	32	11166.0
595	842	32	1500.0
419	816	32	4088.0
376	384	32	6579.0
28	950	32	13643.0
425	966	32	16517.0
109	373	32	7861.0
423	764	32	15447.0
431	474	32	8863.0
613	616	32	1928.0
153	473	32	8557.0
68	831	32	7403.0
663	968	32	3923.0
137	862	32	4535.0
63	878	32	8021.0
458	785	32	10876.0
278	999	32	4788.0
880	947	32	6598.0
214	596	32	15825.0
255	382	32	10720.0
437	699	32	11009.0
576	951	32	4064.0
726	876	32	2079.0
301	339	32	14698.0
422	976	32	8557.0
360	370	32	7729.0
79	804	32	10991.0
311	369	32	7036.0
172	263	32	3126.0
199	288	32	10572.0
37	746	32	5409.0
923	939	32	10855.0
194	625	32	16355.0
392	549	32	10940.0
157	246	32	7571.0
111	608	32	2119.0
312	513	32	10659.0
360	367	32	7786.0
164	452	32	5874.0
597	739	32	10862.0
156	887	32	4904.0
618	624	32	10223.0
696	749	32	13623.0
504	703	32	3956.0
157	743	32	6755.0
70	624	32	8863.0
198	326	32	8709.0
102	613	32	4525.0
365	451	32	7407.0
204	813	32	8631.0
277	882	32	11285.0
251	585	32	8942.0
146	716	32	6445.0
146	976	32	6392.0
716	976	32	12738.0
624	850	32	11081.0
198	321	32	4404.0
11	750	32	6475.0
577	937	32	9680.0
70	618	32	9009.0
337	618	32	10227.0
161	822	32	8707.0
155	793	32	13006.0
548	715	32	3201.0
171	977	32	11841.0
862	948	32	12532.0
68	374	32	8189.0
217	265	32	10028.0
217	618	32	4142.0
265	618	32	3998.0
300	831	32	8396.0
14	252	32	5556.0
31	866	32	8566.0
465	569	32	2163.0
162	539	32	3370.0
835	935	32	11449.0
740	744	32	3449.0
84	474	32	8320.0
10	796	32	11499.0
598	675	32	7294.0
675	774	32	7410.0
675	909	32	8836.0
774	909	32	4459.0
726	956	32	11136.0
551	943	32	8962.0
24	446	32	6887.0
126	520	32	8950.0
31	723	32	7028.0
667	836	32	13346.0
304	596	32	10086.0
924	944	32	11770.0
582	978	32	11061.0
726	915	32	10146.0
729	831	32	8396.0
218	403	32	13509.0
313	780	32	10289.0
12	744	32	8328.0
601	886	32	4783.0
160	614	32	11310.0
160	834	32	10408.0
614	834	32	13493.0
96	316	32	4556.0
150	563	32	7278.0
141	178	32	7680.0
362	984	32	7391.0
838	887	32	11909.0
141	369	32	7420.0
424	842	32	5177.0
730	764	32	1291.0
783	854	32	6126.0
353	661	32	11220.0
50	935	32	9537.0
420	722	32	11661.0
362	835	32	10871.0
468	760	32	12193.0
178	936	32	7323.0
346	684	32	10799.0
246	504	32	8581.0
384	785	32	11061.0
785	854	32	13333.0
430	498	32	8361.0
414	473	32	2211.0
141	267	32	6717.0
150	371	32	7081.0
150	590	32	6463.0
614	662	32	13132.0
240	499	32	9000.0
272	300	32	17348.0
582	988	32	5707.0
161	890	32	8747.0
165	198	32	2074.0
390	698	32	12383.0
97	968	32	4380.0
360	738	32	6069.0
753	858	32	7732.0
302	592	32	8858.0
666	721	32	11711.0
10	57	32	7515.0
40	596	32	12875.0
771	974	32	11130.0
179	320	32	9560.0
360	631	32	6482.0
199	207	32	10044.0
462	785	32	1482.0
659	978	32	9257.0
710	879	32	8703.0
431	503	32	10240.0
278	497	32	5537.0
763	935	32	4230.0
820	833	32	17243.0
833	933	32	13785.0
408	594	32	7848.0
403	877	32	14916.0
132	658	32	8014.0
132	787	32	8228.0
658	787	32	12999.0
119	820	32	16559.0
78	172	32	6858.0
151	783	32	7862.0
197	974	32	3261.0
154	517	32	11393.0
169	416	32	5001.0
1	745	32	5479.0
733	862	32	8918.0
341	953	32	11216.0
362	763	32	3659.0
635	912	32	7846.0
105	396	32	8437.0
597	748	32	2735.0
239	935	32	11125.0
408	425	32	5082.0
408	603	32	8907.0
425	603	32	4326.0
892	995	32	7732.0
395	956	32	13348.0
853	859	32	10199.0
799	913	32	9160.0
60	762	32	8544.0
551	878	32	11526.0
137	886	32	7383.0
399	952	32	14126.0
314	557	32	12361.0
87	907	32	6937.0
52	251	32	4655.0
97	961	32	5956.0
693	922	32	7908.0
29	643	32	11593.0
204	617	32	9528.0
344	788	32	11688.0
57	584	32	7155.0
57	727	32	7071.0
584	727	32	10517.0
945	961	32	9513.0
442	897	32	11231.0
449	756	32	13601.0
326	354	32	6826.0
97	862	32	11455.0
371	751	32	7678.0
43	877	32	10357.0
511	930	32	10834.0
97	948	32	11300.0
87	708	32	7846.0
384	745	32	10516.0
384	783	32	8477.0
745	783	32	6513.0
608	674	32	12582.0
165	321	32	5119.0
228	365	32	5092.0
471	599	32	10612.0
222	853	32	10265.0
654	907	32	9442.0
287	461	32	4800.0
200	532	32	5308.0
15	599	32	8807.0
432	575	32	3003.0
652	687	32	10792.0
110	390	32	6931.0
110	905	32	6793.0
390	905	32	10033.0
107	869	32	6345.0
190	731	32	15550.0
827	889	32	8890.0
243	455	32	11419.0
183	470	32	10274.0
299	946	32	6411.0
364	413	32	13004.0
542	892	32	7404.0
44	774	32	12848.0
253	966	32	1658.0
535	547	32	10213.0
118	578	32	7104.0
76	811	32	8941.0
174	249	32	8219.0
187	700	32	4795.0
471	738	32	11044.0
413	526	32	5522.0
311	380	32	7733.0
311	650	32	7012.0
245	929	32	4428.0
7	453	32	11040.0
421	728	32	8301.0
421	980	32	9103.0
728	972	32	7680.0
728	980	32	10038.0
972	980	32	8483.0
502	902	32	12161.0
5	927	32	12125.0
385	957	32	11035.0
145	982	32	9908.0
409	520	32	10512.0
376	783	32	3200.0
547	715	32	12143.0
835	979	32	10303.0
331	615	32	10388.0
208	604	32	7331.0
102	262	32	12501.0
426	577	32	9186.0
334	607	32	4482.0
20	220	32	8206.0
120	650	32	3708.0
361	974	32	3243.0
475	839	32	10718.0
308	372	32	8418.0
239	835	32	5918.0
44	583	32	9647.0
44	586	32	12967.0
583	586	32	9319.0
239	763	32	4281.0
179	864	32	9865.0
386	750	32	8294.0
621	853	32	9998.0
289	838	32	8359.0
572	838	32	8455.0
394	851	32	7151.0
395	876	32	8328.0
336	499	32	9188.0
305	709	32	8343.0
409	928	32	12529.0
298	806	32	10450.0
31	164	32	6117.0
164	990	32	5890.0
723	990	32	7441.0
842	899	32	5200.0
759	886	32	7901.0
35	112	32	2758.0
35	379	32	6612.0
35	868	32	6421.0
112	379	32	3690.0
112	868	32	2888.0
379	868	32	6694.0
675	874	32	12416.0
2	703	32	4764.0
134	351	32	7969.0
339	992	32	11345.0
352	717	32	8532.0
583	774	32	8585.0
241	720	32	12587.0
111	341	32	8610.0
518	632	32	9962.0
84	503	32	6580.0
888	971	32	9750.0
582	833	32	5630.0
266	711	32	8788.0
623	835	32	8031.0
161	545	32	8238.0
275	507	32	15688.0
240	741	32	8332.0
407	842	32	5177.0
530	733	32	3759.0
300	374	32	12657.0
584	957	32	9538.0
158	375	32	9512.0
479	518	32	3954.0
518	977	32	12379.0
50	763	32	2733.0
19	346	32	7349.0
557	640	32	7332.0
12	351	32	8427.0
344	512	32	11898.0
17	813	32	5910.0
1	151	32	5302.0
658	871	32	12329.0
82	709	32	8915.0
586	712	32	6544.0
337	917	32	10915.0
688	736	32	14832.0
151	714	32	8538.0
370	631	32	13868.0
472	635	32	12320.0
833	988	32	17070.0
590	682	32	2598.0
247	427	32	4657.0
32	419	32	4281.0
59	570	32	10253.0
273	461	32	4770.0
407	843	32	6971.0
92	507	32	7782.0
948	964	32	9422.0
170	748	32	1746.0
677	841	32	10219.0
150	308	32	7050.0
150	798	32	5913.0
150	879	32	6771.0
308	798	32	6421.0
798	879	32	10607.0
158	209	32	8645.0
8	348	32	7150.0
746	774	32	8108.0
362	564	32	10557.0
362	979	32	10603.0
564	979	32	9938.0
454	465	32	10135.0
454	811	32	11966.0
802	852	32	14106.0
712	748	32	9528.0
541	550	32	5571.0
233	849	32	12446.0
97	530	32	8135.0
530	601	32	11315.0
144	293	32	10075.0
293	322	32	9594.0
414	879	32	7045.0
811	897	32	15659.0
395	726	32	11156.0
467	865	32	11016.0
526	754	32	9999.0
203	838	32	5736.0
300	481	32	11333.0
748	840	32	10870.0
334	724	32	6881.0
334	770	32	7350.0
87	425	32	1991.0
748	775	32	10934.0
113	939	32	12526.0
8	215	32	7452.0
457	462	32	1446.0
457	745	32	11124.0
457	854	32	10345.0
462	745	32	1491.0
462	854	32	1471.0
745	854	32	12968.0
598	712	32	8760.0
658	882	32	11285.0
261	323	32	11062.0
197	361	32	10510.0
113	574	32	11374.0
1	783	32	7518.0
564	835	32	11245.0
726	981	32	1033.0
184	720	32	14169.0
74	914	32	11574.0
90	407	32	2385.0
84	871	32	5818.0
97	800	32	8377.0
733	948	32	6770.0
323	366	32	11434.0
323	489	32	8456.0
366	489	32	10721.0
319	666	32	11975.0
72	721	32	9225.0
800	964	32	10405.0
431	871	32	12329.0
83	414	32	12725.0
573	742	32	12002.0
40	560	32	5694.0
255	446	32	9420.0
915	956	32	11690.0
763	984	32	4348.0
204	314	32	6506.0
493	630	32	10205.0
100	633	32	9747.0
881	977	32	5311.0
41	832	32	3283.0
474	503	32	6997.0
623	979	32	7356.0
485	736	32	6087.0
189	555	32	2501.0
38	171	32	2409.0
134	343	32	9955.0
343	740	32	5929.0
774	840	32	10942.0
121	857	32	7897.0
426	937	32	9680.0
839	952	32	12828.0
512	788	32	11745.0
548	934	32	10002.0
771	934	32	11578.0
126	409	32	10087.0
208	427	32	4657.0
449	723	32	8232.0
356	398	32	10137.0
755	931	32	5077.0
232	373	32	10260.0
125	905	32	9068.0
305	858	32	8564.0
858	987	32	7163.0
111	531	32	8382.0
333	631	32	7210.0
65	915	32	11400.0
768	930	32	11236.0
720	980	32	4169.0
454	897	32	11761.0
174	222	32	8290.0
449	797	32	10389.0
417	993	32	11792.0
484	545	32	11330.0
423	1000	32	14788.0
92	389	32	7844.0
129	979	32	1701.0
24	255	32	6902.0
319	645	32	7677.0
645	883	32	10780.0
346	628	32	6210.0
503	871	32	9508.0
663	800	32	11836.0
364	798	32	7079.0
89	806	32	8830.0
93	456	32	6011.0
656	772	32	8561.0
560	837	32	9560.0
180	938	32	9905.0
421	537	32	8710.0
124	541	32	7400.0
659	790	32	7228.0
176	707	32	10142.0
116	180	32	6335.0
424	664	32	5581.0
467	842	32	5177.0
58	181	32	12833.0
383	487	32	9876.0
488	519	32	1245.0
564	623	32	8246.0
564	984	32	8411.0
650	681	32	4969.0
772	896	32	10744.0
150	973	32	5389.0
468	558	32	11572.0
289	887	32	11830.0
108	371	32	6743.0
171	881	32	7152.0
20	386	32	8174.0
916	970	32	13166.0
759	968	32	7929.0
912	922	32	8165.0
63	689	32	7893.0
319	721	32	12062.0
495	513	32	11111.0
697	814	32	12872.0
697	946	32	7703.0
814	946	32	7703.0
594	966	32	16259.0
167	282	32	11530.0
372	473	32	10035.0
493	616	32	12192.0
334	824	32	7463.0
111	637	32	8074.0
345	925	32	11778.0
477	755	32	2673.0
598	746	32	5396.0
132	882	32	6217.0
340	382	32	10048.0
603	769	32	7061.0
587	729	32	9836.0
515	631	32	5855.0
17	857	32	5473.0
819	928	32	12383.0
429	996	32	10710.0
20	750	32	7502.0
272	587	32	10856.0
155	468	32	12790.0
195	919	32	3148.0
99	609	32	8554.0
40	837	32	2127.0
693	868	32	6309.0
164	756	32	5615.0
423	639	32	11121.0
214	836	32	11638.0
224	350	32	9922.0
350	983	32	9544.0
392	921	32	10876.0
256	799	32	8550.0
68	729	32	8257.0
274	570	32	15767.0
274	867	32	14390.0
570	867	32	14785.0
399	839	32	9169.0
680	757	32	11255.0
759	948	32	2494.0
498	780	32	5881.0
521	566	32	8697.0
364	682	32	10872.0
407	467	32	11376.0
197	216	32	10591.0
338	349	32	10225.0
437	528	32	11912.0
598	775	32	6425.0
524	947	32	7272.0
239	362	32	5253.0
294	656	32	3068.0
119	988	32	15915.0
237	283	32	12653.0
568	701	32	12417.0
163	248	32	7871.0
266	483	32	13226.0
628	930	32	10919.0
30	686	32	8701.0
783	785	32	7720.0
246	904	32	8756.0
82	753	32	9106.0
375	998	32	5777.0
140	425	32	13872.0
192	424	32	4986.0
42	397	32	10297.0
34	604	32	5340.0
65	726	32	10594.0
65	956	32	12020.0
206	579	32	1463.0
324	858	32	8714.0
524	880	32	6361.0
555	706	32	11988.0
433	681	32	5169.0
0	367	32	4175.0
518	881	32	5438.0
0	327	32	6692.0
712	775	32	7209.0
38	977	32	2422.0
47	582	32	6163.0
238	814	32	6138.0
125	498	32	4302.0
23	865	32	7329.0
7	460	32	10909.0
27	179	32	9501.0
140	603	32	3555.0
737	906	32	9674.0
166	764	32	11588.0
298	447	32	10157.0
608	678	32	2585.0
85	448	32	9986.0
346	511	32	10305.0
647	812	32	12760.0
432	694	32	3019.0
838	954	32	6012.0
445	837	32	6701.0
50	979	32	9573.0
333	495	32	7904.0
1	384	32	6472.0
96	424	32	4393.0
140	594	32	13840.0
226	646	32	2332.0
229	646	32	6547.0
472	922	32	8859.0
227	294	32	2517.0
199	967	32	6434.0
316	407	32	13175.0
407	664	32	5597.0
409	819	32	14897.0
566	823	32	8498.0
516	833	32	15254.0
185	213	32	4463.0
121	204	32	8686.0
560	667	32	9076.0
660	783	32	11457.0
197	213	32	5245.0
197	607	32	10059.0
213	607	32	5151.0
349	592	32	10309.0
242	687	32	9179.0
68	300	32	8297.0
208	359	32	5635.0
733	800	32	3836.0
720	830	32	10541.0
37	586	32	4905.0
37	774	32	5095.0
338	717	32	1669.0
338	861	32	3301.0
601	862	32	12339.0
301	870	32	10876.0
261	489	32	10700.0
175	651	32	10096.0
13	434	32	8907.0
189	354	32	2441.0
213	771	32	5085.0
286	541	32	3103.0
445	578	32	6838.0
336	791	32	6900.0
341	608	32	2198.0
233	430	32	12927.0
855	1002	32	10020.0
617	701	32	6725.0
155	760	32	14025.0
135	688	32	7945.0
327	333	32	4652.0
150	153	32	4791.0
153	371	32	5141.0
473	590	32	9568.0
124	510	32	7421.0
141	433	32	7537.0
139	199	32	8871.0
800	948	32	9925.0
379	635	32	8713.0
596	949	32	6619.0
95	221	32	8861.0
50	835	32	9472.0
519	574	32	12072.0
23	316	32	6504.0
252	364	32	12553.0
979	984	32	6144.0
21	509	32	8905.0
178	194	32	1754.0
700	881	32	4843.0
410	632	32	9091.0
107	824	32	8043.0
158	598	32	4264.0
299	735	32	8042.0
258	316	32	7792.0
258	467	32	10734.0
490	603	32	6590.0
754	879	32	3337.0
76	465	32	8899.0
110	499	32	8857.0
38	518	32	2382.0
38	632	32	2351.0
478	717	32	1353.0
165	189	32	5026.0
327	495	32	6715.0
112	472	32	3840.0
619	989	32	9500.0
600	894	32	12390.0
360	508	32	5261.0
510	552	32	8712.0
97	733	32	6918.0
566	762	32	7640.0
127	514	32	8753.0
245	299	32	10463.0
596	837	32	5079.0
20	588	32	8197.0
153	372	32	8018.0
153	590	32	7971.0
372	590	32	9379.0
123	226	32	2331.0
17	640	32	6326.0
178	433	32	11259.0
323	501	32	11199.0
96	865	32	4245.0
376	785	32	10154.0
115	504	32	1417.0
122	547	32	6674.0
376	854	32	9974.0
61	289	32	6133.0
822	890	32	9739.0
371	473	32	7324.0
612	834	32	12245.0
100	931	32	6427.0
178	311	32	10511.0
608	938	32	11213.0
874	998	32	9817.0
137	733	32	7375.0
364	879	32	11299.0
209	586	32	4479.0
273	287	32	4865.0
382	446	32	11967.0
907	994	32	16937.0
403	960	32	12207.0
268	807	32	10995.0
436	550	32	10588.0
490	594	32	4796.0
743	821	32	8840.0
548	607	32	13166.0
645	795	32	12873.0
51	652	32	8107.0
820	933	32	13518.0
660	785	32	10793.0
402	767	32	9785.0
155	734	32	14263.0
361	771	32	7722.0
87	490	32	7927.0
218	960	32	12207.0
519	923	32	9598.0
82	906	32	7775.0
114	670	32	7087.0
526	605	32	10737.0
432	566	32	2855.0
586	739	32	5482.0
490	966	32	1897.0
707	795	32	10185.0
545	890	32	12602.0
247	359	32	5635.0
341	678	32	13967.0
743	904	32	9614.0
332	392	32	12571.0
290	801	32	11192.0
229	998	32	5736.0
445	596	32	8876.0
252	879	32	9817.0
153	751	32	5674.0
72	883	32	8631.0
304	667	32	11902.0
926	998	32	8178.0
92	540	32	7270.0
530	948	32	9916.0
1	714	32	7544.0
542	672	31	7914.0
375	712	31	5940.0
272	729	31	13785.0
865	899	31	5250.0
874	909	31	6594.0
346	930	31	6323.0
672	892	31	7445.0
343	844	31	3207.0
393	971	31	3347.0
412	635	31	11734.0
14	254	31	9762.0
290	970	31	12909.0
276	736	31	12454.0
469	485	31	11897.0
137	961	31	7618.0
137	968	31	7424.0
234	285	31	3266.0
635	665	31	7865.0
38	881	31	2402.0
526	591	31	5543.0
304	445	31	3190.0
522	532	31	9333.0
430	905	31	13237.0
386	588	31	9806.0
588	888	31	9665.0
494	697	31	3777.0
490	907	31	7004.0
217	850	31	5014.0
509	925	31	11982.0
285	302	31	9168.0
226	909	31	2308.0
175	855	31	9459.0
225	252	31	12361.0
360	513	31	8498.0
513	515	31	8284.0
232	487	31	11855.0
411	919	31	5129.0
160	662	31	10204.0
612	662	31	11944.0
102	477	31	11973.0
625	749	31	13662.0
607	974	31	10498.0
174	853	31	8202.0
443	901	31	9113.0
189	326	31	9362.0
298	404	31	1801.0
241	537	31	5053.0
241	972	31	3991.0
225	591	31	12778.0
530	800	31	12210.0
589	605	31	10737.0
292	781	31	10257.0
566	694	31	7068.0
408	907	31	10162.0
521	823	31	11193.0
541	962	31	9135.0
314	857	31	6446.0
309	673	31	9223.0
580	873	31	10386.0
17	557	31	14045.0
521	627	31	14521.0
57	385	31	7076.0
175	863	31	9220.0
862	964	31	9061.0
558	760	31	13720.0
38	410	31	2381.0
108	308	31	6721.0
709	753	31	9045.0
125	390	31	9134.0
11	588	31	6340.0
313	698	31	12200.0
197	382	31	2210.0
531	953	31	13726.0
549	921	31	9578.0
89	315	31	6697.0
39	624	31	6253.0
165	765	31	4980.0
298	416	31	8471.0
131	780	31	6855.0
172	186	31	8689.0
186	263	31	5227.0
108	153	31	4393.0
55	846	31	10831.0
423	954	31	4566.0
211	860	31	19569.0
792	997	31	8963.0
571	756	31	8605.0
14	83	31	5529.0
150	473	31	6942.0
26	378	31	7199.0
282	965	31	9200.0
572	887	31	10092.0
191	550	31	10490.0
172	788	31	7248.0
201	535	31	13914.0
286	488	31	13913.0
333	360	31	7255.0
709	858	31	10044.0
129	623	31	1931.0
684	918	31	8996.0
302	861	31	2827.0
592	861	31	3769.0
375	748	31	6477.0
151	376	31	3950.0
417	789	31	10253.0
222	859	31	10355.0
220	270	31	8370.0
862	886	31	7078.0
204	991	31	8557.0
173	759	31	7931.0
275	540	31	11786.0
777	930	31	11236.0
216	361	31	10510.0
106	461	31	1517.0
128	393	31	7371.0
21	641	31	9262.0
416	447	31	9959.0
395	423	31	1407.0
260	383	31	7815.0
95	296	31	7817.0
424	899	31	10340.0
787	871	31	11923.0
262	630	31	10362.0
376	660	31	6326.0
392	486	31	11557.0
868	922	31	4657.0
196	780	31	8742.0
356	717	31	6809.0
384	457	31	12474.0
384	462	31	1445.0
438	483	31	8877.0
410	518	31	10952.0
588	971	31	10683.0
236	322	31	9216.0
601	961	31	5590.0
56	309	31	8587.0
309	807	31	12788.0
632	977	31	9935.0
644	825	31	17471.0
326	706	31	5926.0
0	333	31	5962.0
386	971	31	11622.0
586	668	31	6390.0
675	926	31	8352.0
363	424	31	6169.0
601	642	31	12749.0
531	608	31	7264.0
156	838	31	4944.0
145	619	31	9670.0
603	999	31	9533.0
508	513	31	10664.0
635	693	31	9888.0
745	785	31	14545.0
664	865	31	5023.0
225	364	31	12076.0
72	666	31	9436.0
479	881	31	5015.0
173	948	31	2791.0
303	822	31	10995.0
780	791	31	4544.0
58	955	31	19443.0
57	957	31	6695.0
128	920	31	8063.0
294	772	31	1984.0
82	737	31	8901.0
486	549	31	9119.0
315	773	31	7047.0
534	877	31	10561.0
227	394	31	3244.0
553	656	31	8781.0
298	644	31	10423.0
447	644	31	14666.0
672	995	31	9247.0
272	831	31	8396.0
238	494	31	4107.0
239	564	31	6682.0
76	442	31	8656.0
504	821	31	8517.0
403	534	31	10644.0
3	285	31	7783.0
561	942	31	7948.0
93	852	31	6930.0
557	813	31	6952.0
620	818	31	2402.0
80	475	31	12568.0
96	467	31	4415.0
312	360	31	8471.0
275	389	31	10927.0
854	981	31	8181.0
14	754	31	9257.0
512	924	31	10795.0
378	529	31	8141.0
457	714	31	13869.0
170	739	31	6986.0
767	829	31	9984.0
172	402	31	3442.0
421	720	31	4298.0
367	508	31	4302.0
147	421	31	5970.0
5	437	31	11766.0
80	730	31	12787.0
126	819	31	9214.0
663	948	30	12493.0
389	540	30	8855.0
698	905	30	10462.0
3	609	30	7372.0
135	469	30	8203.0
367	495	30	6196.0
490	708	30	8349.0
212	228	30	4426.0
935	979	30	10603.0
167	592	30	3796.0
62	684	30	8007.0
435	958	30	10606.0
172	395	30	4356.0
395	915	30	14004.0
620	814	30	11081.0
28	778	30	13364.0
200	403	30	1243.0
158	675	30	10216.0
55	339	30	11251.0
235	518	30	9647.0
344	924	30	11374.0
391	770	30	8448.0
625	696	30	14017.0
219	228	30	4346.0
70	405	30	4274.0
369	936	30	10802.0
197	934	30	8043.0
121	314	30	6302.0
258	664	30	2424.0
381	989	30	9096.0
394	656	30	3860.0
35	472	30	6614.0
97	886	30	5145.0
84	431	30	8477.0
431	882	30	9301.0
458	783	30	8982.0
431	658	30	15648.0
19	768	30	11938.0
319	795	30	4909.0
461	895	30	4722.0
169	447	30	7096.0
114	892	30	6844.0
302	717	30	1664.0
12	436	30	3240.0
442	465	30	11303.0
172	441	30	3335.0
121	640	30	7962.0
153	879	30	7872.0
346	996	30	13932.0
105	629	30	8160.0
666	883	30	11845.0
649	889	30	9016.0
464	703	30	6130.0
274	303	30	9123.0
712	774	30	9647.0
764	1000	30	15810.0
597	691	30	8192.0
89	416	30	8475.0
144	828	30	12645.0
302	338	30	8855.0
127	284	30	7796.0
261	501	30	3927.0
748	774	30	12292.0
395	812	30	5921.0
286	436	30	7896.0
603	907	30	9074.0
498	905	30	9484.0
223	342	30	5805.0
47	659	30	5921.0
801	970	30	11512.0
445	466	30	9029.0
85	975	30	10448.0
683	712	30	5761.0
285	592	30	11304.0
212	451	30	7698.0
543	544	30	9773.0
785	847	30	11394.0
93	653	30	7044.0
400	517	30	12446.0
594	654	30	7012.0
180	608	30	12608.0
425	594	30	16358.0
285	338	30	11273.0
553	772	30	10456.0
262	755	30	3015.0
544	638	30	11024.0
516	820	30	15725.0
162	289	30	9511.0
187	632	30	9208.0
560	596	30	8846.0
80	399	30	11487.0
171	479	30	5052.0
83	591	30	12622.0
511	996	30	9967.0
689	878	30	10544.0
751	798	30	6766.0
275	815	30	13879.0
433	936	30	5264.0
252	589	30	5424.0
723	866	30	6712.0
176	883	30	8581.0
737	987	30	8295.0
330	378	30	8775.0
330	533	30	9095.0
545	570	30	3420.0
714	783	30	10536.0
714	785	30	12183.0
601	800	30	11071.0
835	984	30	7628.0
619	719	30	11921.0
378	411	30	9389.0
0	370	30	7912.0
577	679	30	11893.0
97	173	30	2987.0
170	775	30	5597.0
61	440	30	7636.0
681	936	30	11452.0
691	775	30	7398.0
362	623	30	8246.0
195	310	30	5790.0
557	568	30	14094.0
139	958	30	8990.0
150	497	30	1676.0
408	966	30	4929.0
105	259	30	8176.0
274	822	30	2713.0
735	946	30	7703.0
846	992	30	10614.0
586	691	30	6745.0
407	595	30	3831.0
474	871	30	6237.0
474	882	30	10931.0
430	849	30	10271.0
589	754	30	9999.0
535	715	30	11150.0
81	934	30	7697.0
110	336	30	9078.0
28	580	30	11128.0
473	591	30	5357.0
110	196	30	4137.0
374	729	30	10517.0
521	940	30	11107.0
56	673	30	7869.0
170	583	30	1221.0
705	974	30	8294.0
84	132	30	5437.0
116	608	30	6271.0
88	194	30	14557.0
217	235	30	10069.0
364	973	30	16309.0
264	482	30	6969.0
15	634	30	8855.0
298	315	30	8320.0
221	261	30	3386.0
694	940	30	9496.0
328	550	30	9581.0
213	216	30	4807.0
108	150	30	6865.0
756	797	30	10330.0
287	895	30	4811.0
60	940	30	8858.0
102	493	30	13081.0
211	331	30	10304.0
283	985	30	12084.0
649	841	30	11751.0
691	748	30	3544.0
93	561	30	7080.0
42	183	30	10523.0
352	398	30	7992.0
591	682	30	10847.0
154	455	30	11419.0
569	742	30	12361.0
222	621	30	9809.0
416	806	30	9378.0
407	865	30	10747.0
635	922	30	8859.0
15	738	30	8892.0
175	1002	30	9448.0
289	579	30	8450.0
64	736	30	11683.0
107	334	30	11190.0
84	277	30	8431.0
39	337	30	3882.0
619	982	30	10595.0
607	705	30	12826.0
491	891	30	11405.0
254	413	30	5482.0
323	690	30	9498.0
34	247	30	5371.0
384	726	30	1360.0
232	260	30	8100.0
284	610	30	9011.0
157	504	30	6781.0
157	821	30	7570.0
12	191	30	8139.0
60	694	30	8584.0
351	541	30	4551.0
44	375	30	7217.0
42	671	30	11357.0
239	623	30	5342.0
103	638	30	6716.0
286	962	30	7338.0
820	988	30	16804.0
213	361	30	4993.0
361	607	30	10043.0
847	854	30	10538.0
58	718	30	13474.0
58	271	30	12825.0
225	413	30	9355.0
81	213	30	5553.0
125	698	30	9166.0
193	760	30	3416.0
456	653	30	10313.0
235	618	30	8493.0
265	518	30	7556.0
727	796	30	7735.0
548	705	30	10958.0
258	843	30	9588.0
289	440	30	6577.0
503	658	30	10503.0
134	510	30	1521.0
510	744	30	1292.0
418	554	30	7482.0
170	597	30	7867.0
157	904	30	6635.0
669	878	30	13640.0
86	818	30	7599.0
507	815	30	13879.0
710	973	30	10891.0
424	595	30	8666.0
321	406	30	5612.0
813	857	30	8645.0
575	940	30	7007.0
511	628	30	10732.0
925	969	30	9064.0
595	970	30	3867.0
177	829	30	10883.0
206	639	30	5440.0
195	291	30	4062.0
191	351	29	10592.0
191	744	29	11793.0
29	288	29	11391.0
341	531	29	8575.0
