70	175	32	4852.0
396	722	32	11753.0
458	854	32	9164.0
425	966	32	16517.0
327	495	32	6715.0
327	513	32	7141.0
495	513	32	11111.0
273	287	32	4865.0
278	999	32	4788.0
244	958	32	10606.0
592	965	32	1798.0
542	995	32	8015.0
89	416	32	8475.0
375	874	32	9201.0
316	970	32	1205.0
677	889	32	9456.0
8	215	32	7452.0
324	737	32	9431.0
785	981	32	9789.0
457	462	32	1446.0
457	745	32	11124.0
457	854	32	10345.0
462	745	32	1491.0
462	854	32	1471.0
745	854	32	12968.0
520	908	32	11247.0
620	735	32	12160.0
553	772	32	10456.0
135	280	32	7964.0
324	858	32	8714.0
524	880	32	6361.0
32	947	32	4310.0
163	261	32	8009.0
483	910	32	7582.0
215	353	32	11953.0
141	267	32	6717.0
805	950	32	15013.0
649	677	32	10364.0
811	897	32	15659.0
522	884	32	9110.0
299	735	32	8042.0
299	946	32	6411.0
735	946	32	7703.0
640	857	32	8645.0
739	775	32	6435.0
345	969	32	8947.0
371	751	32	7678.0
161	545	32	8238.0
275	507	32	15688.0
871	882	32	6572.0
496	967	32	10925.0
728	980	32	10038.0
862	964	32	9061.0
33	82	32	7091.0
33	858	32	7977.0
82	858	32	7690.0
801	916	32	12277.0
84	503	32	6580.0
668	691	32	8604.0
613	872	32	6337.0
618	624	32	10223.0
247	427	32	4657.0
144	932	32	11293.0
94	554	32	6622.0
292	781	32	10257.0
24	340	32	7003.0
280	485	32	9295.0
23	316	32	6504.0
320	864	32	10359.0
880	947	32	6598.0
263	441	32	12104.0
525	764	32	13463.0
878	943	32	13464.0
597	739	32	10862.0
76	465	32	8899.0
371	590	32	6841.0
575	823	32	8572.0
658	787	32	12999.0
413	591	32	13293.0
60	694	32	8584.0
234	282	32	11717.0
437	927	32	11775.0
520	819	32	8500.0
548	974	32	11317.0
369	380	32	9812.0
246	743	32	8933.0
558	760	32	13720.0
118	1001	32	6921.0
30	385	32	9650.0
74	401	32	12339.0
658	871	32	12329.0
218	877	32	12569.0
394	656	32	3860.0
155	558	32	13178.0
15	471	32	8532.0
3	302	32	7871.0
445	578	32	6838.0
475	730	32	11905.0
961	968	32	12046.0
531	608	32	7264.0
50	564	32	9471.0
44	375	32	7217.0
724	869	32	11191.0
328	436	32	4508.0
380	433	32	10861.0
58	955	32	19443.0
660	783	32	11457.0
575	666	32	1753.0
456	760	32	5443.0
266	910	32	8289.0
72	721	32	9225.0
484	890	32	11657.0
59	867	32	10300.0
119	582	32	5576.0
167	234	32	11921.0
841	978	32	2827.0
68	587	32	8239.0
364	591	32	16716.0
243	455	32	11419.0
513	631	32	13868.0
120	267	32	3578.0
503	882	32	7417.0
607	771	32	15217.0
479	518	32	3954.0
479	977	32	3848.0
518	977	32	12379.0
876	956	32	3484.0
11	888	32	6287.0
409	520	32	10512.0
430	905	32	13237.0
29	199	32	6563.0
847	854	32	10538.0
178	311	32	10511.0
178	650	32	8826.0
311	650	32	7012.0
385	584	32	12123.0
38	632	32	2351.0
334	824	32	7463.0
12	744	32	8328.0
603	898	32	10236.0
810	830	32	7423.0
199	967	32	6434.0
58	718	32	13474.0
612	662	32	11944.0
566	627	32	8425.0
874	926	32	8350.0
197	361	32	10510.0
642	733	32	14258.0
343	510	32	4788.0
181	955	32	15288.0
245	929	32	4428.0
339	870	32	10876.0
356	717	32	6809.0
819	908	32	12546.0
156	856	32	4359.0
137	968	32	7424.0
173	500	32	10130.0
392	549	32	10940.0
326	765	32	7127.0
383	487	32	9876.0
746	748	32	7908.0
933	988	32	14200.0
113	519	32	13020.0
445	667	32	9210.0
414	710	32	9614.0
414	973	32	13948.0
710	973	32	10891.0
29	288	32	11391.0
159	841	32	7869.0
301	339	32	14698.0
528	927	32	15540.0
624	917	32	10173.0
623	979	32	7356.0
164	797	32	5873.0
3	592	32	7669.0
103	924	32	6460.0
191	286	32	10211.0
170	583	32	1221.0
206	838	32	8741.0
238	814	32	6138.0
255	382	32	10720.0
586	775	32	13430.0
510	552	32	8712.0
194	749	32	13194.0
97	800	32	8377.0
620	653	32	3015.0
74	757	32	11776.0
530	601	32	11315.0
530	948	32	9916.0
601	948	32	12757.0
298	416	32	8471.0
165	198	32	2074.0
262	616	32	11850.0
346	918	32	9651.0
105	420	32	8115.0
99	285	32	9052.0
156	838	32	4944.0
112	868	32	2888.0
463	544	32	8297.0
463	924	32	6991.0
544	924	32	9126.0
534	960	32	10736.0
190	864	32	12676.0
605	754	32	9885.0
6	537	32	3053.0
795	804	32	11947.0
154	243	32	13051.0
167	794	32	10806.0
13	417	32	9087.0
748	774	32	12292.0
748	775	32	10934.0
774	775	32	9438.0
425	994	32	14733.0
228	451	32	5112.0
3	282	32	2784.0
770	869	32	8373.0
217	405	32	10195.0
112	922	32	3940.0
780	905	32	11602.0
445	836	32	4538.0
354	706	32	10791.0
290	916	32	12800.0
293	828	32	10933.0
195	291	32	4062.0
452	990	32	14854.0
733	964	32	3229.0
253	408	32	8008.0
128	393	32	7371.0
422	976	32	8557.0
579	784	32	9812.0
497	536	32	3722.0
206	856	32	11111.0
206	887	32	10642.0
856	887	32	13424.0
217	265	32	10028.0
217	624	32	5896.0
217	850	32	5014.0
265	624	32	5750.0
265	850	32	4869.0
624	850	32	11081.0
20	386	32	8174.0
263	269	32	8277.0
403	877	32	14916.0
403	960	32	12207.0
877	960	32	12173.0
216	361	32	10510.0
438	483	32	8877.0
23	407	32	6849.0
90	595	32	2532.0
442	811	32	11418.0
527	808	32	11582.0
354	555	32	11706.0
751	879	32	8060.0
110	849	32	3138.0
119	820	32	16559.0
178	380	32	12393.0
380	650	32	8622.0
197	607	32	10059.0
621	853	32	9998.0
198	706	32	10971.0
796	957	32	6682.0
276	985	32	12336.0
170	668	32	8255.0
251	318	32	8287.0
771	934	32	11578.0
162	856	32	9849.0
64	736	32	11683.0
139	958	32	8990.0
426	679	32	12252.0
39	217	32	10280.0
242	652	32	10124.0
514	809	32	13331.0
149	860	32	6809.0
391	869	32	11049.0
231	900	32	10514.0
208	604	32	7331.0
163	489	32	7988.0
295	901	32	8104.0
837	1001	32	7475.0
100	613	32	10060.0
558	734	32	13239.0
183	368	32	8476.0
239	835	32	5918.0
430	698	32	9942.0
861	965	32	11476.0
155	468	32	12790.0
344	944	32	11524.0
249	859	32	10468.0
892	995	32	7732.0
289	572	32	9736.0
527	613	32	11460.0
337	917	32	10915.0
158	229	32	7047.0
211	331	32	10304.0
552	740	32	8516.0
127	610	32	8530.0
709	753	32	9045.0
709	858	32	10044.0
753	858	32	7732.0
188	914	32	10251.0
660	981	32	10124.0
88	696	32	13110.0
768	930	32	11236.0
316	424	32	9519.0
366	690	32	2623.0
106	494	32	1483.0
136	205	32	8014.0
617	991	32	12954.0
170	739	32	6986.0
103	450	32	6882.0
249	621	32	10003.0
456	561	32	7148.0
785	847	32	11394.0
139	199	32	8871.0
141	311	32	7388.0
141	650	32	7609.0
87	654	32	7746.0
590	591	32	4131.0
429	628	32	3208.0
273	461	32	4770.0
351	744	32	14961.0
170	775	32	5597.0
781	913	32	11200.0
136	224	32	7925.0
141	178	32	7680.0
154	803	32	12390.0
534	877	32	10561.0
87	490	32	7927.0
146	198	32	6248.0
2	703	32	4764.0
623	984	32	6839.0
179	320	32	9560.0
31	449	32	8742.0
431	882	32	9301.0
0	513	32	8424.0
476	614	32	10317.0
228	365	32	5092.0
365	451	32	7407.0
82	709	32	8915.0
172	924	32	7055.0
103	638	32	6716.0
270	888	32	9650.0
373	487	32	10488.0
308	879	32	8451.0
175	863	32	9220.0
83	414	32	12725.0
663	800	32	11836.0
290	801	32	11192.0
50	835	32	9472.0
50	979	32	9573.0
835	979	32	10303.0
0	495	32	8006.0
312	513	32	10659.0
208	427	32	4657.0
63	689	32	7893.0
64	283	32	11428.0
30	584	32	9802.0
763	835	32	4230.0
375	748	32	6477.0
3	581	32	6752.0
410	518	32	10952.0
410	977	32	11116.0
535	715	32	11150.0
83	589	32	5417.0
416	644	32	10868.0
582	659	32	9129.0
327	370	32	6646.0
170	691	32	7240.0
926	998	32	8178.0
105	722	32	8359.0
83	254	32	5517.0
184	720	32	14169.0
197	974	32	3261.0
601	800	32	11071.0
174	621	32	7951.0
407	664	32	5597.0
458	660	32	11758.0
4	661	32	10600.0
129	239	32	1909.0
140	408	32	4281.0
500	886	32	10708.0
238	929	32	3432.0
162	203	32	1711.0
162	887	32	9421.0
203	887	32	6182.0
192	363	32	4982.0
98	438	32	6948.0
464	901	32	8545.0
680	914	32	10491.0
592	923	32	5179.0
598	840	32	9221.0
598	909	32	3743.0
840	909	32	3913.0
162	289	32	9511.0
273	895	32	4811.0
282	581	32	2125.0
582	833	32	5630.0
205	224	32	9336.0
778	950	32	15318.0
33	737	32	8194.0
583	586	32	9319.0
360	471	32	2183.0
24	382	32	6779.0
375	598	32	6468.0
375	774	32	7119.0
598	774	32	9210.0
691	775	32	7398.0
70	618	32	9009.0
70	624	32	8863.0
709	737	32	11402.0
111	531	32	8382.0
179	731	32	9514.0
324	753	32	8136.0
231	848	32	10571.0
392	921	32	10876.0
132	882	32	6217.0
252	414	32	9904.0
252	682	32	10872.0
414	682	32	8808.0
397	671	32	11170.0
295	443	32	4728.0
625	696	32	14017.0
53	264	32	3600.0
13	655	32	8369.0
205	983	32	13132.0
324	906	32	8786.0
124	541	32	7400.0
8	903	32	5565.0
848	900	32	10930.0
403	534	32	10644.0
431	658	32	15648.0
366	489	32	10721.0
966	994	32	14652.0
784	887	32	8941.0
290	970	32	12909.0
916	970	32	13166.0
675	746	32	3166.0
10	727	32	9187.0
510	740	32	9011.0
102	630	32	10349.0
580	778	32	10977.0
370	513	32	16922.0
781	799	32	9572.0
554	565	32	9865.0
62	684	32	8007.0
358	440	32	9003.0
86	818	32	7599.0
712	774	32	9647.0
82	737	32	8901.0
126	908	32	9883.0
199	207	32	10044.0
82	753	32	9106.0
102	477	32	11973.0
305	858	32	8564.0
97	530	32	8135.0
627	940	32	8732.0
157	821	32	7570.0
26	533	32	6982.0
8	661	32	7687.0
109	232	32	8052.0
86	767	32	7333.0
1	854	32	3966.0
61	579	32	7577.0
628	768	32	10924.0
246	504	32	8581.0
201	547	32	11277.0
163	366	32	7860.0
158	748	32	4389.0
717	832	32	6934.0
598	712	32	8760.0
920	997	32	10560.0
423	764	32	15447.0
693	922	32	7908.0
286	351	32	13743.0
286	541	32	3103.0
351	541	32	4551.0
800	964	32	10405.0
591	682	32	10847.0
591	754	32	5164.0
682	754	32	5266.0
665	912	32	7585.0
423	639	32	11121.0
80	952	32	14311.0
675	874	32	12416.0
97	601	32	11242.0
426	937	32	9680.0
723	756	32	7944.0
215	661	32	9701.0
236	293	32	8770.0
445	560	32	10055.0
452	866	32	7855.0
93	561	32	7080.0
158	375	32	9512.0
760	793	32	12284.0
28	950	32	13643.0
171	518	32	11829.0
208	247	32	7660.0
285	592	32	11304.0
174	222	32	8290.0
572	579	32	1132.0
384	854	32	8859.0
30	57	32	7429.0
399	952	32	14126.0
84	871	32	5818.0
21	345	32	8965.0
443	504	32	1944.0
300	587	32	10864.0
424	842	32	5177.0
144	322	32	10638.0
972	980	32	8483.0
531	938	32	4514.0
436	962	32	11090.0
577	937	32	9680.0
467	885	32	9401.0
530	663	32	11938.0
445	837	32	6701.0
532	884	32	11296.0
246	821	32	8766.0
504	821	32	8517.0
603	769	32	7061.0
132	277	32	6947.0
76	454	32	8804.0
204	314	32	6506.0
433	681	32	5169.0
286	744	32	14421.0
10	796	32	11499.0
427	604	32	4670.0
526	605	32	10737.0
511	930	32	10834.0
280	688	32	9379.0
200	877	32	4916.0
580	805	32	11347.0
580	950	32	13491.0
153	371	32	5141.0
203	206	32	2455.0
1	384	32	6472.0
603	622	32	9365.0
291	297	32	3551.0
97	862	32	11455.0
197	213	32	5245.0
887	954	32	6496.0
385	686	32	14361.0
123	226	32	2331.0
20	750	32	7502.0
454	897	32	11761.0
571	866	32	8315.0
288	967	32	11154.0
179	190	32	9708.0
384	745	32	10516.0
116	938	32	6087.0
352	832	32	8233.0
286	328	32	9659.0
295	703	32	6522.0
83	879	32	6891.0
564	935	32	11931.0
301	846	32	13656.0
226	926	32	4862.0
63	551	32	7867.0
96	316	32	4556.0
150	563	32	7278.0
746	774	32	8108.0
68	300	32	8297.0
334	548	32	5095.0
643	967	32	11027.0
0	327	32	6692.0
799	913	32	9160.0
711	910	32	8867.0
464	703	32	6130.0
110	741	32	8869.0
242	492	32	8745.0
334	724	32	6881.0
334	770	32	7350.0
724	770	32	8313.0
473	751	32	7141.0
277	882	32	11285.0
598	748	32	9077.0
311	433	32	9438.0
433	650	32	8835.0
65	395	32	12126.0
198	354	32	10987.0
108	113	32	3416.0
68	374	32	8189.0
6	810	32	9797.0
713	876	32	8819.0
193	231	32	10770.0
193	900	32	11069.0
295	504	32	7714.0
504	901	32	5250.0
724	824	32	11319.0
241	830	32	10626.0
376	854	32	9974.0
225	605	32	5063.0
221	415	32	10681.0
61	289	32	6133.0
655	809	32	8240.0
252	591	32	12508.0
311	380	32	7733.0
33	324	32	7955.0
510	541	32	11201.0
178	369	32	10052.0
206	289	32	10263.0
132	658	32	8014.0
84	882	32	8443.0
572	887	32	10092.0
166	764	32	11588.0
91	245	32	1309.0
598	775	32	6425.0
389	507	32	10893.0
150	153	32	4791.0
150	371	32	7081.0
150	590	32	6463.0
153	590	32	7971.0
81	771	32	6396.0
141	433	32	7537.0
207	244	32	11786.0
591	605	32	4066.0
267	369	32	6846.0
423	887	32	2382.0
706	776	32	12520.0
187	881	32	8167.0
164	723	32	5930.0
923	986	32	13889.0
89	806	32	8830.0
93	852	32	6930.0
64	985	32	10845.0
74	914	32	11574.0
625	749	32	13662.0
375	675	32	14794.0
640	991	32	9318.0
857	991	32	8542.0
294	347	32	2940.0
289	856	32	11431.0
17	314	32	11265.0
74	680	32	11536.0
132	503	32	7785.0
135	485	32	7846.0
599	606	32	9516.0
31	990	32	8883.0
14	413	32	5482.0
14	879	32	3098.0
413	879	32	7077.0
82	906	32	7775.0
332	392	32	12571.0
187	518	32	8098.0
419	880	32	5842.0
473	879	32	10094.0
684	930	32	4162.0
886	968	32	12283.0
109	487	32	8364.0
564	979	32	9938.0
119	988	32	15915.0
384	458	32	11532.0
312	631	32	8074.0
140	907	32	13607.0
239	623	32	5342.0
239	984	32	12174.0
470	671	32	8784.0
96	407	32	4480.0
147	537	32	5960.0
450	924	32	6892.0
42	368	32	10648.0
319	666	32	11975.0
846	870	32	10300.0
262	477	32	11968.0
449	866	32	9455.0
63	878	32	8021.0
8	348	32	7150.0
89	478	32	6520.0
89	644	32	8621.0
478	644	32	10187.0
707	795	32	10185.0
203	856	32	4607.0
659	978	32	9257.0
559	927	32	15540.0
628	930	32	10919.0
61	784	32	7555.0
600	875	32	10258.0
28	778	32	13364.0
16	916	32	8517.0
332	486	32	10941.0
102	616	32	10534.0
60	575	32	6173.0
119	516	32	15134.0
886	948	32	5001.0
384	714	32	11639.0
21	925	32	8982.0
750	971	32	9882.0
118	596	32	4929.0
245	299	32	10463.0
209	926	32	7936.0
785	915	32	1088.0
253	594	32	4564.0
118	837	32	7219.0
655	993	32	10739.0
603	752	32	6975.0
456	653	32	10313.0
324	709	32	8995.0
421	972	32	7685.0
698	780	32	10803.0
360	367	32	7786.0
241	810	32	8313.0
287	494	32	4643.0
68	831	32	7403.0
180	953	32	9980.0
385	796	32	12092.0
620	697	32	10707.0
300	729	32	13785.0
173	968	32	10906.0
275	389	32	10927.0
639	1000	32	13515.0
287	461	32	4800.0
131	698	32	4877.0
420	722	32	11661.0
575	694	32	10023.0
538	679	32	13468.0
192	424	32	4986.0
637	817	32	12299.0
330	378	32	8775.0
603	654	32	8829.0
531	817	32	8826.0
179	864	32	9865.0
221	296	32	9802.0
56	562	32	8236.0
801	970	32	11512.0
1	458	32	6873.0
1	567	32	7735.0
458	567	32	7048.0
828	932	32	12850.0
584	686	32	10876.0
620	818	32	2402.0
540	815	32	10019.0
19	628	32	10821.0
370	495	32	10810.0
262	613	32	3938.0
281	418	32	7155.0
505	659	32	9085.0
619	989	32	9500.0
177	818	32	10866.0
364	414	32	13101.0
622	769	32	7061.0
199	244	32	11837.0
875	951	32	7641.0
413	710	32	9629.0
82	987	32	8849.0
410	700	32	3265.0
267	380	32	7348.0
56	807	32	8255.0
586	598	32	5819.0
245	620	32	6527.0
245	697	32	13319.0
447	773	32	10011.0
56	268	32	8216.0
646	909	32	9329.0
286	962	32	7338.0
158	874	32	6889.0
530	800	32	12210.0
413	973	32	13235.0
259	722	32	11613.0
404	742	32	12817.0
721	883	32	15019.0
220	588	32	8808.0
346	930	32	6323.0
141	380	32	7310.0
378	533	32	8801.0
187	632	32	9208.0
187	977	32	8071.0
632	977	32	9935.0
497	603	32	3812.0
785	854	32	13333.0
449	756	32	13601.0
12	351	32	8427.0
107	869	32	6345.0
190	731	32	15550.0
827	889	32	8890.0
51	242	32	8057.0
51	652	32	8107.0
140	966	32	13811.0
140	994	32	13776.0
223	342	32	5805.0
302	592	32	8858.0
407	467	32	11376.0
105	396	32	8437.0
759	886	32	7901.0
272	300	32	17348.0
417	993	32	11792.0
238	697	32	6510.0
64	276	32	10522.0
583	712	32	6294.0
583	748	32	9400.0
712	748	32	9528.0
693	868	32	6309.0
402	944	32	5290.0
339	846	32	13682.0
50	935	32	9537.0
81	548	32	5591.0
456	848	32	14089.0
20	270	32	7789.0
432	575	32	3003.0
293	322	32	9594.0
433	626	32	7523.0
425	594	32	16358.0
458	714	32	11901.0
472	665	32	8764.0
252	364	32	12553.0
355	749	32	13641.0
337	624	32	8592.0
462	1000	32	14173.0
833	988	32	17070.0
352	398	32	7992.0
536	603	32	7617.0
948	964	32	9422.0
477	616	32	10448.0
405	624	32	7032.0
443	464	32	6953.0
907	994	32	16937.0
171	977	32	11841.0
157	246	32	7571.0
266	711	32	8788.0
498	849	32	10197.0
285	338	32	11273.0
80	475	32	12568.0
764	838	32	2311.0
214	596	32	15825.0
360	513	32	8498.0
736	985	32	14453.0
735	929	32	4428.0
456	734	32	3577.0
31	756	32	8818.0
312	327	32	5252.0
45	532	32	7850.0
45	602	32	7492.0
532	602	32	9534.0
649	889	32	9016.0
190	320	32	11364.0
145	619	32	9670.0
355	625	32	17287.0
0	631	32	8201.0
124	740	32	7224.0
102	755	32	3571.0
594	708	32	4872.0
584	957	32	9538.0
726	745	32	1413.0
726	847	32	1408.0
745	847	32	10063.0
642	964	32	9918.0
15	599	32	8807.0
391	824	32	11452.0
241	720	32	12587.0
235	624	32	10450.0
76	442	32	8656.0
14	117	32	4715.0
491	891	32	11405.0
452	723	32	8232.0
555	706	32	11988.0
333	515	32	8713.0
136	983	32	8029.0
471	606	32	9250.0
411	529	32	15548.0
755	931	32	5077.0
6	720	32	11252.0
126	409	32	10087.0
390	430	32	9242.0
399	839	32	9169.0
238	245	32	5183.0
35	693	32	6468.0
257	447	32	9115.0
583	840	32	7114.0
387	473	32	1066.0
7	891	32	11131.0
159	677	32	7510.0
126	928	32	9427.0
452	571	32	8136.0
571	723	32	7168.0
76	811	32	8941.0
756	797	32	10330.0
399	475	32	11041.0
594	654	32	7012.0
594	907	32	17130.0
654	907	32	9442.0
886	961	32	13057.0
842	899	32	5200.0
176	795	32	11258.0
54	263	32	4825.0
248	489	32	10721.0
617	857	32	8645.0
697	814	32	12872.0
140	594	32	13840.0
298	644	32	10423.0
723	866	32	6712.0
608	938	32	11213.0
20	220	32	8206.0
20	588	32	8197.0
733	945	32	9446.0
302	338	32	8855.0
645	883	32	10780.0
113	986	32	12581.0
464	504	32	3494.0
594	966	32	16259.0
402	512	32	6031.0
57	727	32	7071.0
607	974	32	10498.0
261	489	32	10700.0
237	276	32	11745.0
356	398	32	10137.0
694	762	32	9851.0
277	658	32	12219.0
620	946	32	5846.0
651	855	32	10263.0
105	629	32	8160.0
129	979	32	1701.0
358	579	32	9087.0
83	364	32	12560.0
83	413	32	12643.0
364	413	32	13004.0
324	987	32	7666.0
13	789	32	8875.0
198	326	32	8709.0
70	855	32	5080.0
555	776	32	13419.0
868	922	32	4657.0
229	375	32	9209.0
45	522	32	8010.0
170	748	32	1746.0
33	753	32	7261.0
677	841	32	10219.0
961	964	32	2037.0
613	931	32	6400.0
449	797	32	10389.0
300	374	32	12657.0
227	394	32	3244.0
95	501	32	8208.0
2	464	32	4757.0
165	189	32	5026.0
866	990	32	8847.0
472	912	32	7861.0
382	446	32	11967.0
490	966	32	1897.0
125	698	32	9166.0
125	780	32	9107.0
352	717	32	8532.0
252	413	32	9818.0
413	414	32	14365.0
408	654	32	13410.0
376	384	32	6579.0
6	241	32	10773.0
71	660	32	5829.0
104	530	32	6062.0
104	964	32	6306.0
530	964	32	10405.0
493	616	32	12192.0
288	496	32	10553.0
234	285	32	3266.0
234	338	32	3335.0
500	733	32	13880.0
376	783	32	3200.0
32	419	32	4281.0
539	856	32	6345.0
11	20	32	6221.0
98	483	32	6842.0
746	840	32	7000.0
572	954	32	1988.0
437	699	32	11009.0
472	693	32	9884.0
193	760	32	3416.0
531	637	32	10180.0
337	850	32	10742.0
623	835	32	8031.0
37	840	32	5520.0
698	791	32	4500.0
2	901	32	4879.0
551	689	32	10081.0
158	209	32	8645.0
158	909	32	9015.0
209	909	32	8653.0
31	866	32	8566.0
494	620	32	4122.0
261	323	32	11062.0
429	930	32	3250.0
274	570	32	15767.0
667	836	32	13346.0
769	898	32	6955.0
309	562	32	10299.0
144	293	32	10075.0
261	366	32	13210.0
338	965	32	1336.0
111	678	32	8617.0
734	760	32	15747.0
181	704	32	9261.0
704	955	32	15417.0
311	369	32	7036.0
272	831	32	8396.0
271	955	32	18514.0
715	771	32	3387.0
424	467	32	5695.0
69	625	32	11165.0
698	905	32	10462.0
121	617	32	7906.0
285	923	32	4169.0
400	517	32	12446.0
479	700	32	4584.0
665	868	32	3682.0
137	500	32	7039.0
68	272	32	8286.0
854	981	32	8181.0
653	735	32	3032.0
346	511	32	10305.0
699	927	32	12089.0
172	812	32	9084.0
362	835	32	10871.0
289	838	32	8359.0
282	352	32	2278.0
384	783	32	8477.0
935	979	32	10603.0
177	402	32	9857.0
224	350	32	9922.0
256	913	32	12405.0
379	868	32	6694.0
238	494	32	4107.0
433	936	32	5264.0
24	255	32	6902.0
680	757	32	11255.0
876	915	32	5858.0
668	775	32	6929.0
553	896	32	10423.0
97	886	32	5145.0
187	700	32	4795.0
0	312	32	6653.0
197	705	32	7923.0
361	705	32	8083.0
526	754	32	9999.0
204	557	32	6572.0
204	568	32	4032.0
557	568	32	14094.0
387	422	32	8742.0
198	406	32	2653.0
343	541	32	9845.0
267	650	32	7677.0
806	825	32	13391.0
458	956	32	1362.0
254	605	32	10180.0
345	509	32	11598.0
314	857	32	6446.0
375	926	32	5931.0
31	723	32	7028.0
184	972	32	6351.0
720	972	32	4555.0
97	964	32	7796.0
267	433	32	7611.0
199	958	32	9318.0
295	904	32	4182.0
586	748	32	10237.0
265	779	32	10871.0
78	788	32	10658.0
522	602	32	7973.0
258	424	32	2391.0
258	467	32	10734.0
788	924	32	10628.0
353	661	32	11220.0
401	757	32	11222.0
449	571	32	8659.0
282	861	32	9376.0
282	965	32	9200.0
694	823	32	10975.0
764	954	32	4911.0
394	896	32	2347.0
134	541	32	6550.0
583	746	32	8055.0
405	618	32	5274.0
438	711	32	9593.0
761	801	32	10519.0
29	967	32	11254.0
574	923	32	8615.0
313	698	32	12200.0
200	307	32	8083.0
511	628	32	10732.0
375	775	32	3621.0
69	355	32	11346.0
4	903	32	12048.0
601	964	32	10405.0
675	840	32	6811.0
562	807	32	10076.0
505	978	32	13628.0
211	766	32	8696.0
660	785	32	10793.0
1	783	32	7518.0
46	845	32	7794.0
316	842	32	5167.0
503	871	32	9508.0
1	714	32	7544.0
719	989	32	9535.0
161	822	32	8707.0
40	596	32	12875.0
131	780	32	6855.0
395	713	32	4207.0
862	968	32	5730.0
334	771	32	5296.0
81	361	32	7690.0
632	881	32	6500.0
333	360	32	7255.0
822	890	32	9739.0
416	478	32	6455.0
165	765	32	4980.0
218	403	32	13509.0
313	780	32	10289.0
371	473	32	7324.0
564	763	32	4281.0
757	914	32	10516.0
224	845	32	11840.0
386	588	32	9806.0
409	819	32	14897.0
268	673	32	10294.0
587	729	32	9836.0
39	265	32	13032.0
364	605	32	5063.0
741	791	32	6902.0
50	984	32	5506.0
835	984	32	7628.0
230	867	32	12633.0
838	887	32	11909.0
57	584	32	7155.0
166	462	32	11475.0
542	670	32	7648.0
276	283	32	11805.0
745	981	32	9580.0
431	503	32	10240.0
211	615	32	19167.0
596	949	32	6619.0
134	343	32	9955.0
465	811	32	12048.0
121	857	32	7897.0
750	888	32	7734.0
407	595	32	3831.0
454	465	32	10135.0
344	402	32	5953.0
274	822	32	2713.0
412	635	32	11734.0
714	854	32	10455.0
225	710	32	11237.0
134	436	32	9205.0
134	744	32	9661.0
436	744	32	10980.0
158	226	32	2833.0
158	926	32	3357.0
10	584	32	10788.0
299	697	32	11043.0
120	650	32	3708.0
343	744	32	10858.0
814	946	32	7703.0
583	775	32	9601.0
5	699	32	11166.0
370	631	32	13868.0
770	824	32	9286.0
105	259	32	8176.0
743	904	32	9614.0
326	354	32	6826.0
858	906	32	9672.0
217	235	32	10069.0
1	981	32	5885.0
566	823	32	8498.0
650	681	32	4969.0
458	981	32	10124.0
376	847	32	9877.0
0	370	32	7912.0
173	886	32	11065.0
216	771	32	7447.0
348	353	32	11605.0
553	656	32	8781.0
113	923	32	11303.0
596	836	32	11372.0
40	118	32	1952.0
183	671	32	9671.0
374	481	32	11333.0
59	570	32	10253.0
458	783	32	8982.0
710	879	32	8703.0
180	817	32	2770.0
149	615	32	6701.0
17	557	32	14045.0
107	770	32	7465.0
748	840	32	10870.0
608	953	32	9469.0
612	614	32	12874.0
408	708	32	8843.0
530	733	32	3759.0
733	948	32	6770.0
286	343	32	7610.0
449	452	32	13058.0
462	525	32	13410.0
334	391	32	7073.0
14	589	32	9528.0
349	717	32	1664.0
726	956	32	11136.0
235	265	32	13135.0
272	374	32	11597.0
602	884	32	10133.0
385	727	32	12047.0
458	785	32	10876.0
399	730	32	11907.0
414	526	32	5536.0
526	682	32	5563.0
372	751	32	8125.0
122	535	32	6308.0
726	915	32	10146.0
596	837	32	5079.0
253	907	32	6767.0
642	800	32	9747.0
645	804	32	11624.0
135	688	32	7945.0
589	682	32	5584.0
71	376	32	8114.0
812	876	32	11416.0
13	434	32	8907.0
184	537	32	7401.0
235	850	32	8442.0
352	356	32	7921.0
110	905	32	6793.0
391	770	32	8448.0
237	985	32	13991.0
176	666	32	4859.0
165	406	32	5098.0
759	948	32	2494.0
712	746	32	6167.0
507	815	32	13879.0
338	592	32	11683.0
314	813	32	6907.0
490	603	32	6590.0
490	654	32	8323.0
265	518	32	7556.0
618	850	32	11453.0
28	580	32	11128.0
601	642	32	12749.0
102	262	32	12501.0
238	299	32	2918.0
217	917	32	4174.0
494	814	32	4210.0
23	467	32	7061.0
557	701	32	12326.0
81	213	32	5553.0
197	771	32	6690.0
64	237	32	11593.0
360	508	32	5261.0
401	914	32	12044.0
387	976	32	11244.0
398	832	32	9926.0
108	308	32	6721.0
89	298	32	8650.0
170	597	32	7867.0
160	834	32	10408.0
653	814	32	2942.0
735	814	32	13783.0
298	315	32	8320.0
358	784	32	7753.0
375	583	32	2758.0
797	990	32	10402.0
314	991	32	12109.0
239	763	32	4281.0
137	642	32	7331.0
39	850	32	5376.0
345	925	32	11778.0
456	852	32	11026.0
172	713	32	8813.0
713	812	32	8801.0
103	543	32	7090.0
58	704	32	15663.0
426	577	32	9186.0
607	934	32	11660.0
514	655	32	7651.0
157	904	32	6635.0
277	503	32	7907.0
507	540	32	10722.0
234	352	32	2278.0
912	922	32	8165.0
96	424	32	4393.0
96	664	32	4427.0
424	664	32	5581.0
362	935	32	12316.0
461	895	32	4722.0
134	351	32	7969.0
248	366	32	11691.0
237	485	32	2687.0
368	671	32	9282.0
226	998	32	4785.0
81	705	32	7848.0
783	854	32	6126.0
174	853	32	8202.0
340	446	32	9435.0
396	420	32	8766.0
701	991	32	12531.0
203	954	32	6993.0
496	643	32	13820.0
714	981	32	10124.0
440	784	32	7916.0
389	815	32	10933.0
505	582	32	10896.0
299	929	32	3925.0
36	573	32	8052.0
729	831	32	8396.0
594	994	32	17428.0
71	726	32	1357.0
414	879	32	7045.0
222	853	32	10265.0
421	537	32	8710.0
155	793	32	13006.0
98	711	32	6758.0
78	924	32	10442.0
626	650	32	7162.0
408	994	32	7770.0
172	186	32	8689.0
172	876	32	9143.0
186	876	32	13628.0
390	780	32	10383.0
178	194	32	1754.0
443	901	32	9113.0
282	302	32	2910.0
743	821	32	8840.0
800	948	32	9925.0
109	373	32	7861.0
366	501	32	4410.0
313	430	32	9147.0
40	836	32	12797.0
229	909	32	6791.0
204	640	32	11615.0
511	777	32	12712.0
46	205	32	7804.0
850	917	32	11467.0
18	772	32	10172.0
526	879	32	3337.0
605	879	32	3439.0
146	354	32	6406.0
733	886	32	13242.0
72	883	32	8631.0
225	252	32	12361.0
375	998	32	5777.0
312	508	32	6758.0
384	785	32	11061.0
113	574	32	11374.0
259	629	32	11382.0
589	710	32	5657.0
195	297	32	2947.0
314	557	32	12361.0
557	991	32	16577.0
188	680	32	11284.0
188	757	32	11165.0
691	739	32	7872.0
39	235	32	13360.0
645	795	32	12873.0
312	367	32	8479.0
874	998	32	9817.0
647	812	32	12760.0
206	572	32	10132.0
118	560	32	6802.0
6	184	32	11502.0
344	924	32	11374.0
413	682	32	8831.0
207	958	32	10606.0
89	169	32	4908.0
153	879	32	7872.0
564	623	32	8246.0
615	860	32	19128.0
161	303	32	8530.0
295	464	32	6377.0
364	710	32	10816.0
849	905	32	11244.0
192	595	32	4958.0
595	970	32	3867.0
32	524	32	4039.0
703	901	32	6198.0
211	860	32	19569.0
156	954	32	4887.0
232	373	32	10260.0
93	802	32	7080.0
441	546	32	7371.0
33	305	32	8055.0
305	753	32	7379.0
327	515	32	3053.0
389	540	32	8855.0
156	887	32	4904.0
112	693	32	3872.0
419	947	32	6642.0
320	731	32	11208.0
245	494	32	2856.0
449	723	32	8232.0
493	630	32	10205.0
100	633	32	9747.0
881	977	32	5311.0
774	909	32	4459.0
193	456	32	12300.0
58	181	32	12833.0
202	701	32	4860.0
253	603	32	6353.0
613	616	32	1928.0
258	664	32	2424.0
27	190	32	8962.0
372	879	32	10677.0
725	756	32	11741.0
312	515	32	8567.0
820	988	32	16804.0
230	274	32	13433.0
521	823	32	11193.0
413	589	32	5423.0
376	458	32	5349.0
201	715	32	12216.0
167	592	32	3796.0
81	607	32	7618.0
635	912	32	7846.0
457	785	32	11549.0
390	698	32	12383.0
653	802	32	9358.0
610	702	32	10079.0
649	841	32	11751.0
162	206	32	9522.0
292	799	32	9689.0
232	260	32	8100.0
395	915	32	14004.0
270	386	32	11067.0
327	631	32	6893.0
82	305	32	7512.0
156	764	32	1748.0
81	197	32	7505.0
582	988	32	5707.0
123	675	32	2308.0
252	590	32	4322.0
409	908	32	14808.0
149	331	32	6607.0
929	946	32	4450.0
425	907	32	14362.0
635	868	32	6693.0
189	198	32	4824.0
537	972	32	8899.0
214	560	32	11765.0
247	359	32	5635.0
854	956	32	1385.0
239	514	32	2377.0
83	682	32	8647.0
172	263	32	3126.0
33	709	32	7732.0
198	776	32	13809.0
121	204	32	8686.0
283	736	32	12909.0
198	555	32	11071.0
85	467	32	8906.0
402	818	32	8850.0
60	566	32	6057.0
571	797	32	7687.0
255	340	32	10359.0
726	854	32	1414.0
499	741	32	8561.0
60	940	32	8858.0
518	632	32	9962.0
589	605	32	10737.0
327	360	32	3625.0
230	303	32	7862.0
529	533	32	10357.0
352	592	32	2265.0
6	980	32	1597.0
766	860	32	8708.0
328	550	32	9581.0
408	425	32	5082.0
839	952	32	12828.0
276	736	32	12454.0
773	825	32	13129.0
341	531	32	8575.0
298	447	32	10157.0
236	932	32	10166.0
360	370	32	7729.0
338	349	32	10225.0
132	474	32	6021.0
427	925	32	4710.0
430	780	32	10963.0
118	667	32	5384.0
413	605	32	5046.0
217	518	32	3961.0
175	855	32	9459.0
237	283	32	12653.0
14	526	32	9646.0
415	501	32	10520.0
274	758	32	12346.0
436	550	32	10588.0
319	721	31	12062.0
147	421	31	5970.0
80	730	31	12787.0
528	559	31	18836.0
254	754	31	9999.0
379	635	31	8713.0
541	962	31	9135.0
340	382	31	10048.0
578	1001	31	7584.0
524	947	31	7272.0
4	348	31	9479.0
224	983	31	9431.0
111	637	31	8074.0
696	749	31	13623.0
620	929	31	4428.0
119	933	31	12622.0
129	623	31	1931.0
498	780	31	5881.0
498	905	31	9484.0
176	804	31	9951.0
256	781	31	10467.0
313	390	31	13207.0
140	425	31	13872.0
134	488	31	5877.0
590	751	31	7140.0
590	879	31	9246.0
338	609	31	10118.0
316	865	31	10646.0
14	414	31	5592.0
862	948	31	12532.0
412	693	31	9868.0
87	907	31	6937.0
82	324	31	8250.0
17	640	31	6326.0
50	362	31	9521.0
362	979	31	10603.0
527	872	31	7999.0
169	806	31	7240.0
2	504	31	2593.0
440	579	31	9107.0
131	849	31	11507.0
70	850	31	8838.0
197	340	31	1593.0
663	964	31	10405.0
379	693	31	7275.0
595	664	31	1900.0
683	748	31	8742.0
208	359	31	5635.0
560	949	31	9277.0
474	503	31	6997.0
145	982	31	9908.0
519	574	31	12072.0
223	428	31	5592.0
663	948	31	12493.0
682	710	31	10781.0
519	986	31	10834.0
542	672	31	7914.0
557	813	31	6952.0
252	710	31	11261.0
243	400	31	15668.0
635	665	31	7865.0
261	415	31	4858.0
124	510	31	7421.0
312	360	31	8471.0
222	621	31	9809.0
203	423	31	3320.0
0	360	31	4988.0
753	987	31	8763.0
158	786	31	5035.0
287	895	31	4811.0
60	823	31	8588.0
351	962	31	8797.0
17	568	31	12511.0
50	623	31	7365.0
623	935	31	8032.0
155	760	31	14025.0
584	727	31	10517.0
669	943	31	13545.0
171	187	31	10006.0
98	266	31	6918.0
16	290	31	8158.0
355	696	31	14277.0
109	383	31	7732.0
253	490	31	8052.0
700	977	31	4057.0
300	831	31	8396.0
516	833	31	15254.0
314	640	31	7291.0
260	487	31	8472.0
145	989	31	8980.0
126	819	31	9214.0
71	745	31	8086.0
683	786	31	11560.0
108	590	31	6052.0
137	182	31	8078.0
341	953	31	11216.0
196	780	31	8742.0
376	660	31	6326.0
603	999	31	9533.0
723	990	31	7441.0
550	740	31	2927.0
683	774	31	8053.0
356	832	31	10261.0
343	351	31	9197.0
417	655	31	10510.0
761	970	31	10406.0
117	682	31	9366.0
112	379	31	3690.0
79	721	31	7635.0
723	725	31	8085.0
222	859	31	10355.0
305	987	31	6831.0
39	977	31	4098.0
820	833	31	17243.0
417	610	31	1263.0
3	285	31	7783.0
601	945	31	3236.0
157	743	31	6755.0
665	693	31	7141.0
582	978	31	11061.0
218	534	31	10644.0
327	367	31	2717.0
541	844	31	9829.0
50	763	31	2733.0
394	851	31	7151.0
349	592	31	10309.0
115	157	31	1522.0
49	951	31	5536.0
198	765	31	2680.0
65	726	31	10594.0
772	896	31	10744.0
572	838	31	8455.0
163	323	31	8024.0
316	467	31	11225.0
227	851	31	1586.0
95	690	31	8348.0
471	599	31	10612.0
307	388	31	2763.0
37	746	31	5409.0
37	774	31	5095.0
225	754	31	5186.0
710	754	31	5186.0
372	682	31	2436.0
256	799	31	8550.0
659	790	31	7228.0
429	918	31	9080.0
589	879	31	3837.0
467	842	31	5177.0
99	302	31	8027.0
407	842	31	5177.0
127	514	31	8753.0
733	759	31	7929.0
151	783	31	7862.0
100	755	31	8535.0
15	738	31	8892.0
331	615	31	10388.0
414	591	31	13272.0
375	712	31	5940.0
375	746	31	2608.0
51	687	31	7940.0
306	327	31	3797.0
60	762	31	8544.0
55	301	31	11624.0
7	491	31	11246.0
376	745	31	9948.0
45	884	31	7918.0
159	889	31	7394.0
764	1000	31	15810.0
666	883	31	11845.0
558	793	31	12105.0
172	915	31	1970.0
160	612	31	10102.0
740	962	31	6186.0
323	415	31	12574.0
329	448	31	9700.0
178	626	31	9452.0
69	749	31	11018.0
407	424	31	7533.0
363	595	31	6201.0
363	970	31	1656.0
121	557	31	6367.0
156	1000	31	3231.0
887	1000	31	5066.0
199	288	31	10572.0
494	991	31	1387.0
756	866	31	9130.0
29	496	31	11157.0
148	150	31	1378.0
12	191	31	8139.0
183	397	31	9131.0
549	921	31	9578.0
29	643	31	11593.0
217	779	31	10607.0
318	325	31	10916.0
417	789	31	10253.0
561	942	31	7948.0
292	913	31	9998.0
92	507	31	7782.0
584	796	31	9071.0
686	796	31	12053.0
935	984	31	12974.0
495	508	31	8778.0
528	699	31	11883.0
492	687	31	12059.0
597	691	31	8192.0
452	797	31	10442.0
623	763	31	3600.0
234	592	31	3799.0
268	807	31	10995.0
110	499	31	8857.0
71	384	30	6295.0
137	173	30	7368.0
347	553	30	10411.0
347	772	30	12573.0
68	729	30	8257.0
121	640	30	7962.0
42	671	30	11357.0
413	526	30	5522.0
526	591	30	5543.0
512	924	30	10795.0
662	834	30	16091.0
562	673	30	8164.0
31	797	30	7529.0
30	727	30	9691.0
201	535	30	13914.0
197	216	30	10591.0
808	872	30	6560.0
588	750	30	9203.0
619	719	30	11921.0
44	748	30	13519.0
583	774	30	8585.0
114	892	30	6844.0
266	483	30	13226.0
225	682	30	10872.0
313	905	30	9938.0
233	905	30	15307.0
298	806	30	10450.0
416	806	30	9378.0
712	786	30	9583.0
485	736	30	6087.0
797	866	30	7391.0
789	993	30	10077.0
371	879	30	8879.0
131	233	30	12058.0
594	603	30	7029.0
820	933	30	13518.0
560	667	30	9076.0
720	830	30	10541.0
318	585	30	9617.0
497	999	30	4465.0
536	999	30	7849.0
727	957	30	12033.0
670	672	30	11586.0
725	797	30	9195.0
547	715	30	12143.0
146	555	30	6286.0
303	822	30	10995.0
158	598	30	4264.0
173	733	30	11132.0
42	183	30	10523.0
792	997	30	8963.0
313	498	30	4236.0
249	853	30	8901.0
174	249	30	8219.0
215	903	30	10306.0
38	187	30	2430.0
178	267	30	7610.0
44	586	30	12967.0
288	643	30	10988.0
833	933	30	13785.0
541	740	30	11193.0
616	630	30	10179.0
176	645	30	11680.0
566	575	30	4577.0
213	548	30	4852.0
67	694	30	2096.0
181	271	30	15165.0
104	862	30	5580.0
227	294	30	2517.0
227	347	30	3602.0
31	452	30	8155.0
123	874	30	2358.0
531	678	30	9161.0
830	980	30	2265.0
187	479	30	5052.0
303	484	30	9596.0
193	848	30	12193.0
551	733	30	1509.0
679	937	30	9680.0
618	917	30	11453.0
707	721	30	8184.0
134	286	30	5828.0
120	626	30	3796.0
617	701	30	6725.0
13	993	30	9249.0
64	688	30	8463.0
113	550	30	5239.0
151	458	30	8551.0
552	844	30	7873.0
308	372	30	8418.0
374	729	30	10517.0
11	270	30	5975.0
753	906	30	7763.0
586	668	30	6390.0
226	229	30	5029.0
299	620	30	4466.0
938	953	30	6614.0
52	251	30	4655.0
214	837	30	8490.0
116	674	30	6357.0
400	803	30	13705.0
153	473	30	8557.0
26	378	30	7199.0
376	714	30	7363.0
194	625	30	16355.0
111	953	30	8532.0
670	995	30	8932.0
862	886	30	7078.0
110	780	30	6863.0
144	236	30	9862.0
248	261	30	13178.0
161	570	30	2753.0
545	570	30	3420.0
122	715	30	6586.0
21	969	30	8732.0
44	774	30	12848.0
289	579	30	8450.0
31	571	30	8518.0
586	597	30	5656.0
83	754	30	5186.0
361	607	30	10043.0
319	645	30	7677.0
108	879	30	6475.0
571	990	30	8811.0
202	557	30	5005.0
54	269	30	4907.0
75	527	30	4338.0
160	662	30	10204.0
535	547	30	10213.0
161	890	30	8747.0
34	604	30	5340.0
67	627	30	2238.0
38	171	30	2409.0
171	632	30	10998.0
69	194	30	11064.0
484	545	30	11330.0
89	825	30	9918.0
675	998	30	8828.0
36	569	30	7860.0
449	725	30	12804.0
137	759	30	7474.0
100	527	30	10199.0
675	712	30	5620.0
254	364	30	5555.0
254	591	30	5555.0
603	994	30	7115.0
714	783	30	10536.0
714	785	30	12183.0
783	785	30	7720.0
635	693	30	9888.0
371	372	30	8302.0
691	748	30	3544.0
332	921	30	9515.0
181	718	30	10912.0
214	949	30	9277.0
589	754	30	9999.0
136	845	30	8015.0
384	457	30	12474.0
586	746	30	8044.0
600	951	30	7552.0
234	965	30	13092.0
69	696	30	11133.0
128	920	30	8063.0
315	478	30	13614.0
774	786	30	12851.0
775	786	30	13034.0
194	355	30	16536.0
285	349	30	10080.0
79	795	30	11493.0
140	654	30	3520.0
87	966	30	1784.0
39	518	30	6916.0
318	335	30	8463.0
954	1000	30	7198.0
96	722	30	3793.0
188	401	30	11027.0
308	590	30	6956.0
190	675	30	2017.0
412	665	30	6852.0
163	248	30	7871.0
429	684	30	10655.0
291	529	30	4355.0
189	326	30	9362.0
407	865	30	10747.0
17	991	30	14290.0
333	495	30	7904.0
78	402	30	4798.0
402	924	30	4941.0
126	520	30	8950.0
642	886	30	11354.0
263	546	30	6851.0
61	440	30	7636.0
72	319	30	9332.0
312	333	30	10423.0
333	367	30	9194.0
380	626	30	9452.0
21	427	30	3697.0
165	321	30	5119.0
479	881	30	5015.0
700	881	30	4843.0
668	746	30	1173.0
78	512	30	10468.0
124	844	30	7566.0
37	583	30	5603.0
155	734	30	14263.0
725	866	30	9455.0
886	945	30	9446.0
96	842	30	4588.0
97	733	30	6918.0
229	926	30	5906.0
858	987	30	7163.0
172	402	30	3442.0
55	870	30	10534.0
289	887	30	11830.0
