10	686	32	13177.0
615	860	32	19128.0
362	979	32	10603.0
242	652	32	10124.0
416	478	32	6455.0
748	840	32	10870.0
285	592	32	11304.0
167	234	32	11921.0
364	526	32	5543.0
740	744	32	3449.0
781	913	32	11200.0
231	848	32	10571.0
311	380	32	7733.0
750	971	32	9882.0
392	921	32	10876.0
406	765	32	5775.0
132	882	32	6217.0
198	354	32	10987.0
97	663	32	11120.0
300	587	32	10864.0
594	907	32	17130.0
158	874	32	6889.0
413	973	32	13235.0
307	532	32	2011.0
752	769	32	5452.0
126	908	32	9883.0
505	659	32	9085.0
293	322	32	9594.0
854	981	32	8181.0
589	879	32	3837.0
64	276	32	10522.0
366	489	32	10721.0
877	960	32	12173.0
97	948	32	11300.0
243	455	32	11419.0
68	831	32	7403.0
756	866	32	9130.0
173	968	32	10906.0
347	896	32	10712.0
374	831	32	8396.0
530	948	32	9916.0
176	795	32	11258.0
537	720	32	5621.0
355	625	32	17287.0
275	507	32	15688.0
479	518	32	3954.0
360	738	32	6069.0
208	359	32	5635.0
420	722	32	11661.0
351	744	32	14961.0
930	996	32	5980.0
384	458	32	11532.0
1	745	32	5479.0
1	785	32	5612.0
745	785	32	14545.0
285	986	32	2931.0
135	485	32	7846.0
263	812	32	9226.0
724	869	32	11191.0
164	449	32	5817.0
653	802	32	9358.0
216	771	32	7447.0
327	513	32	7141.0
391	869	32	11049.0
227	851	32	1586.0
220	588	32	8808.0
134	343	32	9955.0
126	409	32	10087.0
409	908	32	14808.0
128	393	32	7371.0
64	283	32	11428.0
32	524	32	4039.0
32	947	32	4310.0
524	947	32	7272.0
193	848	32	12193.0
874	926	32	8350.0
645	804	32	11624.0
788	924	32	10628.0
401	757	32	11222.0
146	354	32	6406.0
623	835	32	8031.0
733	886	32	13242.0
178	650	32	8826.0
72	883	32	8631.0
222	853	32	10265.0
225	252	32	12361.0
33	858	32	7977.0
1	981	32	5885.0
17	314	32	11265.0
60	823	32	8588.0
362	564	32	10557.0
153	372	32	8018.0
153	590	32	7971.0
372	590	32	9379.0
323	690	32	9498.0
61	289	32	6133.0
28	580	32	11128.0
327	495	32	6715.0
495	513	32	11111.0
343	541	32	9845.0
5	927	32	12125.0
612	662	32	11944.0
75	527	32	4338.0
370	495	32	10810.0
912	922	32	8165.0
278	536	32	3095.0
375	598	32	6468.0
157	821	32	7570.0
979	984	32	6144.0
76	811	32	8941.0
929	946	32	4450.0
119	933	32	12622.0
438	483	32	8877.0
442	811	32	11418.0
694	762	32	9851.0
527	808	32	11582.0
590	751	32	7140.0
364	591	32	16716.0
646	675	32	12440.0
709	906	32	9626.0
374	729	32	10517.0
898	999	32	2887.0
82	737	32	8901.0
285	338	32	11273.0
118	1001	32	6921.0
486	921	32	7867.0
375	998	32	5777.0
87	490	32	7927.0
473	590	32	9568.0
15	599	32	8807.0
343	552	32	4197.0
154	455	32	11419.0
355	696	32	14277.0
414	973	32	13948.0
157	743	32	6755.0
645	883	32	10780.0
70	850	32	8838.0
701	991	32	12531.0
721	795	32	8497.0
312	333	32	10423.0
147	537	32	5960.0
544	924	32	9126.0
286	744	32	14421.0
333	367	32	9194.0
199	244	32	11837.0
163	366	32	7860.0
96	865	32	4245.0
323	366	32	11434.0
607	771	32	15217.0
316	407	32	13175.0
316	467	32	11225.0
316	843	32	6833.0
407	467	32	11376.0
407	843	32	6971.0
467	843	32	10328.0
276	985	32	12336.0
723	866	32	6712.0
546	594	32	4483.0
724	824	32	11319.0
770	869	32	8373.0
424	899	32	10340.0
346	930	32	6323.0
86	402	32	7675.0
86	818	32	7599.0
402	818	32	8850.0
698	905	32	10462.0
403	877	32	14916.0
204	314	32	6506.0
246	743	32	8933.0
226	926	32	4862.0
280	688	32	9379.0
273	494	32	4188.0
261	489	32	10700.0
392	549	32	10940.0
97	601	32	11242.0
97	886	32	5145.0
601	886	32	4783.0
425	907	32	14362.0
150	751	32	7179.0
723	756	32	7944.0
410	518	32	10952.0
410	977	32	11116.0
518	977	32	12379.0
50	979	32	9573.0
82	906	32	7775.0
490	594	32	4796.0
583	840	32	7114.0
532	602	32	9534.0
678	953	32	11567.0
862	961	32	7959.0
392	486	32	11557.0
89	478	32	6520.0
89	644	32	8621.0
478	644	32	10187.0
33	709	32	7732.0
385	584	32	12123.0
51	242	32	8057.0
132	503	32	7785.0
407	664	32	5597.0
463	544	32	8297.0
159	841	32	7869.0
347	656	32	10242.0
691	739	32	7872.0
135	611	32	8126.0
177	402	32	9857.0
926	998	32	8178.0
817	953	32	11265.0
0	360	32	4988.0
225	682	32	10872.0
55	870	32	10534.0
376	458	32	5349.0
548	607	32	13166.0
548	705	32	10958.0
607	705	32	12826.0
196	780	32	8742.0
586	712	32	6544.0
586	840	32	6824.0
712	840	32	9667.0
141	626	32	7048.0
711	910	32	8867.0
665	922	32	8107.0
519	923	32	9598.0
343	351	32	9197.0
140	594	32	13840.0
30	796	32	6932.0
171	410	32	10866.0
192	424	32	4986.0
186	915	32	11716.0
28	805	32	13119.0
621	853	32	9998.0
527	613	32	11460.0
44	158	32	5230.0
44	748	32	13519.0
158	748	32	4389.0
236	932	32	10166.0
458	462	32	1453.0
528	699	32	11883.0
528	927	32	15540.0
699	927	32	12089.0
530	964	32	10405.0
175	651	32	10096.0
375	675	32	14794.0
712	748	32	9528.0
39	235	32	13360.0
172	924	32	7055.0
601	800	32	11071.0
0	631	32	8201.0
295	464	32	6377.0
801	970	32	11512.0
352	398	32	7992.0
163	489	32	7988.0
723	990	32	7441.0
72	319	32	9332.0
682	754	32	5266.0
294	851	32	2789.0
211	331	32	10304.0
603	622	32	9365.0
603	898	32	10236.0
622	898	32	9016.0
302	592	32	8858.0
176	721	32	8812.0
707	883	32	7854.0
200	877	32	4916.0
555	706	32	11988.0
23	316	32	6504.0
87	408	32	7824.0
239	935	32	11125.0
458	847	32	6227.0
216	361	32	10510.0
592	986	32	3965.0
12	328	32	8299.0
171	881	32	7152.0
385	686	32	14361.0
248	366	32	11691.0
89	416	32	8475.0
634	738	32	10202.0
635	693	32	9888.0
425	966	32	16517.0
385	727	32	12047.0
703	901	32	6198.0
162	856	32	9849.0
318	325	32	10916.0
84	882	32	8443.0
150	798	32	5913.0
413	591	32	13293.0
203	1000	32	5920.0
108	574	32	2533.0
174	222	32	8290.0
103	924	32	6460.0
183	470	32	10274.0
364	413	32	13004.0
187	479	32	5052.0
352	717	32	8532.0
504	901	32	5250.0
126	520	32	8950.0
535	715	32	11150.0
267	650	32	7677.0
760	793	32	12284.0
277	787	32	8024.0
504	821	32	8517.0
875	894	32	10054.0
330	533	32	9095.0
100	527	32	10199.0
410	700	32	3265.0
137	968	32	7424.0
51	687	32	7940.0
239	623	32	5342.0
239	984	32	12174.0
623	984	32	6839.0
449	571	32	8659.0
378	529	32	8141.0
193	456	32	12300.0
552	740	32	8516.0
124	552	32	7315.0
45	532	32	7850.0
149	331	32	6607.0
353	661	32	11220.0
618	850	32	11453.0
344	944	32	11524.0
51	652	32	8107.0
179	320	32	9560.0
70	624	32	8863.0
774	775	32	9438.0
657	976	32	10896.0
580	805	32	11347.0
124	844	32	7566.0
206	289	32	10263.0
240	499	32	9000.0
50	362	32	9521.0
50	984	32	5506.0
362	984	32	7391.0
233	849	32	12446.0
582	833	32	5630.0
784	856	32	8259.0
784	887	32	8941.0
856	887	32	13424.0
797	990	32	10402.0
391	724	32	11042.0
135	280	32	7964.0
81	607	32	7618.0
114	670	32	7087.0
498	905	32	9484.0
530	663	32	11938.0
680	757	32	11255.0
360	513	32	8498.0
586	775	32	13430.0
712	775	32	7209.0
79	804	32	10991.0
437	699	32	11009.0
61	358	32	7571.0
348	661	32	10922.0
479	881	32	5015.0
199	958	32	9318.0
39	977	32	4098.0
332	392	32	12571.0
862	968	32	5730.0
257	315	32	9315.0
257	447	32	9115.0
315	447	32	13298.0
61	579	32	7577.0
108	372	32	6869.0
83	589	32	5417.0
653	735	32	3032.0
649	677	32	10364.0
454	811	32	11966.0
118	466	32	4661.0
572	838	32	8455.0
322	828	32	10612.0
613	755	32	11709.0
1	384	32	6472.0
58	955	32	19443.0
68	587	32	8239.0
134	744	32	9661.0
154	243	32	13051.0
217	624	32	5896.0
362	623	32	8246.0
623	979	32	7356.0
477	616	32	10448.0
246	821	32	8766.0
291	919	32	3787.0
93	802	32	7080.0
6	720	32	11252.0
6	810	32	9797.0
6	972	32	2011.0
720	810	32	8923.0
720	972	32	4555.0
131	905	32	10473.0
141	267	32	6717.0
238	245	32	5183.0
159	649	32	7462.0
557	991	32	16577.0
83	414	32	12725.0
726	981	32	1033.0
423	525	32	12639.0
273	287	32	4865.0
273	895	32	4811.0
287	895	32	4811.0
265	850	32	4869.0
97	530	32	8135.0
313	698	32	12200.0
413	682	32	8831.0
42	470	32	11038.0
635	922	32	8859.0
541	962	32	9135.0
537	972	32	8899.0
184	810	32	10376.0
788	944	32	10816.0
358	579	32	9087.0
718	955	32	12660.0
71	714	32	7094.0
734	760	32	15747.0
299	697	32	11043.0
600	894	32	12390.0
188	680	32	11284.0
258	424	32	2391.0
74	401	32	12339.0
224	845	32	11840.0
57	796	32	7110.0
297	310	32	3184.0
21	509	32	8905.0
368	611	32	1367.0
584	796	32	9071.0
174	621	32	7951.0
143	429	32	1692.0
180	637	32	4503.0
29	496	32	11157.0
102	493	32	13081.0
102	616	32	10534.0
493	616	32	12192.0
522	884	32	9110.0
409	819	32	14897.0
140	425	32	13872.0
432	627	32	2721.0
835	935	32	11449.0
696	749	32	13623.0
345	925	32	11778.0
663	862	32	12243.0
312	513	32	10659.0
356	717	32	6809.0
693	868	32	6309.0
566	627	32	8425.0
308	371	32	9535.0
42	671	32	11357.0
23	407	32	6849.0
64	985	32	10845.0
283	985	32	12084.0
421	537	32	8710.0
333	360	32	7255.0
677	889	32	9456.0
764	952	32	4661.0
230	570	32	13113.0
172	263	32	3126.0
301	339	32	14698.0
0	370	32	7912.0
274	570	32	15767.0
187	977	32	8071.0
628	930	32	10919.0
289	579	32	8450.0
351	436	32	9320.0
660	714	32	13519.0
660	854	32	9241.0
714	854	32	10455.0
262	477	32	11968.0
82	305	32	7512.0
571	990	32	8811.0
396	420	32	8766.0
262	616	32	11850.0
618	917	32	11453.0
580	778	32	10977.0
76	454	32	8804.0
68	374	32	8189.0
68	729	32	8257.0
258	865	32	9459.0
312	495	32	8745.0
181	718	32	10912.0
29	288	32	11391.0
118	667	32	5384.0
339	870	32	10876.0
571	797	32	7687.0
103	450	32	6882.0
289	784	32	14119.0
21	925	32	8982.0
477	630	32	10052.0
452	725	32	10250.0
217	337	32	3533.0
217	917	32	4174.0
337	624	32	8592.0
337	917	32	10915.0
624	917	32	10173.0
402	788	32	6314.0
119	582	32	5576.0
697	929	32	4428.0
371	591	32	1376.0
511	777	32	12712.0
721	883	32	15019.0
427	925	32	4710.0
850	917	32	11467.0
29	643	32	11593.0
591	754	32	5164.0
367	515	32	12145.0
127	610	32	8530.0
287	461	32	4800.0
598	840	32	9221.0
412	635	32	11734.0
491	891	32	11405.0
56	309	32	8587.0
205	983	32	13132.0
189	406	32	5908.0
107	869	32	6345.0
827	889	32	8890.0
305	324	32	8453.0
584	957	32	9538.0
670	892	32	7443.0
571	723	32	7168.0
226	229	32	5029.0
838	954	32	6012.0
783	847	32	3203.0
68	300	32	8297.0
84	871	32	5818.0
33	82	32	7091.0
15	738	32	8892.0
159	677	32	7510.0
769	898	32	6955.0
408	708	32	8843.0
96	407	32	4480.0
534	960	32	10736.0
244	958	32	10606.0
661	695	32	9175.0
445	949	32	8243.0
82	709	32	8915.0
33	324	32	7955.0
267	380	32	7348.0
258	316	32	7792.0
548	771	32	14026.0
433	936	32	5264.0
598	646	32	6765.0
50	564	32	9471.0
586	774	32	8846.0
162	784	32	6776.0
245	814	32	9000.0
709	858	32	10044.0
243	400	32	15668.0
399	475	32	11041.0
846	870	32	10300.0
476	614	32	10317.0
468	760	32	12193.0
427	604	32	4670.0
716	976	32	12738.0
636	975	32	11441.0
536	999	32	7849.0
277	882	32	11285.0
70	405	32	4274.0
510	541	32	11201.0
729	831	32	8396.0
340	446	32	9435.0
155	558	32	13178.0
923	986	32	13889.0
364	371	32	1898.0
571	866	32	8315.0
785	847	32	11394.0
603	769	32	7061.0
144	828	32	12645.0
417	993	32	11792.0
150	973	32	5389.0
37	746	32	5409.0
338	576	32	1504.0
763	835	32	4230.0
387	976	32	11244.0
183	671	32	9671.0
404	742	32	12817.0
272	831	32	8396.0
598	712	32	8760.0
173	642	32	11787.0
26	378	32	7199.0
56	562	32	8236.0
728	980	32	10038.0
647	812	32	12760.0
430	698	32	9942.0
338	349	32	10225.0
248	415	32	3322.0
36	742	32	7776.0
477	755	32	2673.0
625	696	32	14017.0
198	326	32	8709.0
314	617	32	10871.0
153	252	32	4139.0
697	814	32	12872.0
745	981	32	9580.0
619	989	32	9500.0
442	465	32	11303.0
360	471	32	2183.0
218	877	32	12569.0
21	641	32	9262.0
726	956	32	11136.0
551	943	32	8962.0
24	446	32	6887.0
31	723	32	7028.0
408	654	32	13410.0
234	794	32	10880.0
79	795	32	11493.0
583	775	32	9601.0
617	701	32	6725.0
458	714	32	11901.0
124	541	32	7400.0
790	978	32	9643.0
206	784	32	7240.0
206	838	32	8741.0
784	838	32	5269.0
592	717	32	1657.0
285	352	32	2337.0
649	889	32	9016.0
598	774	32	9210.0
140	907	32	13607.0
146	716	32	6445.0
146	976	32	6392.0
575	694	32	10023.0
567	854	32	4036.0
228	365	32	5092.0
228	451	32	5112.0
365	451	32	7407.0
158	229	32	7047.0
107	391	32	6420.0
163	248	32	7871.0
237	985	32	13991.0
282	352	32	2278.0
3	302	32	7871.0
764	954	32	4911.0
425	594	32	16358.0
192	363	32	4982.0
314	557	32	12361.0
60	627	32	5957.0
567	783	32	11632.0
12	744	32	8328.0
496	967	32	10925.0
886	945	32	9446.0
547	715	32	12143.0
384	457	32	12474.0
305	858	32	8564.0
140	647	32	3307.0
666	795	32	4545.0
179	731	32	9514.0
161	570	32	2753.0
265	405	32	10052.0
100	872	32	7043.0
437	927	32	11775.0
386	971	32	11622.0
150	371	32	7081.0
125	905	32	9068.0
255	382	32	10720.0
115	246	32	1323.0
492	652	32	10731.0
135	688	32	7945.0
511	684	32	8043.0
189	555	32	2501.0
694	883	32	1766.0
376	783	32	3200.0
31	990	32	8883.0
617	857	32	8645.0
174	249	32	8219.0
100	613	32	10060.0
289	358	32	6378.0
334	771	32	5296.0
356	398	32	10137.0
199	643	32	6183.0
140	603	32	3555.0
603	907	32	9074.0
539	856	32	6345.0
289	887	32	11830.0
295	703	32	6522.0
234	965	32	13092.0
131	698	32	4877.0
89	298	32	8650.0
146	198	32	6248.0
881	977	32	5311.0
870	992	32	10987.0
657	716	32	11243.0
458	981	32	10124.0
875	951	32	7641.0
697	946	32	7703.0
458	785	32	10876.0
479	632	32	4990.0
144	322	32	10638.0
1	458	32	6873.0
324	753	32	8136.0
170	739	32	6986.0
372	751	32	8125.0
102	262	32	12501.0
304	836	32	11953.0
761	801	32	10519.0
379	693	32	7275.0
203	954	32	6993.0
375	748	32	6477.0
490	907	32	7004.0
116	180	32	6335.0
201	547	32	11277.0
203	838	32	5736.0
474	882	32	10931.0
866	990	32	8847.0
137	886	32	7383.0
71	384	32	6295.0
306	327	32	3797.0
316	842	32	5167.0
408	425	32	5082.0
408	603	32	8907.0
425	603	32	4326.0
799	913	32	9160.0
413	414	32	14365.0
389	507	32	10893.0
642	800	32	9747.0
300	729	32	13785.0
211	766	32	8696.0
211	860	32	19569.0
766	860	32	8708.0
541	740	32	11193.0
679	937	32	9680.0
84	658	32	8528.0
26	533	32	6982.0
583	748	32	9400.0
288	496	32	10553.0
948	964	32	9422.0
872	931	32	10219.0
299	620	32	4466.0
577	937	32	9680.0
37	375	32	2261.0
733	968	32	12295.0
587	729	32	9836.0
471	606	32	9250.0
330	378	32	8775.0
60	694	32	8584.0
531	817	32	8826.0
179	864	32	9865.0
520	819	32	8500.0
82	858	32	7690.0
456	760	32	5443.0
246	504	32	8581.0
2	703	32	4764.0
308	590	32	6956.0
371	590	32	6841.0
60	940	32	8858.0
122	201	32	6642.0
822	890	32	9739.0
30	385	32	9650.0
384	660	32	11585.0
414	591	32	13272.0
235	850	32	8442.0
778	950	32	15318.0
116	531	32	3144.0
449	756	32	13601.0
171	518	32	11829.0
355	749	32	13641.0
597	739	32	10862.0
620	929	32	4428.0
714	785	32	12183.0
501	690	32	10792.0
510	552	32	8712.0
324	709	32	8995.0
134	740	32	3648.0
161	484	32	8413.0
613	872	32	6337.0
58	718	32	13474.0
13	417	32	9087.0
74	914	32	11574.0
466	596	32	11689.0
800	948	32	9925.0
589	682	32	5584.0
578	949	32	8557.0
923	939	32	10855.0
111	953	32	8532.0
720	830	32	10541.0
276	283	32	11805.0
173	733	32	11132.0
211	615	32	19167.0
83	413	32	12643.0
147	720	32	2732.0
737	858	32	10332.0
32	419	32	4281.0
500	968	32	10541.0
375	840	32	6598.0
63	551	32	7867.0
290	916	32	12800.0
150	563	32	7278.0
162	838	32	8021.0
74	680	32	11536.0
324	906	32	8786.0
40	560	32	5694.0
8	661	32	7687.0
862	948	32	12532.0
84	277	32	8431.0
670	672	32	11586.0
38	410	32	2381.0
59	274	32	10510.0
290	761	32	10236.0
475	839	32	10718.0
31	164	32	6117.0
263	441	32	12104.0
620	653	32	3015.0
331	860	32	10524.0
305	987	32	6831.0
858	987	32	7163.0
295	904	32	4182.0
384	714	32	11639.0
65	876	32	2938.0
136	205	32	8014.0
617	991	32	12954.0
642	733	32	14258.0
176	319	32	5145.0
233	698	32	11783.0
305	648	32	7048.0
324	648	32	7875.0
278	497	32	5537.0
334	770	32	7350.0
267	936	32	4062.0
414	879	32	7045.0
339	846	32	13682.0
472	922	32	8859.0
170	597	32	7867.0
93	653	32	7044.0
112	868	32	2888.0
880	947	32	6598.0
50	835	32	9472.0
362	835	32	10871.0
44	786	32	15579.0
598	775	32	6425.0
352	356	32	7921.0
395	458	32	1424.0
395	462	32	1397.0
395	714	32	1327.0
462	714	32	1378.0
10	385	32	13014.0
871	882	32	6572.0
6	241	32	10773.0
121	857	32	7897.0
300	374	32	12657.0
390	905	32	10033.0
258	975	32	7120.0
619	719	32	11921.0
151	783	32	7862.0
172	647	32	8971.0
238	697	32	6510.0
733	964	32	3229.0
178	369	32	10052.0
354	555	32	11706.0
469	611	32	11056.0
237	276	32	11745.0
462	1000	32	14173.0
153	682	32	2517.0
153	879	32	7872.0
252	682	32	10872.0
252	879	32	9817.0
682	879	32	9178.0
120	650	32	3708.0
89	806	32	8830.0
450	924	32	6892.0
42	368	32	10648.0
319	666	32	11975.0
479	700	32	4584.0
106	273	32	1599.0
712	746	32	6167.0
472	665	32	8764.0
197	607	32	10059.0
332	486	32	10941.0
299	814	32	6884.0
161	822	32	8707.0
595	842	32	1500.0
17	640	32	6326.0
20	220	32	8206.0
356	832	32	10261.0
97	800	32	8377.0
371	879	32	8879.0
645	721	32	11307.0
454	465	32	10135.0
511	930	32	10834.0
327	631	32	6893.0
236	293	32	8770.0
886	968	32	12283.0
338	592	32	11683.0
267	626	32	6239.0
24	255	32	6902.0
323	489	32	8456.0
308	879	32	8451.0
81	197	32	7505.0
81	213	32	5553.0
197	213	32	5245.0
213	607	32	5151.0
251	318	32	8287.0
251	335	32	10586.0
318	335	32	8463.0
322	932	32	9433.0
483	711	32	8071.0
188	950	32	5758.0
206	572	32	10132.0
72	666	32	9436.0
483	910	32	7582.0
14	413	32	5482.0
19	346	32	7349.0
200	307	32	8083.0
249	853	32	8901.0
105	420	32	8115.0
194	749	32	13194.0
550	962	32	10079.0
709	737	32	11402.0
476	662	32	9303.0
637	817	32	12299.0
83	605	32	5063.0
560	1001	32	8943.0
246	904	32	8756.0
158	375	32	9512.0
290	801	32	11192.0
364	879	32	11299.0
591	879	32	8862.0
465	569	32	2163.0
858	906	32	9672.0
56	807	32	8255.0
343	744	32	10858.0
442	454	32	10086.0
238	929	32	3432.0
263	269	32	8277.0
583	598	32	5563.0
270	588	32	10621.0
97	862	32	11455.0
800	862	32	9544.0
1	151	32	5302.0
151	745	32	8292.0
409	928	32	12529.0
181	955	32	15288.0
458	660	32	11758.0
64	237	32	11593.0
395	726	32	11156.0
178	311	32	10511.0
70	618	32	9009.0
261	366	32	13210.0
375	583	32	2758.0
594	603	32	7029.0
588	888	32	9665.0
397	671	32	11170.0
288	967	32	11154.0
558	760	32	13720.0
479	977	32	3848.0
1	660	32	7421.0
61	556	32	7994.0
586	691	32	6745.0
165	406	32	5098.0
820	833	32	17243.0
178	936	32	7323.0
104	601	32	6266.0
27	179	32	9501.0
50	935	32	9537.0
426	577	32	9186.0
514	655	32	7651.0
7	491	32	11246.0
166	462	32	11475.0
181	271	32	15165.0
301	846	32	13656.0
180	938	32	9905.0
723	797	32	7067.0
876	956	32	3484.0
608	678	32	2585.0
642	886	32	11354.0
276	688	32	10162.0
653	814	32	2942.0
735	814	32	13783.0
337	850	32	10742.0
611	688	32	13549.0
526	754	32	9999.0
612	614	32	12874.0
382	446	32	11967.0
783	854	32	6126.0
44	586	32	12967.0
625	749	32	13662.0
225	413	32	9355.0
419	524	32	5184.0
532	884	32	11296.0
96	424	32	4393.0
591	973	32	16262.0
201	715	32	12216.0
72	721	32	9225.0
156	856	32	4359.0
136	983	32	8029.0
266	711	32	8788.0
324	858	32	8714.0
31	571	32	8518.0
822	867	32	2270.0
160	834	32	10408.0
189	198	32	4824.0
656	851	32	2406.0
384	783	32	8477.0
289	572	32	9736.0
811	897	32	15659.0
334	724	32	6881.0
334	869	32	6983.0
972	980	32	8483.0
7	891	32	11131.0
472	635	32	12320.0
317	382	32	9059.0
50	763	32	2733.0
557	701	32	12326.0
334	824	32	7463.0
770	824	32	9286.0
824	869	32	10798.0
748	775	32	10934.0
614	662	32	13132.0
27	864	32	9099.0
449	866	32	9455.0
62	346	32	8266.0
248	261	32	13178.0
805	950	32	15013.0
251	585	32	8942.0
413	710	32	9629.0
162	289	32	9511.0
122	547	32	6674.0
375	775	32	3621.0
193	231	32	10770.0
372	879	32	10677.0
616	630	32	10179.0
169	416	32	5001.0
169	447	32	7096.0
416	447	32	9959.0
40	836	32	12797.0
615	766	32	8696.0
285	923	32	4169.0
376	384	32	6579.0
58	271	32	12825.0
213	934	32	5380.0
163	261	32	8009.0
229	926	32	5906.0
13	655	32	8369.0
270	888	32	9650.0
156	1000	32	3231.0
82	753	32	9106.0
620	735	32	12160.0
743	904	32	9614.0
503	882	32	7417.0
464	901	32	8545.0
548	715	32	3201.0
171	977	32	11841.0
772	896	32	10744.0
474	658	32	11097.0
499	741	32	8561.0
103	638	32	6716.0
113	939	32	12526.0
361	382	32	1277.0
855	1002	32	10020.0
11	888	32	6287.0
447	773	32	10011.0
390	430	32	9242.0
31	866	32	8566.0
350	983	32	9544.0
584	727	32	10517.0
368	671	32	9282.0
686	796	32	12053.0
21	427	32	3697.0
445	560	32	10055.0
445	836	32	4538.0
560	836	32	4515.0
472	868	32	6688.0
267	433	32	7611.0
453	491	32	11353.0
156	954	32	4887.0
132	658	32	8014.0
966	994	32	14652.0
667	836	32	13346.0
290	970	32	12909.0
172	186	32	8689.0
184	241	32	12799.0
819	928	32	12383.0
246	295	32	1880.0
525	745	32	1481.0
525	847	32	1474.0
745	847	32	10063.0
203	856	32	4607.0
31	452	32	8155.0
277	658	32	12219.0
565	732	32	10149.0
328	351	32	9786.0
276	736	32	12454.0
71	745	32	8086.0
212	365	32	5632.0
109	373	32	7861.0
607	934	32	11660.0
349	592	32	10309.0
217	850	32	5014.0
624	850	32	11081.0
511	768	32	13121.0
768	930	32	11236.0
44	598	32	9163.0
108	923	32	3261.0
354	706	32	10791.0
330	529	32	10376.0
308	372	32	8418.0
520	908	32	11247.0
819	908	32	12546.0
414	710	32	9614.0
781	799	32	9572.0
378	533	32	8801.0
265	410	32	3961.0
265	977	32	4744.0
348	353	32	11605.0
158	675	32	10216.0
167	302	32	2910.0
393	971	32	3347.0
215	661	32	9701.0
208	604	32	7331.0
458	854	32	9164.0
155	793	32	13006.0
33	305	32	8055.0
33	906	32	7992.0
305	709	32	8343.0
305	906	32	9156.0
907	966	32	14089.0
171	632	32	10998.0
4	695	32	9707.0
312	508	32	6758.0
508	513	32	10664.0
110	240	32	8793.0
741	791	32	6902.0
136	350	32	8330.0
308	751	32	7799.0
118	578	32	7104.0
394	851	32	7151.0
184	728	32	5098.0
234	338	32	3335.0
71	854	32	8123.0
545	822	32	10179.0
551	733	32	1509.0
315	644	32	11510.0
447	644	32	14666.0
160	614	32	11310.0
102	613	32	4525.0
85	467	32	8906.0
265	618	32	3998.0
746	775	32	8090.0
55	339	32	11251.0
114	892	32	6844.0
759	961	32	8130.0
416	773	32	10551.0
704	955	32	15417.0
437	528	32	11912.0
490	966	32	1897.0
36	573	32	8052.0
395	647	32	5259.0
81	771	32	6396.0
391	770	32	8448.0
20	386	32	8174.0
220	386	32	8773.0
139	199	32	8871.0
233	905	32	15307.0
464	703	32	6130.0
465	897	32	12166.0
120	311	32	3754.0
120	380	32	2985.0
107	770	32	7465.0
384	785	32	11061.0
605	754	32	9885.0
586	748	32	10237.0
598	748	32	9077.0
16	65	32	2583.0
639	764	32	11595.0
113	986	32	12581.0
171	187	32	10006.0
84	503	32	6580.0
291	297	32	3551.0
874	998	32	9817.0
302	794	32	2527.0
798	973	32	8564.0
319	721	32	12062.0
579	784	32	9812.0
384	745	32	10516.0
173	961	32	10763.0
907	994	32	16937.0
407	424	32	7533.0
386	888	32	9482.0
415	690	32	9954.0
801	916	32	12277.0
245	299	32	10463.0
752	898	32	6712.0
868	922	32	4657.0
552	962	32	3464.0
462	525	32	13410.0
443	901	32	9113.0
5	699	32	11166.0
10	727	32	9187.0
686	727	32	9362.0
161	303	32	8530.0
507	815	32	13879.0
666	721	32	11711.0
102	477	32	11973.0
31	797	32	7529.0
553	896	32	10423.0
313	390	32	13207.0
208	247	32	7660.0
64	736	32	11683.0
116	608	32	6271.0
541	552	32	8712.0
11	20	32	6221.0
11	750	32	6475.0
20	750	32	7502.0
0	312	32	6653.0
762	940	32	10223.0
20	971	32	8132.0
422	976	32	8557.0
395	876	32	8328.0
511	628	32	10732.0
326	706	32	5926.0
110	780	32	6863.0
490	603	32	6590.0
224	350	32	9922.0
224	983	32	9431.0
239	763	32	4281.0
125	390	32	9134.0
227	394	32	3244.0
1	783	32	7518.0
326	406	32	5908.0
574	986	32	9802.0
106	494	32	1483.0
345	509	32	11598.0
133	481	32	7367.0
759	948	32	2494.0
336	741	32	12155.0
371	751	32	7678.0
431	503	32	10240.0
235	624	32	10450.0
187	632	32	9208.0
387	716	32	11604.0
70	175	32	4852.0
713	876	32	8819.0
217	618	32	4142.0
495	508	32	8778.0
572	856	32	10501.0
266	483	32	13226.0
835	979	32	10303.0
658	787	32	12999.0
145	989	32	8980.0
87	907	32	6937.0
632	977	32	9935.0
961	968	32	12046.0
516	933	32	15013.0
31	756	32	8818.0
436	744	32	10980.0
282	965	32	9200.0
195	919	32	3148.0
359	604	32	5533.0
55	846	32	10831.0
582	978	32	11061.0
120	433	32	3576.0
30	57	32	7429.0
469	485	32	11897.0
659	978	32	9257.0
399	952	32	14126.0
268	807	32	10995.0
121	314	32	6302.0
121	557	32	6367.0
40	596	32	12875.0
3	99	32	6856.0
901	904	32	1699.0
343	550	32	10075.0
343	962	32	13081.0
423	1000	32	14788.0
259	722	32	11613.0
6	830	32	9233.0
320	731	32	11208.0
712	786	32	9583.0
338	581	32	10043.0
456	848	32	14089.0
82	324	32	8250.0
358	440	32	9003.0
197	771	32	6690.0
78	924	32	10442.0
709	753	32	9045.0
81	548	32	5591.0
274	867	32	14390.0
364	589	32	5424.0
364	710	32	10816.0
589	710	32	5657.0
833	988	32	17070.0
341	678	32	13967.0
432	566	32	2855.0
763	935	32	4230.0
272	729	32	13785.0
688	736	32	14832.0
594	994	32	17428.0
179	190	32	9708.0
862	964	32	9061.0
496	643	32	13820.0
69	194	32	11064.0
236	322	32	9216.0
10	584	32	10788.0
566	823	32	8498.0
319	883	32	11394.0
430	780	32	10963.0
333	515	32	8713.0
364	414	32	13101.0
364	973	32	16309.0
414	526	32	5536.0
526	973	32	5533.0
222	249	32	9051.0
124	740	32	7224.0
341	531	32	8575.0
0	513	32	8424.0
207	958	32	10606.0
229	675	32	9375.0
924	944	32	11770.0
352	832	32	8233.0
399	839	32	9169.0
256	913	32	12405.0
759	886	32	7901.0
97	968	32	4380.0
97	733	32	6918.0
17	617	32	9859.0
456	852	32	11026.0
575	627	32	4453.0
525	1000	32	12480.0
16	290	32	8158.0
161	890	32	8747.0
569	573	32	10933.0
38	632	32	2351.0
38	881	32	2402.0
632	881	32	6500.0
51	492	32	7940.0
620	697	32	10707.0
266	910	32	8289.0
371	798	32	6316.0
157	904	32	6635.0
110	313	32	6244.0
460	891	32	11171.0
252	473	32	6387.0
376	714	32	7363.0
767	818	32	13716.0
531	953	32	13726.0
263	647	32	4930.0
753	987	32	8763.0
136	224	32	7925.0
291	310	32	3942.0
288	643	32	10988.0
289	838	32	8359.0
566	694	32	7068.0
797	866	32	7391.0
107	548	32	8856.0
566	575	32	4577.0
542	670	32	7648.0
915	956	32	11690.0
82	987	32	8849.0
730	952	32	12715.0
562	807	32	10076.0
232	373	32	10260.0
135	469	32	8203.0
892	995	32	7732.0
724	770	32	8313.0
21	969	32	8732.0
341	817	32	13863.0
678	817	32	15245.0
140	966	32	13811.0
37	748	32	4260.0
167	338	32	3335.0
149	860	32	6809.0
580	950	32	13491.0
186	395	32	13485.0
751	798	32	6766.0
751	879	32	8060.0
798	879	32	10607.0
343	436	32	11124.0
700	881	32	4843.0
369	936	32	10802.0
173	945	32	8899.0
531	608	32	7264.0
628	768	32	10924.0
384	854	32	8859.0
839	952	32	12828.0
286	343	32	7610.0
221	690	32	9578.0
376	847	32	9877.0
160	476	32	9241.0
495	631	32	10159.0
548	974	32	11317.0
813	857	32	8645.0
848	900	32	10930.0
2	464	32	4757.0
395	713	32	4207.0
655	993	32	10739.0
110	430	32	6241.0
273	461	32	4770.0
280	611	32	9802.0
132	277	32	6947.0
753	858	32	7732.0
29	199	32	6563.0
309	673	32	9223.0
535	547	32	10213.0
262	630	32	10362.0
672	995	32	9247.0
63	689	32	7893.0
364	473	32	6732.0
13	789	32	8875.0
656	772	32	8561.0
197	382	32	2210.0
280	485	32	9295.0
165	321	32	5119.0
261	323	32	11062.0
598	746	32	5396.0
748	774	32	12292.0
857	991	32	8542.0
764	838	32	2311.0
906	987	32	7165.0
71	458	32	6017.0
12	191	32	8139.0
583	746	32	8055.0
352	478	32	1298.0
102	755	32	3571.0
714	726	32	1314.0
714	745	32	11922.0
714	847	32	7517.0
726	745	32	1413.0
726	847	32	1408.0
423	764	32	15447.0
229	375	32	9209.0
198	321	32	4404.0
198	765	32	2680.0
321	765	32	5612.0
338	965	32	1336.0
432	521	32	3200.0
380	433	32	10861.0
504	743	32	8799.0
172	915	32	1970.0
601	964	32	10405.0
134	286	32	5828.0
683	775	32	13437.0
505	978	32	13628.0
155	468	32	12790.0
99	285	32	9052.0
697	735	32	14243.0
509	925	32	11982.0
520	928	32	8687.0
184	720	32	14169.0
58	181	32	12833.0
745	783	32	6513.0
783	785	32	7720.0
725	990	32	11123.0
149	766	32	6757.0
449	452	32	13058.0
37	775	32	5115.0
351	541	32	4551.0
33	753	32	7261.0
186	726	32	8148.0
592	923	32	5179.0
759	968	32	7929.0
196	905	32	12343.0
74	188	32	13248.0
802	852	32	14106.0
572	887	32	10092.0
838	887	32	11909.0
87	654	32	7746.0
195	310	32	5790.0
417	655	32	10510.0
706	776	32	12520.0
608	817	32	2267.0
286	351	32	13743.0
286	541	32	3103.0
408	594	32	7848.0
170	775	32	5597.0
647	713	32	8913.0
437	559	32	11623.0
141	178	32	7680.0
141	369	32	7420.0
800	964	32	10405.0
319	645	32	7677.0
557	857	32	6488.0
198	406	32	2653.0
375	774	32	7119.0
413	605	32	5046.0
44	170	32	4447.0
530	800	32	12210.0
820	988	32	16804.0
505	582	32	10896.0
70	651	32	5131.0
449	723	32	8232.0
522	602	32	7973.0
30	584	32	9802.0
35	665	32	3647.0
157	246	32	7571.0
157	504	32	6781.0
293	828	32	10933.0
704	996	32	1714.0
0	495	32	8006.0
184	972	32	6351.0
415	489	32	1849.0
31	449	32	8742.0
374	481	32	11333.0
230	822	32	2504.0
180	674	32	10960.0
375	646	32	11449.0
594	966	32	16259.0
311	650	32	7012.0
137	961	32	7618.0
206	954	32	2761.0
572	954	32	1988.0
646	774	32	7701.0
429	684	32	10655.0
112	635	32	3837.0
218	960	32	12207.0
582	659	32	9129.0
158	598	32	4264.0
598	675	32	7294.0
675	874	32	12416.0
148	150	32	1378.0
668	775	32	6929.0
192	595	32	4958.0
113	519	32	13020.0
746	840	32	7000.0
158	712	32	3768.0
750	888	32	7734.0
467	664	32	5597.0
467	842	32	5177.0
664	842	32	5177.0
45	685	32	8257.0
675	786	32	7435.0
45	522	32	8010.0
522	532	32	9333.0
220	750	32	7887.0
220	971	32	8762.0
60	575	32	6173.0
698	780	32	10803.0
591	682	32	10847.0
225	589	32	5422.0
608	938	32	11213.0
162	887	32	9421.0
391	824	32	11452.0
10	57	32	7515.0
361	705	31	8083.0
416	644	31	10868.0
475	730	31	11905.0
519	574	31	12072.0
291	529	31	4355.0
239	564	31	6682.0
49	875	31	5799.0
574	923	31	8615.0
660	847	31	6450.0
938	953	31	6614.0
774	840	31	10942.0
223	342	31	5805.0
735	818	31	2333.0
34	427	31	6185.0
164	723	31	5930.0
44	583	31	9647.0
536	898	31	1268.0
125	430	31	8945.0
269	812	31	5633.0
694	823	31	10975.0
364	798	31	7079.0
346	996	31	13932.0
384	847	31	6494.0
141	433	31	7537.0
132	871	31	7857.0
503	871	31	9508.0
450	544	31	7178.0
812	915	31	3537.0
80	475	31	12568.0
226	375	31	4764.0
67	694	31	2096.0
642	948	31	11818.0
764	856	31	1078.0
171	479	31	5052.0
608	674	31	12582.0
484	822	31	9966.0
504	904	31	10814.0
542	995	31	8015.0
26	529	31	6900.0
57	957	31	6695.0
796	957	31	6682.0
21	345	31	8965.0
785	981	31	9789.0
215	695	31	9707.0
98	483	31	6842.0
691	748	31	3544.0
640	857	31	8645.0
86	177	31	7743.0
80	952	31	14311.0
198	555	31	11071.0
235	977	31	6237.0
194	696	31	13279.0
753	906	31	7763.0
553	656	31	8781.0
521	627	31	14521.0
57	385	31	7076.0
262	755	31	3015.0
530	601	31	11315.0
252	414	31	9904.0
164	866	31	5480.0
100	755	31	8535.0
208	427	31	4657.0
2	901	31	4879.0
60	566	31	6057.0
486	549	31	9119.0
395	956	31	13348.0
654	907	31	9442.0
756	797	31	10330.0
461	895	31	4722.0
933	988	31	14200.0
55	301	31	11624.0
607	974	31	10498.0
131	498	31	10555.0
178	626	31	9452.0
564	835	31	11245.0
499	791	31	6389.0
80	730	31	12787.0
635	868	31	6693.0
165	765	31	4980.0
110	741	31	8869.0
40	445	31	5954.0
510	844	31	9810.0
843	975	31	8073.0
153	364	31	4483.0
252	364	31	12553.0
364	682	31	10872.0
98	711	31	6758.0
412	472	31	12406.0
70	235	31	7728.0
83	364	31	12560.0
364	605	31	5063.0
642	968	31	10798.0
127	655	31	6505.0
244	288	31	3732.0
288	958	31	1090.0
312	631	31	8074.0
603	994	31	7115.0
332	921	31	9515.0
658	871	31	12329.0
298	806	31	10450.0
370	513	31	16922.0
45	884	31	7918.0
717	832	31	6934.0
222	621	31	9809.0
395	854	31	1419.0
425	994	31	14733.0
737	753	31	8696.0
137	759	31	7474.0
194	625	31	16355.0
651	855	31	10263.0
191	286	31	10211.0
277	503	31	7907.0
754	879	31	3337.0
83	879	31	6891.0
605	879	31	3439.0
587	831	31	8392.0
474	503	31	6997.0
193	900	31	11069.0
456	900	31	11015.0
197	974	31	3261.0
433	626	31	7523.0
510	740	31	9011.0
344	924	31	11374.0
689	943	31	9301.0
254	364	31	5555.0
137	173	31	7368.0
20	588	31	8197.0
295	504	31	7714.0
721	804	31	7133.0
40	214	31	12875.0
712	774	31	9647.0
438	711	31	9593.0
299	946	31	6411.0
367	495	31	6196.0
620	814	31	11081.0
20	888	31	8194.0
5	437	31	11766.0
200	532	31	5308.0
694	940	31	9496.0
15	471	31	8532.0
80	399	31	11487.0
190	731	31	15550.0
512	944	31	10948.0
131	849	31	11507.0
23	843	31	7162.0
360	367	31	7786.0
665	868	31	3682.0
948	968	31	4151.0
11	220	31	6255.0
462	745	31	1491.0
564	979	31	9938.0
413	589	31	5423.0
144	293	31	10075.0
372	473	31	10035.0
646	874	31	6709.0
389	815	31	10933.0
305	737	31	9386.0
33	737	31	8194.0
737	906	31	9674.0
426	679	31	12252.0
397	470	31	8692.0
258	664	31	2424.0
632	700	31	4795.0
462	764	31	14796.0
150	879	31	6771.0
150	153	31	4791.0
241	810	31	8313.0
30	727	31	9691.0
213	548	31	4852.0
414	682	31	8808.0
181	704	31	9261.0
442	897	31	11231.0
28	950	31	13643.0
215	903	31	10306.0
421	720	31	4298.0
158	209	31	8645.0
7	460	31	10909.0
380	626	31	9452.0
24	382	31	6779.0
109	383	31	7732.0
131	780	31	6855.0
581	861	31	1389.0
203	764	31	3686.0
581	592	31	11394.0
443	464	31	6953.0
295	901	31	8104.0
128	941	31	8047.0
828	932	31	12850.0
0	508	31	7685.0
70	217	31	3249.0
622	999	31	1566.0
608	953	31	9469.0
649	827	31	9475.0
554	565	31	9865.0
268	673	31	10294.0
70	337	31	8973.0
821	904	31	8821.0
207	244	31	11786.0
87	708	31	7846.0
169	478	30	7230.0
81	361	30	7690.0
81	705	30	7848.0
301	870	30	10876.0
131	430	30	8984.0
105	259	30	8176.0
49	951	30	5536.0
642	961	30	12619.0
170	691	30	7240.0
787	871	30	11923.0
526	879	30	3337.0
61	440	30	7636.0
9	837	30	9269.0
594	708	30	4872.0
645	795	30	12873.0
376	457	30	7904.0
277	871	30	7178.0
865	899	30	5250.0
115	157	30	1522.0
395	812	30	5921.0
909	926	30	3431.0
40	304	30	11590.0
731	864	30	12643.0
347	772	30	12573.0
10	30	30	8713.0
17	121	30	5555.0
227	656	30	3212.0
184	830	30	10637.0
627	762	30	7487.0
160	662	30	10204.0
143	777	30	2536.0
312	360	30	8471.0
458	783	30	8982.0
812	876	30	11416.0
876	915	30	5858.0
80	839	30	11970.0
445	837	30	6701.0
583	586	30	9319.0
583	712	30	6294.0
158	840	30	4403.0
572	784	30	6918.0
255	446	30	9420.0
141	650	30	7609.0
527	872	30	7999.0
154	400	30	12775.0
178	267	30	7610.0
194	355	30	16536.0
424	467	30	5695.0
186	263	30	5227.0
274	303	30	9123.0
303	570	30	8684.0
197	548	30	5903.0
375	712	30	5940.0
526	589	30	14115.0
693	912	30	6492.0
564	763	30	4281.0
96	899	30	4475.0
407	595	30	3831.0
71	376	30	8114.0
313	905	30	9938.0
4	661	30	10600.0
570	867	30	14785.0
360	370	30	7729.0
361	607	30	10043.0
668	691	30	8604.0
31	725	30	8809.0
0	327	30	6692.0
113	592	30	1917.0
683	774	30	8053.0
314	991	30	12109.0
654	708	30	8843.0
236	828	30	10051.0
582	820	30	5827.0
190	320	30	11364.0
36	569	30	7860.0
739	748	30	2581.0
314	857	30	6446.0
471	599	30	10612.0
177	818	30	10866.0
925	969	30	9064.0
218	534	30	10644.0
713	812	30	8801.0
0	306	30	3953.0
140	546	30	4421.0
693	922	30	7908.0
311	369	30	7036.0
121	813	30	7861.0
334	607	30	4482.0
292	781	30	10257.0
145	619	30	9670.0
452	756	30	12156.0
419	947	30	6642.0
12	550	30	8205.0
774	786	30	12851.0
455	517	30	10846.0
132	474	30	6021.0
340	382	30	10048.0
424	595	30	8666.0
160	612	30	10102.0
394	656	30	3860.0
35	472	30	6614.0
299	735	30	8042.0
596	837	30	5079.0
10	796	30	11499.0
484	890	30	11657.0
57	584	30	7155.0
672	892	30	7445.0
886	961	30	13057.0
539	887	30	6614.0
279	804	30	3973.0
357	855	30	9090.0
197	361	30	10510.0
213	361	30	4993.0
235	618	30	8493.0
384	567	30	6556.0
11	588	30	6340.0
726	915	30	10146.0
2	504	30	2593.0
155	760	30	14025.0
162	206	30	9522.0
371	473	30	7324.0
306	513	30	4369.0
660	783	30	11457.0
646	786	30	7624.0
83	973	30	12977.0
255	340	30	10359.0
453	893	30	12684.0
60	67	30	1337.0
441	812	30	9428.0
518	632	30	9962.0
575	823	30	8572.0
429	511	30	7260.0
312	367	30	8479.0
172	876	30	9143.0
186	876	30	13628.0
217	265	30	10028.0
265	624	30	5750.0
44	840	30	10718.0
287	494	30	4643.0
13	993	30	9249.0
180	531	30	7656.0
122	715	30	6586.0
134	962	30	10092.0
326	765	30	7127.0
298	573	30	2050.0
385	796	30	12092.0
223	264	30	6023.0
134	488	30	5877.0
235	265	30	13135.0
537	980	30	8626.0
110	698	30	6947.0
254	754	30	9999.0
637	938	30	1347.0
512	924	30	10795.0
464	504	30	3494.0
170	668	30	8255.0
87	425	30	1991.0
158	786	30	5035.0
698	849	30	6752.0
98	266	30	6918.0
472	912	30	7861.0
127	514	30	8753.0
230	867	30	12633.0
182	500	30	10172.0
526	710	30	5641.0
710	973	30	10891.0
153	371	30	5141.0
158	998	30	3279.0
76	897	30	8820.0
67	627	30	2238.0
104	948	30	5485.0
8	502	30	7429.0
56	268	30	8216.0
497	536	30	3722.0
449	797	30	10389.0
427	641	30	4907.0
387	422	30	8742.0
164	756	30	5615.0
14	225	30	5759.0
552	844	30	7873.0
557	640	30	7332.0
237	283	30	12653.0
187	881	30	8167.0
187	410	30	7298.0
764	1000	30	15810.0
12	351	30	8427.0
359	427	30	3936.0
477	808	30	1194.0
65	186	30	7524.0
448	467	30	10651.0
100	931	30	6427.0
323	501	30	11199.0
92	540	30	7270.0
14	364	30	5668.0
173	759	30	7931.0
530	733	30	3759.0
309	807	30	12788.0
261	415	30	4858.0
774	909	30	4459.0
3	581	30	6752.0
234	285	30	3266.0
601	642	30	12749.0
935	984	30	12974.0
490	654	30	8323.0
274	822	30	2713.0
42	183	30	10523.0
599	738	30	11076.0
72	176	30	3145.0
311	433	29	9438.0
743	821	29	8840.0
347	553	29	10411.0
85	843	29	4981.0
408	907	29	10162.0
108	150	29	6865.0
874	909	29	6594.0
105	722	29	8359.0
259	420	29	9531.0
589	754	29	9999.0
71	847	29	7996.0
590	682	29	2598.0
113	574	29	11374.0
113	923	29	11303.0
61	784	29	7555.0
419	880	29	5842.0
39	265	29	13032.0
521	566	29	8697.0
60	762	29	8544.0
204	617	29	9528.0
620	946	29	5846.0
407	842	29	5177.0
158	226	29	2833.0
111	531	29	8382.0
245	697	29	13319.0
249	621	29	10003.0
159	889	29	7394.0
841	889	29	8383.0
134	351	29	7969.0
43	534	29	10352.0
476	612	29	8600.0
763	984	29	4348.0
431	882	29	9301.0
286	436	29	7896.0
108	519	29	3612.0
462	639	29	9811.0
660	956	29	1365.0
503	658	29	10503.0
494	620	29	4122.0
610	655	29	8180.0
190	864	29	12676.0
72	804	29	1268.0
319	804	29	3263.0
628	684	29	4090.0
733	759	29	7929.0
363	595	29	6201.0
617	640	29	10296.0
452	797	29	10442.0
144	236	29	9862.0
452	990	29	14854.0
509	969	29	11722.0
387	657	29	11017.0
306	495	29	5531.0
430	905	29	13237.0
386	588	29	9806.0
560	949	29	9277.0
11	971	29	6211.0
588	971	29	10683.0
433	650	29	8835.0
622	769	29	7061.0
141	380	29	7310.0
298	416	29	8471.0
285	717	29	1669.0
352	592	29	2265.0
8	903	29	5565.0
163	501	29	997.0
638	924	29	7519.0
513	631	29	13868.0
95	501	29	8208.0
709	987	29	8627.0
260	373	29	7946.0
795	804	29	11947.0
235	410	29	6135.0
595	664	29	1900.0
431	871	29	12329.0
62	511	29	5259.0
814	946	29	7703.0
8	348	29	7150.0
127	284	29	7796.0
284	610	29	9011.0
20	270	29	7789.0
421	972	29	7685.0
161	545	29	8238.0
14	589	29	9528.0
337	618	29	10227.0
575	883	29	1711.0
390	698	29	12383.0
441	546	29	7371.0
255	317	29	10176.0
78	172	29	6858.0
375	746	29	2608.0
97	759	29	2733.0
103	463	29	6852.0
425	490	29	2007.0
134	436	29	9205.0
17	557	29	14045.0
97	964	29	7796.0
153	710	29	2127.0
674	938	29	11213.0
618	624	29	10223.0
908	928	29	12534.0
373	487	29	10488.0
885	975	29	11583.0
119	516	29	15134.0
54	263	29	4825.0
260	487	29	8472.0
63	878	29	8021.0
733	961	29	13637.0
402	512	29	6031.0
30	686	29	8701.0
164	797	29	5873.0
375	874	29	9201.0
360	599	29	3574.0
150	590	29	6463.0
3	285	29	7783.0
744	962	29	10643.0
186	713	29	8913.0
369	650	29	8053.0
586	786	29	12407.0
132	787	29	8228.0
347	394	29	3687.0
452	571	29	8136.0
298	478	29	8217.0
267	369	29	6846.0
158	646	29	9050.0
114	672	29	6773.0
199	207	29	10044.0
108	308	29	6721.0
381	989	29	9096.0
360	495	29	7216.0
12	286	29	8151.0
141	311	29	7388.0
719	982	29	15040.0
601	968	29	4022.0
675	998	29	8828.0
126	928	29	9427.0
65	726	29	10594.0
5	528	29	13449.0
235	337	29	8100.0
596	667	29	15383.0
217	518	29	3961.0
88	194	29	14557.0
422	657	29	8890.0
736	985	29	14453.0
833	933	29	13785.0
79	883	29	7442.0
715	771	29	3387.0
400	517	29	12446.0
44	746	29	7148.0
92	507	29	7782.0
567	714	29	8483.0
298	447	29	10157.0
389	540	29	8855.0
272	300	29	17348.0
677	841	29	10219.0
84	787	29	6662.0
310	919	29	3241.0
143	346	29	2557.0
353	903	29	11969.0
92	389	29	7844.0
92	815	29	7860.0
412	693	29	9868.0
346	918	29	9651.0
525	764	29	13463.0
235	917	29	8446.0
167	965	29	9984.0
668	683	29	9497.0
363	424	29	6169.0
837	949	29	7710.0
380	650	29	8622.0
376	785	29	10154.0
217	405	29	10195.0
649	841	29	11751.0
176	645	29	11680.0
71	785	29	8265.0
289	440	29	6577.0
705	974	29	8294.0
553	772	29	10456.0
603	752	29	6975.0
242	687	29	9179.0
298	773	29	8625.0
369	380	29	9812.0
369	626	29	9453.0
71	783	29	2937.0
441	876	29	4041.0
251	325	29	7523.0
172	344	29	6996.0
379	472	29	9182.0
755	872	29	5757.0
172	395	29	4356.0
333	370	29	8432.0
254	526	29	10706.0
214	560	29	11765.0
739	774	29	1024.0
14	83	29	5529.0
14	591	29	5559.0
83	591	29	12622.0
601	862	29	12339.0
423	462	29	13957.0
490	708	29	8349.0
920	941	29	17237.0
39	850	29	5376.0
134	191	29	5851.0
840	909	28	3913.0
454	897	28	11761.0
54	480	28	5007.0
193	760	28	3416.0
945	961	28	9513.0
10	957	28	8290.0
601	945	28	3236.0
225	973	28	11382.0
146	706	28	6215.0
111	678	28	8617.0
33	987	28	6737.0
670	995	28	8932.0
95	323	28	8495.0
95	690	28	8348.0
376	660	28	6326.0
225	364	28	12076.0
835	984	28	7628.0
189	776	28	3759.0
17	857	28	5473.0
226	998	28	4785.0
424	664	28	5581.0
36	404	28	8296.0
59	758	28	10798.0
180	608	28	12608.0
595	899	28	6459.0
381	719	28	11760.0
578	596	28	5888.0
707	721	28	8184.0
229	774	28	1856.0
596	836	28	11372.0
150	308	28	7050.0
275	389	28	10927.0
646	712	28	6561.0
646	748	28	7055.0
6	184	28	11502.0
708	907	28	7186.0
515	631	28	5855.0
646	926	28	3462.0
328	488	28	9236.0
44	229	28	2031.0
248	489	28	10721.0
586	598	28	5819.0
403	534	28	10644.0
370	508	28	9832.0
89	773	28	8536.0
176	804	28	9951.0
778	805	28	14594.0
675	909	28	8836.0
229	998	28	5736.0
178	433	28	11259.0
190	675	28	2017.0
85	885	28	10344.0
361	934	28	8025.0
333	495	28	7904.0
603	999	28	9533.0
284	417	28	1535.0
188	914	28	10251.0
401	914	28	12044.0
45	602	28	7492.0
34	247	28	5371.0
571	756	28	8605.0
637	953	28	13190.0
65	915	28	11400.0
274	758	28	12346.0
375	586	28	2921.0
207	435	28	10436.0
225	254	28	5518.0
285	609	28	10034.0
165	189	28	5026.0
177	767	28	10565.0
102	630	28	10349.0
362	935	28	12316.0
57	686	28	7178.0
311	626	28	5353.0
44	691	28	7070.0
315	478	28	13614.0
1	567	28	7735.0
1	854	28	3966.0
954	1000	28	7198.0
460	893	28	13199.0
475	952	28	12343.0
81	934	28	7697.0
404	569	28	11800.0
541	744	28	6303.0
595	970	28	3867.0
249	859	28	10468.0
300	831	28	8396.0
512	788	28	11745.0
183	397	28	9131.0
564	935	28	11931.0
235	405	28	10987.0
405	850	28	6135.0
8	215	28	7452.0
187	518	28	8098.0
583	774	28	8585.0
83	682	28	8647.0
14	526	28	9646.0
546	966	28	4474.0
596	1001	28	6482.0
62	996	28	7889.0
410	632	28	9091.0
309	562	28	10299.0
108	879	28	6475.0
393	941	28	15950.0
99	338	28	8971.0
768	996	28	8281.0
54	546	28	4779.0
119	988	28	15915.0
760	848	28	4162.0
395	660	28	1344.0
462	660	28	1418.0
213	307	28	2805.0
68	272	28	8286.0
241	830	28	10626.0
484	570	28	3261.0
775	840	28	7986.0
785	854	28	13333.0
39	217	28	10280.0
556	784	28	7605.0
519	986	28	10834.0
204	813	28	8631.0
67	432	28	2130.0
203	206	28	2455.0
452	723	28	8232.0
619	982	28	10595.0
188	401	28	11027.0
527	755	28	9501.0
375	926	28	5931.0
189	765	28	6889.0
143	212	28	3862.0
3	349	28	7615.0
773	806	28	8798.0
351	740	28	1667.0
682	973	28	10723.0
142	297	28	1045.0
403	960	28	12207.0
187	700	28	4795.0
308	473	28	7326.0
89	315	28	6697.0
3	592	28	7669.0
176	883	28	8581.0
3	338	28	7658.0
183	368	28	8476.0
465	811	28	12048.0
494	814	28	4210.0
122	535	28	6308.0
665	912	28	7585.0
265	518	28	7556.0
485	611	28	15604.0
346	511	28	10305.0
521	823	28	11193.0
423	726	28	1360.0
174	853	28	8202.0
32	880	28	4318.0
173	886	28	11065.0
150	372	28	7240.0
390	498	28	4350.0
124	510	28	7421.0
205	224	28	9336.0
368	470	28	8646.0
398	832	28	9926.0
303	890	28	9634.0
245	929	28	4428.0
453	891	28	15547.0
272	587	28	10856.0
714	783	28	10536.0
416	806	28	9378.0
463	638	28	8477.0
239	362	28	5253.0
173	948	28	2791.0
113	338	28	1151.0
570	822	28	4565.0
192	407	28	2965.0
314	640	28	7291.0
178	380	28	12393.0
19	768	28	11938.0
79	666	28	3602.0
156	442	28	1598.0
156	811	28	1954.0
329	843	28	4603.0
23	865	28	7329.0
275	815	28	13879.0
497	773	28	1481.0
426	937	28	9680.0
494	697	28	3777.0
201	535	28	13914.0
739	786	28	4771.0
377	518	28	11264.0
118	560	28	6802.0
206	887	28	10642.0
644	806	28	11848.0
327	515	28	3053.0
498	849	28	10197.0
507	540	28	10722.0
443	703	28	4563.0
583	675	28	3456.0
119	833	28	16055.0
545	890	28	12602.0
526	682	28	5563.0
125	698	28	9166.0
289	556	28	6501.0
440	556	28	9230.0
645	707	28	10052.0
268	309	28	10248.0
72	279	28	9777.0
225	414	28	9464.0
645	666	28	7515.0
462	726	28	1372.0
462	847	28	1475.0
151	714	28	8538.0
151	785	28	7913.0
435	958	28	10606.0
247	427	28	4657.0
710	754	28	5186.0
176	279	28	5852.0
147	972	28	5992.0
147	980	28	6017.0
600	875	28	10258.0
424	842	28	5177.0
156	423	28	1391.0
223	482	28	6101.0
413	526	28	5522.0
148	536	28	3161.0
353	902	28	14209.0
137	601	28	2223.0
384	981	28	10031.0
644	773	28	11508.0
575	940	28	7007.0
99	592	28	8976.0
158	774	28	4901.0
466	1001	28	6575.0
258	843	28	9588.0
234	861	28	12369.0
14	710	27	5656.0
307	685	27	4744.0
532	685	27	15908.0
847	854	27	10538.0
225	879	27	10432.0
879	973	27	13841.0
341	637	27	11499.0
637	678	27	12680.0
467	636	27	10004.0
22	631	27	4805.0
225	754	27	5186.0
312	370	27	9300.0
762	823	27	10596.0
590	591	27	4131.0
140	994	27	13776.0
560	837	27	9560.0
98	438	27	6948.0
243	803	27	14021.0
81	974	27	2967.0
712	909	27	2510.0
185	200	27	6811.0
434	789	27	9033.0
131	390	27	4883.0
473	591	27	5357.0
591	798	27	6568.0
29	967	27	11254.0
347	851	27	2172.0
472	693	27	9884.0
116	938	27	6087.0
77	799	27	10821.0
162	203	27	1711.0
203	289	27	2008.0
361	548	27	5883.0
328	550	27	9581.0
0	367	27	4175.0
576	592	27	1677.0
462	887	27	1064.0
639	887	27	9058.0
171	700	27	4795.0
76	442	27	8656.0
846	992	27	10614.0
235	518	27	9647.0
830	972	27	2660.0
649	978	27	2060.0
280	469	27	9321.0
279	319	27	12203.0
108	371	27	6743.0
371	372	27	8302.0
248	323	27	9544.0
303	484	27	9596.0
303	822	27	10995.0
58	704	27	15663.0
374	587	27	10866.0
0	333	27	5962.0
107	334	27	11190.0
481	831	27	8396.0
739	775	27	6435.0
376	395	27	1003.0
158	909	27	9015.0
237	736	27	15679.0
540	815	27	10019.0
445	667	27	9210.0
888	971	27	9750.0
3	609	27	7372.0
430	498	27	8361.0
641	925	27	9796.0
313	780	27	10289.0
412	868	27	6672.0
452	866	27	7855.0
725	866	27	9455.0
232	260	27	8100.0
132	431	27	7922.0
856	1000	27	3387.0
205	845	27	9089.0
15	360	27	3064.0
44	683	27	12476.0
390	780	27	10383.0
11	386	27	6237.0
458	745	27	10621.0
325	335	27	7447.0
376	854	27	9974.0
338	861	27	3301.0
163	415	27	1820.0
415	501	27	10520.0
229	909	27	6791.0
351	962	27	8797.0
200	685	27	8120.0
755	931	27	5077.0
367	513	27	7856.0
513	515	27	8284.0
115	504	27	1417.0
666	694	27	1817.0
666	883	27	11845.0
44	712	27	9526.0
171	235	27	6414.0
28	778	27	13364.0
417	434	27	11111.0
1	457	27	8019.0
457	458	27	12040.0
2	295	27	3647.0
232	487	27	11855.0
656	896	27	9122.0
36	298	27	2013.0
485	736	27	6087.0
107	771	27	9322.0
57	727	27	7071.0
189	706	27	1645.0
524	880	27	6361.0
37	712	27	5486.0
103	543	27	7090.0
59	230	27	10704.0
230	274	27	13433.0
112	665	27	3772.0
652	687	27	10792.0
559	699	27	11881.0
294	394	27	3543.0
294	656	27	3068.0
395	745	27	1433.0
660	745	27	10735.0
601	733	27	6546.0
408	490	27	8337.0
252	590	27	4322.0
327	360	27	3625.0
1	714	27	7544.0
598	683	27	4744.0
46	205	27	7804.0
110	336	27	9078.0
316	664	27	5597.0
682	710	27	10781.0
88	749	27	12974.0
372	798	27	8832.0
590	798	27	9017.0
235	779	27	11215.0
27	731	27	8798.0
99	234	27	1719.0
138	769	27	3998.0
253	490	27	8052.0
466	836	27	6974.0
780	905	27	11602.0
131	313	27	4794.0
70	855	27	5080.0
216	934	27	8868.0
705	771	27	12970.0
265	779	27	10871.0
324	987	27	7666.0
43	403	27	10524.0
44	774	27	12848.0
245	946	27	7703.0
516	833	27	15254.0
521	940	27	11107.0
257	478	27	9470.0
583	683	27	8721.0
19	628	27	10821.0
599	634	27	9673.0
154	803	27	12390.0
416	510	27	1032.0
510	773	27	1073.0
488	962	27	7866.0
118	486	27	1852.0
844	962	27	2338.0
447	806	27	12831.0
332	549	27	10829.0
594	654	27	7012.0
401	680	27	11181.0
514	702	27	12752.0
271	718	27	10800.0
239	979	27	4512.0
338	923	27	4463.0
34	604	27	5340.0
412	665	27	6852.0
373	383	27	9539.0
198	706	27	10971.0
280	736	27	2079.0
197	216	27	10591.0
175	1002	27	9448.0
560	596	27	8846.0
758	867	27	11758.0
787	882	27	6936.0
60	432	27	2945.0
592	609	27	10564.0
9	118	27	6555.0
808	931	27	5961.0
891	893	27	14778.0
684	996	27	11459.0
178	355	27	1739.0
599	606	27	9516.0
107	724	27	6250.0
3	234	27	2732.0
614	834	27	13493.0
495	515	27	6585.0
783	981	27	7982.0
351	488	27	13623.0
38	187	27	2430.0
426	538	27	11351.0
305	753	27	7379.0
312	515	27	8567.0
60	521	27	8857.0
603	708	27	6696.0
349	352	27	2337.0
14	254	27	9762.0
423	847	27	1502.0
312	327	27	5252.0
456	653	27	10313.0
185	307	27	2919.0
478	510	27	1032.0
268	562	27	8803.0
8	902	27	8170.0
121	640	27	7962.0
730	839	27	10136.0
205	350	27	9746.0
480	812	27	6946.0
662	834	27	16091.0
575	762	27	7486.0
449	990	27	13566.0
65	395	27	12126.0
285	302	27	9168.0
304	596	27	10086.0
530	642	27	9699.0
219	228	27	4346.0
830	980	27	2265.0
104	663	27	6274.0
369	433	27	8173.0
44	375	27	7217.0
44	646	27	7509.0
601	948	27	12757.0
96	467	27	4415.0
96	664	27	4427.0
96	842	27	4588.0
635	665	27	7865.0
329	636	27	11977.0
159	827	27	8319.0
500	886	27	10708.0
849	905	27	11244.0
485	688	26	13677.0
108	153	26	4393.0
95	261	26	1448.0
226	909	26	2308.0
68	481	26	8448.0
65	956	26	12020.0
820	933	26	13518.0
477	493	26	11809.0
725	756	26	11741.0
192	467	26	1259.0
75	755	26	6480.0
497	603	26	3812.0
26	330	26	7205.0
78	944	26	9991.0
586	746	26	8044.0
256	292	26	9573.0
114	542	26	7133.0
755	808	26	9846.0
2	443	26	3623.0
103	544	26	6535.0
314	813	26	6907.0
187	377	26	10775.0
220	888	26	8799.0
623	935	26	8032.0
525	726	26	1360.0
227	347	26	3602.0
118	445	26	6429.0
186	812	26	12066.0
395	915	26	14004.0
457	745	26	11124.0
17	568	26	12511.0
25	770	26	6208.0
745	854	26	12968.0
668	739	26	9065.0
48	193	26	7421.0
48	231	26	7169.0
238	735	26	6396.0
360	631	26	6482.0
269	480	26	9190.0
43	960	26	10506.0
713	915	26	1694.0
492	687	26	12059.0
647	876	26	10727.0
659	790	26	7228.0
177	829	26	10883.0
445	578	26	6838.0
607	715	26	3201.0
853	859	26	10199.0
259	396	26	10918.0
134	510	26	1521.0
158	775	26	1428.0
191	328	26	9659.0
664	899	26	5760.0
500	961	26	10382.0
158	926	26	3357.0
289	856	26	11431.0
367	508	26	4302.0
530	862	26	9537.0
99	923	26	3360.0
358	784	26	7753.0
39	624	26	6253.0
675	926	26	8352.0
420	629	26	10216.0
613	616	26	1928.0
265	917	26	4026.0
624	779	26	6740.0
128	792	26	7812.0
370	631	26	13868.0
321	706	26	1231.0
46	136	26	7650.0
551	689	26	10081.0
94	554	26	6622.0
272	374	26	11597.0
557	813	26	6952.0
456	561	26	7148.0
432	575	26	3003.0
306	508	26	4147.0
144	932	26	11293.0
380	936	26	7266.0
23	467	26	7061.0
586	683	26	12174.0
304	667	26	11902.0
184	980	26	5963.0
384	423	26	1491.0
182	961	26	10426.0
795	883	26	7567.0
445	1001	26	7992.0
216	607	26	10780.0
564	984	26	8411.0
429	996	26	10710.0
4	215	26	12404.0
647	654	26	2359.0
167	794	26	10806.0
735	946	26	7703.0
34	208	26	5342.0
37	675	26	2999.0
675	748	26	6754.0
525	639	26	7943.0
603	966	26	4275.0
542	892	26	7404.0
171	377	26	13436.0
714	981	26	10124.0
440	579	26	9107.0
414	589	26	5422.0
127	809	26	8144.0
284	809	26	10112.0
610	809	26	9863.0
578	837	26	12639.0
886	948	26	5001.0
16	726	26	2825.0
478	825	26	12377.0
526	605	26	10737.0
174	859	26	8134.0
266	438	26	9719.0
441	480	26	14079.0
155	734	26	14263.0
457	714	26	13869.0
644	825	26	17471.0
364	754	26	5186.0
34	359	26	5444.0
81	107	26	1347.0
411	919	26	5129.0
528	559	26	18836.0
252	798	26	6733.0
214	578	26	9435.0
418	554	26	7482.0
164	725	26	5826.0
613	931	26	6400.0
149	615	26	6701.0
534	877	26	10561.0
14	754	26	9257.0
35	693	26	6468.0
385	957	26	11035.0
226	874	26	4887.0
229	874	26	9160.0
173	862	26	4952.0
209	598	26	8107.0
253	708	26	8056.0
84	474	26	8320.0
861	965	26	11476.0
76	465	26	8899.0
141	936	26	4781.0
494	895	26	4239.0
44	775	26	14227.0
550	744	26	17172.0
558	793	26	12105.0
375	786	26	6474.0
775	786	26	13034.0
227	294	26	2517.0
151	854	26	6258.0
128	997	26	7550.0
17	991	26	14290.0
170	748	26	1746.0
395	911	26	12320.0
70	917	26	8776.0
105	396	26	8437.0
240	741	26	8332.0
720	728	26	3334.0
272	481	26	11333.0
589	605	26	10737.0
285	349	26	10080.0
117	413	26	7824.0
733	862	26	8918.0
49	576	26	5989.0
245	494	26	2856.0
623	763	26	3600.0
429	768	26	5557.0
429	930	26	3250.0
481	729	26	10468.0
336	791	26	6900.0
628	777	26	11308.0
777	930	26	11236.0
894	951	26	7641.0
153	798	26	8000.0
493	630	26	10205.0
450	638	26	7362.0
842	899	26	5200.0
316	424	26	9519.0
384	395	26	1395.0
120	267	26	3578.0
267	311	26	7823.0
606	634	26	10147.0
756	990	26	12954.0
357	863	26	9594.0
326	555	26	6867.0
317	340	26	9334.0
176	666	26	4859.0
554	732	26	8853.0
326	354	26	6826.0
443	504	26	1944.0
247	359	26	5635.0
856	954	26	4777.0
529	533	26	10357.0
165	198	26	2074.0
518	779	26	4326.0
503	787	26	10450.0
423	639	26	11121.0
639	1000	26	13515.0
136	845	26	8015.0
166	745	26	1485.0
50	623	26	7365.0
106	287	26	1487.0
367	631	26	5445.0
606	738	26	10475.0
421	830	26	2371.0
537	728	26	7795.0
60	593	26	5963.0
583	786	26	9376.0
689	878	26	10544.0
597	775	26	6590.0
225	526	26	5543.0
252	589	26	5424.0
252	754	26	4869.0
590	879	26	9246.0
400	803	26	13705.0
518	700	26	4155.0
518	881	26	5438.0
396	722	26	11753.0
93	561	26	7080.0
126	819	26	9214.0
315	806	26	9556.0
746	774	26	8108.0
673	807	26	11875.0
557	568	26	14094.0
768	777	26	13950.0
238	620	26	6118.0
29	676	26	11089.0
282	349	26	3176.0
589	973	26	5554.0
40	466	26	8886.0
639	954	26	8663.0
680	914	26	10491.0
79	176	26	10475.0
79	279	26	5007.0
530	968	26	1238.0
264	342	26	6595.0
556	579	26	10641.0
271	955	26	18514.0
728	972	26	7680.0
449	725	26	12804.0
531	678	26	9161.0
544	638	26	11024.0
481	587	26	10355.0
498	698	26	4815.0
362	763	26	3659.0
855	863	26	9953.0
110	849	26	3138.0
471	738	26	11044.0
723	725	26	8085.0
319	707	26	4289.0
369	681	25	10536.0
39	632	25	1621.0
589	591	25	5548.0
105	629	25	8160.0
259	629	25	11382.0
629	722	25	13108.0
225	798	25	5864.0
14	879	25	3098.0
120	141	25	3043.0
120	626	25	3796.0
95	221	25	8861.0
148	278	25	5341.0
265	632	25	2282.0
351	550	25	14814.0
363	842	25	1273.0
570	758	25	12239.0
677	827	25	10139.0
313	430	25	9147.0
635	912	25	7846.0
294	347	25	2940.0
241	980	25	3607.0
430	791	25	4471.0
64	688	25	8463.0
568	991	25	17291.0
260	383	25	7815.0
203	539	25	4417.0
368	397	25	9312.0
226	646	25	2332.0
176	707	25	10142.0
214	596	25	15825.0
286	328	25	9659.0
286	550	25	14352.0
98	910	25	6631.0
748	786	25	13027.0
238	946	25	4263.0
640	813	25	9119.0
48	456	25	7239.0
50	239	25	4383.0
231	760	25	3471.0
591	605	25	4066.0
412	922	25	8712.0
16	761	25	8442.0
146	555	25	6286.0
125	313	25	8948.0
878	943	25	13464.0
278	999	25	4788.0
571	725	25	8732.0
456	802	25	8714.0
44	209	25	8229.0
386	750	25	8294.0
665	693	25	7141.0
23	85	25	1693.0
23	885	25	1512.0
560	667	25	9076.0
40	837	25	2127.0
199	496	25	5952.0
226	675	25	4848.0
432	940	25	3095.0
175	855	25	9459.0
262	613	25	3938.0
675	712	25	5620.0
366	690	25	2623.0
687	963	25	11388.0
88	355	25	14271.0
295	743	25	2011.0
252	710	25	11261.0
4	8	25	7440.0
8	695	25	7318.0
117	414	25	7953.0
117	710	25	9707.0
444	983	25	9560.0
669	689	25	9234.0
17	204	25	6060.0
240	336	25	11638.0
500	948	25	2414.0
123	874	25	2358.0
508	631	25	10500.0
165	326	25	5054.0
121	991	25	8071.0
568	701	25	12417.0
241	421	25	3802.0
188	805	25	1805.0
478	773	25	6717.0
104	800	25	6186.0
159	742	25	1136.0
590	973	25	7827.0
39	410	25	3420.0
204	640	25	11615.0
167	352	25	2278.0
683	748	25	8742.0
269	647	25	1396.0
146	326	25	2300.0
118	837	25	7219.0
125	498	25	4302.0
336	499	25	9188.0
253	907	25	6767.0
252	413	25	9818.0
413	879	25	7077.0
316	899	25	10891.0
778	873	25	13677.0
371	563	25	7399.0
563	751	25	7328.0
576	894	25	8114.0
216	974	25	3975.0
237	485	25	2687.0
467	899	25	6560.0
182	968	25	10593.0
941	997	25	10828.0
275	540	25	11786.0
225	591	25	12778.0
203	423	25	3320.0
794	965	25	9737.0
838	856	25	11094.0
845	983	25	9080.0
67	575	25	2155.0
53	342	25	3803.0
69	355	25	11346.0
318	585	25	9617.0
128	920	25	8063.0
909	998	25	3306.0
185	213	25	4463.0
653	852	25	10744.0
225	710	25	11237.0
310	529	25	3852.0
292	799	25	9689.0
133	831	25	7307.0
253	408	25	8008.0
414	754	25	4628.0
197	255	25	2069.0
328	744	25	9670.0
17	701	25	10991.0
661	902	25	10878.0
240	791	25	6845.0
162	539	25	3370.0
399	730	25	11907.0
88	696	25	13110.0
262	493	25	13573.0
147	421	25	5970.0
119	820	25	16559.0
100	808	25	10661.0
462	954	25	3248.0
804	883	25	6460.0
504	703	25	3956.0
316	865	25	10646.0
491	893	25	12078.0
79	645	25	11519.0
79	707	25	9636.0
643	967	25	11027.0
83	252	25	9524.0
583	691	25	3066.0
740	844	25	7746.0
683	786	25	11560.0
97	173	25	2987.0
180	953	25	9980.0
192	316	25	5179.0
327	508	25	6472.0
321	555	25	1295.0
269	441	25	9257.0
127	702	25	8751.0
474	871	25	6237.0
733	948	25	6770.0
209	375	25	14123.0
752	999	25	1553.0
180	817	25	2770.0
366	501	25	4410.0
740	962	25	6186.0
578	1001	25	7584.0
121	617	25	7906.0
450	543	25	7776.0
254	413	25	5482.0
531	637	25	10180.0
467	975	25	12600.0
14	252	25	5556.0
14	414	25	5592.0
329	448	25	9700.0
654	994	25	7094.0
746	748	25	7908.0
620	818	25	2402.0
633	755	25	9665.0
516	988	25	16318.0
189	326	25	9362.0
733	800	25	3836.0
5	559	25	12986.0
497	999	25	4465.0
572	579	25	1132.0
564	623	25	8246.0
379	912	25	4623.0
243	517	25	12752.0
254	973	25	5609.0
675	775	25	4173.0
611	736	25	5967.0
186	956	25	9573.0
683	691	25	9075.0
12	962	25	2409.0
780	791	25	4544.0
112	722	25	1087.0
172	812	25	9084.0
573	811	25	2852.0
733	945	25	9446.0
561	852	25	7841.0
143	930	25	2463.0
327	333	25	4652.0
97	137	25	2591.0
137	733	25	7375.0
598	786	25	9212.0
786	874	25	1716.0
212	228	25	4426.0
668	746	25	1173.0
404	573	25	11398.0
402	944	25	5290.0
725	797	25	9195.0
302	338	25	8855.0
626	650	25	7162.0
143	511	25	2420.0
655	789	25	9012.0
789	993	25	10077.0
521	575	25	7209.0
521	694	25	9713.0
413	473	25	2235.0
25	724	25	6075.0
83	754	25	5186.0
639	838	25	8635.0
39	518	25	6916.0
663	945	25	3139.0
67	823	25	2071.0
683	739	25	9805.0
282	592	25	3799.0
592	965	25	1798.0
38	479	25	2482.0
38	700	25	2374.0
473	563	25	5876.0
563	590	25	6566.0
172	788	25	7248.0
118	596	25	4929.0
423	954	25	4566.0
163	323	25	8024.0
935	979	25	10603.0
263	480	25	9878.0
364	590	25	4678.0
33	648	25	6840.0
214	445	25	10411.0
546	994	25	4453.0
234	282	25	11717.0
700	977	25	4057.0
306	370	25	7294.0
327	370	25	6646.0
258	448	25	5118.0
448	975	25	11002.0
478	806	25	9223.0
660	981	25	10124.0
263	876	25	3842.0
184	537	25	7401.0
302	861	25	2827.0
592	861	25	3769.0
295	443	25	4728.0
381	619	25	12001.0
601	961	25	5590.0
156	203	25	4959.0
169	806	24	7240.0
407	975	24	4532.0
945	968	24	9268.0
548	934	24	10002.0
225	590	24	3824.0
682	798	24	5053.0
663	968	24	3923.0
302	965	24	1044.0
42	397	24	10297.0
74	757	24	11776.0
549	921	24	9578.0
326	776	24	8108.0
648	709	24	9015.0
568	813	24	4455.0
350	845	24	9243.0
83	225	24	8746.0
313	791	24	4474.0
586	739	24	5482.0
206	539	24	4085.0
868	912	24	3984.0
12	488	24	7940.0
136	444	24	7376.0
118	949	24	7052.0
52	325	24	4959.0
279	883	24	11908.0
462	854	24	1471.0
281	418	24	7155.0
304	466	24	6010.0
39	779	24	11408.0
627	694	24	6919.0
780	849	24	7915.0
591	710	24	11241.0
84	132	24	5437.0
78	344	24	10269.0
279	666	24	12656.0
65	660	24	1344.0
188	757	24	11165.0
763	979	24	2904.0
204	701	24	2398.0
701	813	24	2866.0
186	269	24	1551.0
215	353	24	11953.0
329	885	24	11222.0
167	592	24	3796.0
557	617	24	10827.0
617	813	24	9119.0
438	910	24	8830.0
418	565	24	7563.0
44	739	24	5780.0
308	798	24	6421.0
407	826	24	8044.0
44	909	24	4602.0
209	909	24	8653.0
591	751	24	1841.0
34	925	24	2949.0
162	572	24	9357.0
813	991	24	9103.0
101	679	24	8810.0
85	975	24	10448.0
38	977	24	2422.0
610	702	24	10079.0
708	994	24	4950.0
104	642	24	6242.0
104	964	24	6306.0
642	964	24	9918.0
247	604	24	8136.0
241	720	24	12587.0
166	764	24	11588.0
457	785	24	11549.0
302	352	24	2267.0
302	717	24	1664.0
429	628	24	3208.0
3	282	24	2784.0
3	352	24	2337.0
338	717	24	1669.0
717	861	24	1591.0
566	940	24	8865.0
627	940	24	8732.0
601	663	24	14048.0
296	489	24	995.0
62	628	24	1165.0
49	894	24	5678.0
299	929	24	3925.0
757	914	24	10516.0
457	981	24	10055.0
234	349	24	3176.0
307	388	24	2763.0
40	118	24	1952.0
121	204	24	8686.0
11	270	24	5975.0
421	980	24	9103.0
541	844	24	9829.0
264	482	24	6969.0
100	633	24	9747.0
182	733	24	10817.0
500	733	24	13880.0
597	691	24	8192.0
521	593	24	6796.0
22	513	24	5675.0
289	954	24	2368.0
6	421	24	1800.0
511	996	24	9967.0
463	543	24	8294.0
523	961	24	7608.0
258	842	24	2370.0
377	977	24	10743.0
111	637	24	8074.0
791	905	24	4129.0
514	610	24	9898.0
41	352	24	3588.0
9	836	24	5523.0
169	315	24	7029.0
334	548	24	5095.0
37	583	24	5603.0
77	781	24	11055.0
182	759	24	7371.0
245	620	24	6527.0
707	795	24	10185.0
470	671	24	8784.0
16	395	24	2812.0
390	849	24	6306.0
430	849	24	10271.0
569	742	24	12361.0
539	954	24	4457.0
612	834	24	12245.0
297	529	24	3793.0
812	956	24	1150.0
440	784	24	7916.0
154	517	24	11393.0
466	837	24	5175.0
467	885	24	9401.0
402	829	24	11155.0
238	814	24	6138.0
112	379	24	3690.0
473	751	24	7141.0
233	791	24	4369.0
734	793	24	12765.0
413	754	24	5186.0
255	361	24	1143.0
361	974	24	3243.0
622	752	24	5481.0
0	515	24	4428.0
650	936	24	5049.0
398	717	24	6762.0
180	678	24	3082.0
170	586	24	4716.0
108	751	24	6840.0
661	903	24	8061.0
159	654	24	1044.0
263	546	24	6851.0
413	798	24	2994.0
414	798	24	2953.0
742	897	24	1875.0
675	746	24	3166.0
153	591	24	4045.0
346	777	24	8043.0
120	369	24	3041.0
283	688	24	9692.0
282	285	24	3263.0
447	478	24	12909.0
383	487	24	9876.0
560	578	24	9695.0
357	651	24	11396.0
651	863	24	12674.0
349	609	24	9850.0
254	605	24	10180.0
78	512	24	10468.0
695	903	24	7684.0
69	696	24	11133.0
196	498	24	10140.0
40	667	24	14005.0
596	949	24	6619.0
258	467	24	10734.0
342	482	24	7432.0
63	943	24	8049.0
761	970	24	10406.0
252	591	24	12508.0
241	537	24	5053.0
14	973	24	5573.0
561	802	24	8015.0
153	473	24	8557.0
229	748	24	1279.0
229	840	24	1321.0
150	473	24	6942.0
563	591	24	1121.0
777	996	24	7409.0
71	457	24	7620.0
457	854	24	10345.0
82	648	24	8424.0
648	737	24	8613.0
648	906	24	6469.0
110	233	24	7323.0
684	918	24	8996.0
338	352	24	2315.0
112	693	24	3872.0
55	992	24	10594.0
79	721	24	7635.0
223	428	24	5592.0
609	965	24	2560.0
195	291	24	4062.0
124	962	24	2321.0
669	878	24	13640.0
85	448	24	9986.0
581	923	24	11937.0
145	982	24	9908.0
143	228	24	3834.0
153	308	24	5208.0
197	705	24	7923.0
321	406	24	5612.0
24	340	24	7003.0
525	714	24	1348.0
282	338	24	3335.0
588	750	24	9203.0
579	887	24	3180.0
561	653	24	8009.0
34	345	24	2865.0
361	771	24	7722.0
233	780	24	11928.0
692	957	24	2982.0
598	909	24	3743.0
675	774	24	7410.0
206	856	24	11111.0
225	371	24	1087.0
338	794	24	3146.0
794	861	24	8924.0
204	557	24	6572.0
196	698	24	7692.0
96	363	24	1155.0
230	303	24	7862.0
376	956	24	1000.0
457	567	24	7813.0
167	861	24	10130.0
110	791	24	11357.0
791	849	24	1497.0
164	452	24	5874.0
3	167	24	2793.0
642	862	23	13459.0
450	463	23	7606.0
109	260	23	8009.0
10	459	23	9764.0
459	957	23	8834.0
13	434	23	8907.0
39	171	23	3588.0
171	265	23	3610.0
349	717	23	1664.0
545	570	23	3420.0
405	624	23	7032.0
164	990	23	5890.0
231	456	23	10150.0
12	134	23	1652.0
360	515	23	7901.0
23	448	23	2672.0
150	773	23	1619.0
525	854	23	1463.0
726	854	23	1414.0
214	667	23	16981.0
4	903	23	12048.0
283	736	23	12909.0
221	248	23	1852.0
231	900	23	10514.0
66	388	23	1324.0
543	924	23	9317.0
196	849	23	11667.0
577	679	23	11893.0
69	749	23	11018.0
242	492	23	8745.0
277	474	23	10861.0
197	340	23	1593.0
203	639	23	7260.0
539	639	23	6729.0
214	836	23	11638.0
241	728	23	2760.0
601	759	23	2373.0
939	986	23	11068.0
314	701	23	8125.0
227	896	23	2661.0
286	962	23	7338.0
500	759	23	7758.0
191	962	23	6007.0
204	991	23	8557.0
379	635	23	8713.0
111	817	23	8584.0
172	402	23	3442.0
43	218	23	10533.0
289	539	23	3680.0
213	216	23	4807.0
17	813	23	5910.0
41	356	23	3295.0
41	398	23	3335.0
737	987	23	8295.0
178	625	23	1729.0
23	258	23	6876.0
96	722	23	3793.0
47	659	23	5921.0
516	820	23	15725.0
727	957	23	12033.0
460	491	23	12912.0
233	498	23	10147.0
298	825	23	11756.0
206	579	23	1463.0
315	773	23	7047.0
156	838	23	4944.0
117	225	23	9544.0
216	705	23	8691.0
810	830	23	7423.0
669	943	23	13545.0
410	479	23	3121.0
410	881	23	4562.0
400	455	23	11419.0
474	787	23	7090.0
298	315	23	8320.0
431	474	23	8863.0
521	762	23	9626.0
139	435	23	8059.0
104	862	23	5580.0
323	415	23	12574.0
434	655	23	11799.0
47	582	23	6163.0
416	825	23	12250.0
314	568	23	9672.0
93	852	23	6930.0
110	499	23	8857.0
527	931	23	6642.0
131	233	23	12058.0
189	321	23	7532.0
199	288	23	10572.0
363	970	23	1656.0
69	625	23	11165.0
377	632	23	10789.0
185	388	23	4008.0
436	962	23	11090.0
52	318	23	4802.0
301	992	23	11345.0
199	967	23	6434.0
253	594	23	4564.0
578	667	23	6192.0
145	719	23	10104.0
59	570	23	10253.0
53	428	23	3759.0
642	945	23	9055.0
429	918	23	9080.0
186	441	23	5484.0
605	682	23	5194.0
148	497	23	4333.0
485	985	23	3196.0
188	580	23	3486.0
704	718	23	12311.0
191	488	23	10119.0
563	879	23	6462.0
484	867	23	1706.0
168	198	23	8769.0
168	354	23	8955.0
642	663	23	11159.0
395	785	23	1431.0
681	936	23	11452.0
405	618	23	5274.0
14	605	23	9156.0
642	759	23	6482.0
293	932	23	8926.0
52	514	23	1130.0
771	934	23	11578.0
41	717	23	3520.0
575	666	23	1753.0
414	605	23	5063.0
551	878	23	11526.0
139	244	23	8923.0
96	258	23	1736.0
15	606	23	8655.0
941	971	23	3339.0
329	865	23	2135.0
81	216	23	7389.0
311	681	23	4333.0
626	681	23	6958.0
39	337	23	3882.0
90	192	23	2523.0
663	886	23	4687.0
411	533	23	10357.0
498	780	23	5881.0
316	636	23	1157.0
190	874	23	3809.0
567	981	23	5949.0
258	407	23	8101.0
269	546	23	7610.0
117	754	23	4374.0
735	929	23	4428.0
837	1001	23	7475.0
282	861	23	9376.0
444	845	23	10008.0
43	877	23	10357.0
99	352	23	1733.0
151	384	23	8510.0
151	458	23	8551.0
456	942	23	7640.0
715	974	23	3279.0
18	772	23	10172.0
445	466	23	9029.0
346	628	23	6210.0
180	341	23	2727.0
691	775	23	7398.0
344	512	23	11898.0
818	829	23	9885.0
147	728	23	5958.0
458	915	23	1088.0
688	985	23	11759.0
162	954	23	2043.0
773	825	23	13129.0
37	598	23	5478.0
19	511	23	11649.0
551	669	23	9666.0
669	733	23	1493.0
689	733	23	1509.0
448	636	23	10369.0
366	415	23	5381.0
9	949	23	9276.0
35	635	23	6673.0
36	210	23	7307.0
214	1001	23	8761.0
125	196	23	7116.0
6	537	23	3053.0
96	595	23	1314.0
217	235	23	10069.0
691	786	23	5693.0
85	316	23	1219.0
153	751	23	5674.0
3	965	23	1078.0
576	965	23	3138.0
467	865	23	11016.0
19	429	23	4080.0
188	778	23	2134.0
39	405	23	10567.0
523	948	23	12277.0
523	964	23	8798.0
423	457	23	1552.0
197	934	23	8043.0
22	312	23	6798.0
22	508	23	3576.0
646	998	23	3335.0
302	349	23	8781.0
393	997	23	10794.0
468	793	23	13418.0
200	213	23	4463.0
719	989	23	9535.0
358	556	23	9397.0
396	629	23	13099.0
68	133	23	6610.0
66	185	23	1411.0
559	927	23	15540.0
229	646	23	6547.0
71	660	23	5829.0
87	603	23	5914.0
349	581	23	8818.0
341	608	23	2198.0
175	863	23	9220.0
457	660	23	12860.0
4	353	23	14495.0
167	282	23	11530.0
34	641	23	2647.0
616	755	23	1284.0
419	816	23	4088.0
117	879	23	8526.0
16	801	23	8744.0
602	685	23	10042.0
48	760	23	1207.0
91	299	23	1298.0
99	986	23	2109.0
97	961	22	5956.0
394	772	22	2685.0
150	825	22	1828.0
663	733	22	6447.0
422	716	22	11269.0
225	372	22	3783.0
46	224	22	7715.0
225	605	22	5063.0
792	941	22	11507.0
120	178	22	3643.0
584	686	22	10876.0
37	840	22	5520.0
285	861	22	3220.0
457	525	22	1498.0
457	726	22	1359.0
19	930	22	11021.0
626	936	22	7080.0
527	633	22	11566.0
613	633	22	14108.0
300	481	22	11333.0
209	998	22	7754.0
575	593	22	4708.0
114	995	22	7183.0
539	838	22	6601.0
331	615	22	10388.0
331	766	22	8696.0
110	131	22	2324.0
172	944	22	6789.0
182	886	22	10749.0
167	478	22	1298.0
85	636	22	10933.0
297	919	22	4000.0
169	773	22	5315.0
297	411	22	3620.0
344	402	22	5953.0
566	762	22	7640.0
569	677	22	1465.0
569	889	22	1479.0
173	500	22	10130.0
315	416	22	6698.0
746	786	22	7902.0
59	867	22	10300.0
245	735	22	10235.0
264	428	22	6410.0
213	705	22	4988.0
667	1001	22	7059.0
270	386	22	11067.0
727	796	22	7735.0
407	448	22	2456.0
390	791	22	4483.0
806	825	22	13391.0
116	674	22	6357.0
461	494	22	4089.0
431	658	22	15648.0
328	436	22	4508.0
510	962	22	3972.0
417	789	22	10253.0
143	219	22	4076.0
117	153	22	1910.0
153	225	22	3785.0
77	256	22	11024.0
108	798	22	5512.0
583	668	22	2650.0
436	510	22	1810.0
285	581	22	9775.0
244	435	22	10312.0
89	447	22	8364.0
85	407	22	1406.0
436	740	22	3655.0
311	936	22	3799.0
47	505	22	6149.0
286	488	22	13913.0
72	79	22	1953.0
537	830	22	3691.0
24	317	22	7674.0
826	865	22	7120.0
546	907	22	4527.0
333	631	22	7210.0
542	672	22	7914.0
89	169	22	4908.0
172	713	22	8813.0
376	981	22	5341.0
214	837	22	8490.0
218	403	22	13509.0
424	865	22	4945.0
348	695	22	8937.0
220	270	22	8370.0
640	991	22	9318.0
52	335	22	4809.0
172	512	22	7095.0
333	513	22	9543.0
316	595	22	5991.0
253	654	22	8027.0
298	742	22	2004.0
292	913	22	9998.0
407	865	22	10747.0
213	388	22	3989.0
140	708	22	1409.0
523	530	22	9121.0
531	674	22	5652.0
488	744	22	15088.0
256	799	22	8550.0
10	692	22	10273.0
505	790	22	6845.0
324	737	22	9431.0
636	885	22	12041.0
663	759	22	2269.0
436	552	22	1254.0
117	526	22	4706.0
83	710	22	8914.0
456	558	22	1818.0
234	592	22	3799.0
663	964	22	10405.0
393	792	22	11271.0
465	742	22	3169.0
77	292	22	12031.0
80	764	22	1247.0
445	596	22	8876.0
196	430	22	10749.0
334	391	22	7073.0
203	462	22	1970.0
1	376	22	1115.0
151	376	22	3950.0
376	745	22	9948.0
164	571	22	5780.0
72	645	22	5760.0
67	521	22	2222.0
282	894	22	1362.0
555	776	22	13419.0
257	773	22	6841.0
109	487	22	8364.0
182	945	22	8580.0
774	874	22	1718.0
536	603	22	7617.0
814	929	22	4428.0
550	986	22	3266.0
360	606	22	4134.0
212	451	22	7698.0
199	676	22	7143.0
761	916	22	10499.0
302	478	22	1320.0
320	864	22	10359.0
641	969	22	8204.0
221	261	22	3386.0
221	415	22	10681.0
457	783	22	9676.0
395	423	22	1407.0
423	745	22	1480.0
341	953	22	11216.0
204	857	22	8645.0
209	646	22	11635.0
282	302	22	2910.0
282	794	22	10299.0
948	961	22	5721.0
47	790	22	6053.0
334	974	22	5314.0
841	978	22	2827.0
137	945	22	7537.0
653	697	22	2733.0
384	726	22	1360.0
35	412	22	6486.0
338	986	22	3238.0
510	744	22	1292.0
46	983	22	7919.0
316	448	22	2307.0
137	500	22	7039.0
325	585	22	9234.0
166	525	22	11742.0
190	998	22	3139.0
27	320	22	9718.0
229	786	22	1887.0
531	938	22	4514.0
648	858	22	6219.0
104	523	22	5792.0
764	887	22	2765.0
412	912	22	6869.0
23	842	22	1143.0
668	774	22	1538.0
117	364	22	9417.0
117	589	22	4644.0
432	762	22	3004.0
574	939	22	11305.0
537	810	22	1755.0
628	996	22	5978.0
281	732	22	7859.0
138	752	22	3573.0
221	501	22	10535.0
786	840	22	10909.0
408	994	22	7770.0
658	882	22	11285.0
97	104	22	4364.0
221	366	22	3858.0
209	748	22	8070.0
169	298	22	6844.0
843	865	22	8209.0
427	969	22	3296.0
107	974	22	9065.0
254	589	22	13208.0
407	899	22	8537.0
186	911	22	8145.0
364	751	22	2363.0
494	946	22	2070.0
393	920	22	14616.0
75	872	22	5688.0
213	771	22	5085.0
87	140	22	1198.0
87	594	22	4712.0
225	751	22	1525.0
597	683	22	9845.0
456	734	22	3577.0
46	845	22	7794.0
134	550	22	8881.0
203	572	22	2007.0
354	776	22	12434.0
409	520	22	10512.0
192	664	22	1132.0
329	467	22	9246.0
44	597	22	5816.0
23	826	22	8235.0
99	302	22	8027.0
627	823	22	8351.0
85	258	22	3990.0
110	498	22	1282.0
298	644	22	10423.0
191	744	22	11793.0
538	937	22	9603.0
362	802	22	3264.0
169	644	21	7198.0
227	772	21	2684.0
30	957	21	9515.0
343	510	21	4788.0
543	944	21	2645.0
69	88	21	9409.0
252	605	21	5063.0
27	190	21	8962.0
402	767	21	9785.0
304	445	21	3190.0
210	569	21	9640.0
210	573	21	11286.0
261	690	21	2141.0
112	912	21	3755.0
686	957	21	8388.0
786	909	21	4456.0
88	625	21	14679.0
827	841	21	8225.0
375	909	21	8975.0
469	736	21	1786.0
9	596	21	9853.0
138	603	21	3604.0
402	924	21	4941.0
116	953	21	6151.0
586	668	21	6390.0
364	372	21	4640.0
184	421	21	6125.0
39	917	21	4517.0
88	516	21	3033.0
54	269	21	4907.0
733	943	21	1506.0
95	366	21	1987.0
134	541	21	6550.0
303	545	21	9412.0
484	545	21	11330.0
209	226	21	4881.0
65	376	21	1022.0
65	981	21	1033.0
376	726	21	984.0
78	788	21	10658.0
140	408	21	4281.0
777	918	21	3059.0
129	239	21	1909.0
129	763	21	1914.0
779	917	21	4682.0
576	875	21	4976.0
748	874	21	1118.0
295	821	21	1824.0
113	550	21	5239.0
550	923	21	2428.0
584	692	21	6647.0
7	893	21	12365.0
178	681	21	7142.0
267	681	21	3945.0
380	681	21	7070.0
219	365	21	4434.0
63	669	21	8580.0
525	954	21	1626.0
500	601	21	2289.0
153	973	21	6442.0
431	787	21	12999.0
613	808	21	12769.0
87	253	21	7949.0
436	541	21	6801.0
26	411	21	6835.0
72	707	21	2420.0
139	958	21	8990.0
234	717	21	1675.0
717	965	21	1046.0
802	942	21	9776.0
93	942	21	6987.0
852	942	21	9723.0
257	825	21	10917.0
580	873	21	10386.0
887	954	21	6496.0
321	326	21	7600.0
16	970	21	8603.0
321	776	21	3314.0
62	930	21	1220.0
125	233	21	8685.0
862	886	21	7078.0
467	826	21	13688.0
826	843	21	9514.0
125	791	21	3510.0
214	304	21	11013.0
278	603	21	3189.0
14	682	21	5585.0
37	586	21	4905.0
39	618	21	4503.0
523	642	21	11439.0
726	911	21	10307.0
477	613	21	3565.0
379	868	21	6694.0
902	903	21	10969.0
123	926	21	2355.0
676	967	21	11344.0
523	945	21	5267.0
668	786	21	5242.0
333	508	21	5862.0
35	868	21	6421.0
120	936	21	3814.0
234	302	21	2910.0
600	951	21	7552.0
465	573	21	4605.0
83	254	21	5517.0
203	887	21	6182.0
546	812	21	4332.0
579	856	21	2251.0
248	501	21	2452.0
25	334	21	4240.0
842	865	21	4180.0
35	112	21	2758.0
346	429	21	10599.0
701	857	21	2370.0
493	527	21	2008.0
384	911	21	1281.0
241	972	21	3991.0
212	219	21	3489.0
156	887	21	4904.0
28	873	21	12606.0
805	873	21	13696.0
110	905	21	6793.0
3	717	21	1664.0
99	717	21	1663.0
432	823	21	3004.0
200	403	21	1243.0
473	973	21	7123.0
655	702	21	7752.0
660	785	21	10793.0
605	710	21	5255.0
772	851	21	1223.0
209	775	21	5273.0
209	786	21	8426.0
574	581	21	5653.0
581	986	21	11101.0
12	436	21	3240.0
93	456	21	6011.0
150	497	21	1676.0
99	581	21	8429.0
209	712	21	7616.0
582	988	21	5707.0
143	365	21	3922.0
21	34	21	1295.0
345	427	21	3787.0
53	482	21	3777.0
428	482	21	9323.0
511	918	21	5655.0
52	251	21	4655.0
395	981	21	1036.0
313	498	21	4236.0
684	930	21	4162.0
436	550	21	10588.0
306	312	21	3828.0
256	781	21	10467.0
198	776	21	13809.0
404	889	21	1381.0
342	428	21	7200.0
567	745	21	5526.0
204	568	21	4032.0
675	683	21	2663.0
683	746	21	7614.0
308	364	21	1990.0
233	430	21	12927.0
523	601	21	12220.0
714	956	21	1335.0
785	956	21	1379.0
166	423	21	11547.0
655	809	21	8240.0
109	232	21	8052.0
379	412	21	10491.0
567	660	21	9250.0
425	647	21	3300.0
191	343	21	6452.0
191	550	21	10490.0
911	956	21	13294.0
143	996	21	2492.0
509	641	21	10697.0
232	383	21	9375.0
663	948	21	12493.0
865	975	21	4903.0
4	348	21	9479.0
146	657	21	6292.0
663	800	21	11836.0
22	515	21	6638.0
508	515	21	4955.0
152	549	21	10926.0
597	668	21	9736.0
425	654	21	4302.0
67	566	21	2102.0
19	777	21	12412.0
151	660	21	8436.0
86	767	21	7333.0
360	508	21	5261.0
90	424	21	2490.0
217	779	21	10607.0
101	577	21	8541.0
363	664	21	1670.0
539	1000	21	3757.0
652	963	21	11570.0
17	202	21	3247.0
558	734	21	13239.0
75	613	21	5774.0
18	656	21	9079.0
196	233	21	12467.0
196	791	21	2685.0
352	581	21	2116.0
115	821	21	1486.0
71	981	21	5074.0
480	647	21	1872.0
253	966	21	1658.0
425	546	21	4421.0
15	634	21	8855.0
421	728	21	8301.0
76	539	21	2666.0
436	488	21	7977.0
296	690	21	9614.0
639	856	21	7582.0
603	654	21	8829.0
137	948	21	1577.0
510	825	21	1240.0
667	949	21	7237.0
210	742	21	10879.0
646	909	20	9329.0
239	835	20	5918.0
48	848	20	7151.0
742	827	20	1570.0
83	526	20	5543.0
568	617	20	8376.0
75	808	20	2660.0
133	300	20	7082.0
505	841	20	1965.0
201	747	20	10314.0
530	886	20	1977.0
270	971	20	11925.0
886	964	20	1453.0
748	909	20	3768.0
377	479	20	4791.0
156	764	20	1748.0
149	211	20	6701.0
404	677	20	1441.0
949	1001	20	8936.0
258	636	20	4083.0
97	945	20	3605.0
294	772	20	1984.0
576	861	20	2416.0
101	937	20	9154.0
379	665	20	4396.0
178	696	20	1738.0
252	973	20	11990.0
191	351	20	10592.0
118	214	20	5770.0
447	825	20	16310.0
46	350	20	8123.0
4	502	20	14923.0
378	411	20	9389.0
411	529	20	15548.0
150	644	20	1567.0
583	739	20	2007.0
455	803	20	11264.0
23	329	20	1175.0
85	329	20	9833.0
385	459	20	10811.0
170	583	20	1221.0
427	509	20	4671.0
650	681	20	4969.0
675	840	20	6811.0
466	560	20	8614.0
111	608	20	2119.0
490	994	20	4771.0
453	460	20	11127.0
117	252	20	9336.0
146	422	20	6281.0
167	894	20	1352.0
148	999	20	3887.0
257	298	20	8354.0
175	357	20	9408.0
284	655	20	8439.0
200	388	20	4008.0
459	584	20	10548.0
202	273	20	2436.0
202	287	20	2923.0
95	415	20	8638.0
823	940	20	11006.0
494	735	20	4358.0
133	374	20	7062.0
316	363	20	5797.0
363	899	20	6446.0
9	578	20	10208.0
44	668	20	6711.0
38	171	20	2409.0
38	518	20	2382.0
112	472	20	3840.0
605	973	20	5177.0
9	445	20	10412.0
343	488	20	7980.0
523	800	20	9318.0
209	229	20	9166.0
621	859	20	11348.0
83	117	20	7551.0
270	750	20	9170.0
195	297	20	2947.0
274	890	20	1104.0
213	974	20	2724.0
234	894	20	1389.0
698	791	20	4500.0
458	726	20	1356.0
660	726	20	1358.0
233	390	20	11221.0
467	595	20	2058.0
133	729	20	7178.0
345	641	20	10651.0
84	431	20	8477.0
110	390	20	6931.0
56	673	20	7869.0
303	867	20	8029.0
123	158	20	1314.0
123	226	20	2331.0
123	229	20	2423.0
23	636	20	1366.0
291	411	20	3998.0
668	748	20	3063.0
229	598	20	1135.0
264	967	20	1766.0
279	721	20	12739.0
40	578	20	2262.0
78	402	20	4798.0
586	597	20	5656.0
502	661	20	9163.0
502	695	20	9293.0
502	903	20	10975.0
684	768	20	6468.0
471	634	20	9389.0
442	539	20	3057.0
576	951	20	4064.0
726	876	20	2079.0
768	918	20	3947.0
918	930	20	1710.0
489	501	20	1442.0
230	758	20	11915.0
209	583	20	4404.0
215	348	20	8668.0
167	285	20	3263.0
285	478	20	1320.0
166	384	20	1446.0
137	862	20	4535.0
313	849	20	6129.0
166	1000	20	11077.0
257	806	20	9228.0
423	785	20	1448.0
726	785	20	1414.0
209	874	20	10795.0
47	978	20	6208.0
918	996	20	10106.0
572	639	20	5303.0
803	913	20	2631.0
934	974	20	6608.0
129	603	20	971.0
92	275	20	7701.0
611	985	20	3038.0
376	525	20	1054.0
88	933	20	3121.0
568	857	20	3984.0
468	558	20	11572.0
40	949	20	3655.0
4	902	20	14209.0
112	412	20	3529.0
58	996	20	1827.0
609	794	20	4285.0
108	590	20	6052.0
62	429	20	7927.0
113	581	20	8256.0
338	478	20	1320.0
982	989	20	9149.0
37	786	20	4891.0
142	919	20	1126.0
101	426	20	8869.0
101	538	20	8497.0
646	840	20	7181.0
590	710	20	2215.0
654	966	20	4256.0
125	780	20	9107.0
334	705	20	2088.0
234	352	20	2278.0
210	897	20	3907.0
404	649	20	1428.0
404	841	20	1421.0
597	748	20	2735.0
377	410	20	9658.0
12	343	20	2778.0
367	370	20	6744.0
150	252	20	1176.0
252	372	20	4283.0
252	751	20	2015.0
628	918	20	1650.0
434	514	20	1911.0
463	924	20	6991.0
147	184	20	4574.0
95	296	20	7817.0
146	776	20	6809.0
550	740	20	2927.0
134	328	20	3000.0
328	343	20	4062.0
117	591	20	8464.0
117	682	20	9366.0
62	918	20	7924.0
37	774	19	5095.0
146	387	19	6178.0
7	453	19	11040.0
742	952	19	1006.0
710	879	19	8703.0
234	790	19	1976.0
284	514	19	9216.0
199	435	19	8776.0
408	966	19	4929.0
664	865	19	5023.0
335	585	19	9149.0
52	610	19	1090.0
237	688	19	11640.0
140	490	19	1249.0
792	997	19	8963.0
125	131	19	4973.0
207	288	19	2082.0
65	812	19	2066.0
573	742	19	12002.0
49	600	19	5350.0
25	391	19	6453.0
77	913	19	11447.0
838	1000	19	4582.0
887	1000	19	5066.0
277	431	19	10052.0
131	196	19	10574.0
592	794	19	3642.0
233	313	19	10075.0
271	704	19	9157.0
448	885	19	9822.0
162	579	19	989.0
54	441	19	4966.0
319	795	19	4909.0
523	733	19	8502.0
35	922	19	4621.0
192	899	19	5371.0
707	804	19	9442.0
125	849	19	6247.0
433	681	19	5169.0
344	788	19	11688.0
346	684	19	10799.0
205	444	19	8516.0
133	272	19	7205.0
173	523	19	5060.0
539	764	19	1453.0
129	835	19	1875.0
173	182	19	12060.0
35	379	19	6612.0
37	209	19	3793.0
352	861	19	2242.0
337	405	19	3546.0
110	125	19	6050.0
129	623	19	1931.0
329	975	19	11177.0
514	809	19	13331.0
23	899	19	1931.0
65	911	19	9731.0
137	182	19	8078.0
258	899	19	3152.0
67	940	19	2134.0
582	933	19	2317.0
19	996	19	6886.0
602	884	19	10133.0
257	644	19	8339.0
97	523	19	12658.0
346	768	19	8639.0
123	675	19	2308.0
360	634	19	3896.0
151	981	19	8653.0
466	578	19	6095.0
466	949	19	6715.0
107	705	19	6372.0
633	931	19	6038.0
539	572	19	3819.0
139	207	19	8789.0
182	642	19	9300.0
111	180	19	2658.0
274	545	19	1608.0
196	313	19	6887.0
384	956	19	1383.0
674	953	19	7692.0
221	296	19	9802.0
872	959	19	8772.0
224	444	19	9584.0
202	991	19	7906.0
417	610	19	1263.0
643	676	19	10727.0
209	675	19	16956.0
343	740	19	5929.0
394	896	19	2347.0
217	977	19	1163.0
187	235	19	2587.0
648	753	19	8264.0
710	798	19	4255.0
279	795	19	5595.0
263	713	19	3050.0
257	416	19	6493.0
647	915	19	2794.0
404	827	19	1530.0
138	898	19	3278.0
705	934	19	11653.0
104	530	19	6062.0
613	959	19	10176.0
589	978	19	2306.0
18	227	19	2624.0
18	394	19	2409.0
53	223	19	3828.0
219	451	19	4462.0
9	560	19	12516.0
379	922	19	5309.0
210	404	19	9626.0
71	956	19	1379.0
252	254	19	5518.0
586	675	19	3738.0
384	525	19	1475.0
97	642	19	11333.0
647	907	19	3187.0
214	466	19	11638.0
633	808	19	8874.0
510	859	19	4862.0
215	902	19	13501.0
9	40	19	7139.0
152	392	19	12625.0
152	486	19	10101.0
25	824	19	6496.0
25	869	19	6350.0
377	405	19	962.0
405	518	19	4071.0
222	859	19	10355.0
448	826	19	8270.0
516	582	19	4936.0
279	645	19	8358.0
279	707	19	4943.0
216	382	19	1733.0
836	1001	19	2058.0
51	963	19	7974.0
129	979	19	1701.0
476	834	19	9512.0
170	683	19	7695.0
150	591	19	1007.0
496	676	19	10639.0
800	961	19	2709.0
94	418	19	6425.0
339	992	19	11345.0
583	646	19	3244.0
613	630	19	1283.0
667	837	19	5691.0
235	632	19	4425.0
75	959	19	2437.0
407	885	19	1318.0
344	544	19	1574.0
87	994	19	4709.0
137	642	19	7331.0
202	557	19	5005.0
448	843	19	5948.0
523	862	19	13992.0
808	959	19	2329.0
519	550	19	5979.0
75	931	19	6077.0
562	673	19	8164.0
348	502	19	8826.0
691	746	19	1645.0
261	296	19	3520.0
296	415	19	10700.0
8	353	19	7722.0
708	966	19	2070.0
79	319	19	3940.0
302	609	19	8521.0
70	265	19	3059.0
306	367	19	2498.0
327	367	19	2717.0
468	734	19	13484.0
258	885	19	3920.0
543	638	19	8419.0
434	993	19	10762.0
651	943	19	1958.0
469	688	19	9436.0
117	605	19	4264.0
77	803	19	1202.0
478	581	18	1198.0
173	663	18	2569.0
296	501	18	10805.0
742	889	18	1401.0
377	881	18	6699.0
847	981	18	5403.0
651	1002	18	11142.0
145	381	18	8744.0
500	523	18	4522.0
156	639	18	5012.0
561	942	18	7948.0
653	942	18	7735.0
353	695	18	9707.0
306	360	18	2416.0
478	717	18	1353.0
278	644	18	1403.0
404	465	18	3732.0
242	963	18	9928.0
684	777	18	5796.0
372	710	18	2056.0
52	585	18	5197.0
544	944	18	2467.0
459	686	18	11365.0
137	663	18	2141.0
418	732	18	7547.0
308	563	18	7399.0
500	642	18	9029.0
148	773	18	1158.0
500	862	18	4596.0
168	555	18	8853.0
288	676	18	11467.0
254	710	18	5666.0
40	1001	18	2799.0
36	465	18	2380.0
381	982	18	10436.0
597	786	18	4921.0
296	366	18	4098.0
306	515	18	2484.0
405	779	18	11264.0
405	917	18	5287.0
459	727	18	10417.0
71	423	18	1472.0
345	969	18	8947.0
685	884	18	10172.0
156	162	18	1532.0
394	553	18	2134.0
363	407	18	3697.0
173	601	18	2650.0
253	603	18	6353.0
660	1000	18	1389.0
196	390	18	7235.0
304	560	18	2975.0
202	494	18	5320.0
71	166	18	1402.0
715	747	18	10624.0
329	407	18	1030.0
99	861	18	1696.0
654	742	18	1388.0
865	885	18	1505.0
22	333	18	6969.0
102	527	18	1379.0
37	683	18	4795.0
150	278	18	1555.0
168	706	18	8725.0
302	581	18	7768.0
512	544	18	1019.0
530	961	18	2698.0
526	591	18	5543.0
349	986	18	1931.0
9	466	18	10043.0
843	899	18	1257.0
616	633	18	1111.0
206	639	18	5440.0
289	639	18	5047.0
108	939	18	3654.0
349	923	18	3193.0
338	609	18	10118.0
167	349	18	3178.0
550	574	18	6029.0
100	959	18	9686.0
646	746	18	3192.0
576	609	18	1668.0
296	323	18	9578.0
231	734	18	1962.0
122	747	18	6914.0
480	546	18	7902.0
50	129	18	1947.0
334	934	18	3252.0
254	414	18	5596.0
258	826	18	10727.0
459	796	18	9879.0
432	694	18	3019.0
568	640	18	4680.0
640	701	18	3163.0
281	554	18	7136.0
129	984	18	1933.0
70	779	18	4024.0
22	367	18	6907.0
129	362	18	1724.0
302	923	18	2139.0
759	862	18	3811.0
138	622	18	3491.0
227	553	18	2438.0
151	567	18	5913.0
71	726	18	1357.0
90	316	18	2698.0
99	349	18	8732.0
350	444	18	8846.0
221	323	18	10755.0
920	971	18	3023.0
215	502	18	12037.0
94	281	18	6702.0
792	920	18	9226.0
493	613	18	5167.0
169	825	18	8199.0
330	411	18	9846.0
148	644	18	1291.0
488	550	18	16348.0
53	264	18	3600.0
538	679	18	13468.0
794	894	18	1362.0
955	996	18	2697.0
284	702	18	7879.0
9	667	18	9588.0
111	341	18	8610.0
488	541	18	3628.0
473	879	18	10094.0
248	296	18	2077.0
146	168	18	5456.0
646	775	18	4200.0
143	628	18	2462.0
67	762	18	2074.0
478	592	18	1344.0
529	919	18	5139.0
321	354	18	1349.0
70	1002	18	5382.0
35	912	18	3868.0
434	809	18	2730.0
425	708	18	2188.0
23	664	18	1195.0
89	825	18	9918.0
261	501	18	3927.0
666	707	18	3928.0
376	462	18	1015.0
1	847	18	1139.0
151	847	18	3931.0
102	808	18	1907.0
262	808	18	1582.0
214	949	18	9277.0
353	502	18	12948.0
115	743	18	1502.0
44	874	18	1862.0
39	70	18	3618.0
195	529	18	3764.0
310	411	18	3447.0
862	945	17	5601.0
282	717	17	1675.0
800	968	17	1249.0
39	377	17	3950.0
265	377	17	1867.0
808	872	17	6560.0
343	844	17	3207.0
86	829	17	6884.0
216	548	17	6613.0
842	843	17	1083.0
371	973	17	4213.0
115	471	17	4970.0
115	738	17	1329.0
209	926	17	7936.0
254	682	17	5587.0
265	337	17	3381.0
315	825	17	12447.0
65	764	17	1383.0
167	576	17	3792.0
108	113	17	3416.0
124	343	17	3319.0
88	988	17	3002.0
429	777	17	4858.0
677	742	17	1464.0
209	746	17	4252.0
686	692	17	10065.0
65	423	17	1410.0
376	423	17	995.0
423	981	17	1066.0
121	701	17	2199.0
899	970	17	1459.0
702	809	17	11934.0
167	717	17	1675.0
308	973	17	3181.0
66	213	17	1380.0
69	178	17	1724.0
9	1001	17	8921.0
18	553	17	9888.0
129	564	17	1893.0
129	935	17	1728.0
956	981	17	1034.0
112	922	17	3940.0
573	897	17	3635.0
399	764	17	3686.0
523	759	17	4366.0
253	994	17	4540.0
767	829	17	9984.0
303	758	17	7235.0
159	569	17	1118.0
159	404	17	1101.0
254	591	17	5555.0
254	879	17	3840.0
317	446	17	10014.0
754	973	17	5288.0
48	900	17	7336.0
458	567	17	7048.0
567	785	17	5666.0
121	568	17	3832.0
16	915	17	3277.0
166	954	17	1290.0
123	646	17	1266.0
500	945	17	8506.0
563	798	17	6012.0
189	354	17	2441.0
216	255	17	1584.0
123	998	17	2324.0
141	681	17	3937.0
151	457	17	8048.0
90	363	17	2575.0
90	595	17	2532.0
384	764	17	1458.0
423	956	17	1379.0
764	956	17	1357.0
14	117	17	4715.0
66	200	17	1246.0
89	257	17	6884.0
44	675	17	7903.0
209	774	17	8468.0
191	436	17	5427.0
238	494	17	4107.0
873	950	17	13136.0
473	710	17	3192.0
473	798	17	10442.0
23	975	17	4689.0
168	189	17	1689.0
316	970	17	1205.0
726	1000	17	1323.0
785	1000	17	1334.0
120	681	17	3693.0
73	273	17	3668.0
73	895	17	1295.0
87	966	17	1784.0
65	384	17	1413.0
65	745	17	1418.0
876	911	17	3313.0
209	840	17	8236.0
70	863	17	4962.0
384	462	17	1445.0
462	785	17	1482.0
663	961	17	5491.0
46	444	17	6303.0
252	563	17	1365.0
156	465	17	1903.0
153	563	17	5064.0
372	563	17	7399.0
348	903	17	7036.0
512	543	17	1223.0
202	895	17	2472.0
71	462	17	1443.0
186	647	17	11812.0
108	473	17	6309.0
16	916	17	8517.0
654	677	17	1394.0
282	478	17	1298.0
328	962	17	3751.0
408	647	17	3347.0
603	647	17	2544.0
285	965	17	2306.0
649	742	17	1457.0
742	841	17	1464.0
664	843	17	1166.0
569	827	17	1558.0
423	458	17	1518.0
142	195	17	1048.0
142	291	17	1093.0
282	581	17	2125.0
349	861	17	3212.0
572	1000	17	1322.0
156	539	17	5827.0
448	865	17	3546.0
54	812	17	3261.0
91	946	17	1351.0
961	964	17	2037.0
432	593	17	2786.0
566	593	17	8319.0
6	980	17	1597.0
523	663	17	12096.0
107	607	17	8766.0
108	563	17	6831.0
586	646	17	3491.0
294	553	17	1328.0
91	245	17	1309.0
583	597	16	2056.0
597	774	16	1170.0
63	733	16	1509.0
88	119	16	3024.0
608	637	16	4021.0
370	515	16	7243.0
306	471	16	4074.0
519	581	16	6513.0
541	550	16	5571.0
254	790	16	2433.0
375	683	16	2153.0
683	712	16	5761.0
23	424	16	1177.0
911	915	16	10694.0
115	506	16	13193.0
372	973	16	5390.0
522	685	16	8354.0
916	970	16	13166.0
502	902	16	12161.0
618	779	16	4957.0
840	874	16	1127.0
57	459	16	5832.0
395	525	16	1435.0
3	794	16	2554.0
75	100	16	5748.0
22	495	16	5565.0
59	303	16	6655.0
316	826	16	6463.0
329	826	16	3720.0
210	454	16	1927.0
202	461	16	2358.0
41	832	16	3283.0
9	304	16	4097.0
117	973	16	8672.0
771	974	16	11130.0
234	609	16	4409.0
385	692	16	8412.0
423	539	16	1116.0
691	774	16	2006.0
115	904	16	1507.0
123	375	16	2302.0
683	840	16	6560.0
266	764	16	996.0
32	816	16	3940.0
816	880	16	4584.0
284	434	16	2214.0
99	167	16	1761.0
278	825	16	3763.0
497	825	16	2439.0
170	786	16	3188.0
759	945	16	8058.0
253	425	16	1804.0
62	768	16	3468.0
424	970	16	4493.0
543	544	16	9773.0
589	790	16	4973.0
234	478	16	1298.0
167	609	16	4409.0
372	591	16	3969.0
538	577	16	11566.0
593	694	16	6314.0
863	1002	16	10370.0
316	975	16	4382.0
565	771	16	3115.0
97	500	16	2471.0
274	484	16	1451.0
195	411	16	3394.0
519	939	16	12297.0
279	575	16	1628.0
225	473	16	5863.0
414	473	16	2211.0
473	682	16	4021.0
294	896	16	1538.0
349	794	16	2939.0
730	764	16	1291.0
422	473	16	1066.0
473	657	16	1107.0
152	921	16	10212.0
920	997	16	10560.0
72	795	16	2909.0
148	603	16	2829.0
692	796	16	10774.0
362	852	16	1342.0
525	785	16	1455.0
648	987	16	7785.0
854	956	16	1385.0
99	609	16	8554.0
143	768	16	2496.0
372	682	16	2436.0
156	206	16	1515.0
209	586	16	4479.0
593	940	16	7774.0
384	915	16	1092.0
779	977	16	1540.0
28	188	16	1478.0
209	683	16	3664.0
107	216	16	2373.0
186	480	16	3042.0
576	600	16	6892.0
230	484	16	1253.0
357	1002	16	5738.0
16	956	16	3310.0
281	565	16	7967.0
637	674	16	2528.0
826	885	16	3187.0
94	732	16	6717.0
567	847	16	1190.0
720	980	16	4169.0
465	539	16	4347.0
654	841	16	1383.0
492	963	16	10829.0
391	934	16	2020.0
609	861	16	4539.0
733	878	16	1499.0
38	377	16	1193.0
130	227	16	993.0
493	755	16	4179.0
147	241	16	2186.0
779	850	16	5541.0
494	568	16	1455.0
494	991	16	1387.0
457	847	16	7398.0
814	818	16	1625.0
62	684	16	8007.0
252	308	16	1621.0
715	934	16	3666.0
816	947	16	4583.0
107	715	16	3200.0
252	526	16	5543.0
581	717	15	1664.0
178	194	15	1754.0
441	647	15	4893.0
133	587	15	6259.0
62	777	15	2734.0
826	842	15	1148.0
238	299	15	2918.0
18	347	15	10255.0
800	886	15	1986.0
306	738	15	2210.0
582	790	15	7848.0
466	667	15	11462.0
66	307	15	1312.0
666	804	15	2880.0
83	798	15	2800.0
250	306	15	12513.0
182	601	15	2333.0
182	948	15	2460.0
190	926	15	1369.0
573	889	15	1259.0
65	458	15	1424.0
458	956	15	1362.0
166	395	15	1327.0
843	885	15	4832.0
96	420	15	1098.0
728	830	15	1423.0
202	568	15	7942.0
117	254	15	4731.0
383	803	15	2152.0
517	803	15	13199.0
457	956	15	1366.0
458	1000	15	1358.0
288	435	15	1439.0
140	654	15	3520.0
166	785	15	1443.0
458	764	15	1468.0
71	151	15	3382.0
459	692	15	5379.0
106	895	15	1621.0
15	306	15	4633.0
352	609	15	2181.0
755	959	15	8453.0
166	911	15	1267.0
847	956	15	1350.0
107	824	15	8043.0
573	827	15	1324.0
523	886	15	6738.0
594	647	15	3300.0
71	395	15	1368.0
279	694	15	1716.0
742	811	15	1108.0
609	923	15	3382.0
609	986	15	2126.0
237	611	15	3570.0
73	814	15	6122.0
581	609	15	9142.0
695	902	15	10362.0
210	811	15	3850.0
99	478	15	1307.0
172	441	15	3335.0
169	257	15	7481.0
123	209	15	1291.0
497	644	15	1482.0
573	677	15	1274.0
73	245	15	3583.0
73	946	15	3333.0
539	897	15	3139.0
636	865	15	1330.0
37	44	15	4319.0
854	915	15	1109.0
493	633	15	4846.0
298	510	15	1031.0
306	631	15	7848.0
166	714	15	1371.0
636	826	15	6395.0
792	971	15	2334.0
106	461	15	1517.0
262	633	15	3568.0
3	861	15	2702.0
9	214	15	11117.0
19	918	15	2553.0
423	887	15	2382.0
117	473	15	3745.0
593	627	15	6283.0
745	915	15	1107.0
649	654	15	1376.0
22	360	15	6608.0
258	329	15	3460.0
844	859	15	2153.0
824	934	15	3618.0
140	253	15	1020.0
168	326	15	5818.0
18	896	15	10032.0
202	701	15	4860.0
609	717	15	1665.0
30	692	15	4719.0
931	959	15	8659.0
595	865	15	1097.0
150	364	15	1530.0
751	973	15	4340.0
19	62	15	2019.0
19	684	15	4968.0
545	867	15	1795.0
96	316	15	4556.0
30	459	15	7938.0
705	715	15	3201.0
576	794	15	3614.0
115	634	15	1231.0
15	250	14	1232.0
234	581	14	2125.0
155	456	14	2057.0
0	22	14	4023.0
108	364	14	1145.0
108	973	14	3742.0
158	565	14	1217.0
514	984	14	1234.0
493	808	14	2022.0
593	762	14	4263.0
65	1000	14	1323.0
945	948	14	3337.0
137	523	14	4594.0
535	747	14	9165.0
169	510	14	1028.0
717	794	14	1397.0
168	776	14	9358.0
383	517	14	1965.0
143	684	14	2438.0
395	847	14	1393.0
569	654	14	1363.0
152	332	14	11243.0
19	143	14	2485.0
457	1000	14	1400.0
956	1000	14	1322.0
981	1000	14	969.0
276	611	14	2157.0
143	451	14	3940.0
457	462	14	1446.0
647	994	14	3014.0
636	843	14	4228.0
73	494	14	6197.0
166	639	14	7741.0
570	890	14	2988.0
110	196	14	4137.0
216	340	14	1093.0
108	986	14	3480.0
178	749	14	1713.0
547	747	14	10624.0
99	794	14	1191.0
52	655	14	1104.0
523	968	14	5523.0
441	713	14	3262.0
0	115	14	5133.0
458	525	14	1541.0
405	977	14	1239.0
250	631	14	2897.0
52	809	14	1042.0
647	966	14	3061.0
71	764	14	1478.0
73	287	14	3190.0
83	473	14	2023.0
306	333	14	2244.0
847	1000	14	1394.0
376	567	14	1178.0
447	510	14	1028.0
770	934	14	4104.0
869	934	14	2021.0
107	361	14	1690.0
364	563	14	1724.0
442	573	14	2146.0
282	576	14	4592.0
423	911	14	1281.0
206	1000	14	1464.0
734	848	14	1723.0
395	457	14	1452.0
525	915	14	1114.0
88	833	14	3058.0
162	639	14	4722.0
3	923	14	1060.0
99	282	14	1751.0
65	854	14	1419.0
57	692	14	2980.0
71	525	14	1504.0
22	370	14	6127.0
760	900	14	3063.0
73	620	14	7064.0
73	735	14	9622.0
34	509	14	2882.0
90	407	14	2385.0
423	838	14	1939.0
117	590	14	2031.0
298	404	14	1801.0
298	569	14	2055.0
235	377	14	6260.0
91	238	14	1315.0
