750	888	32	7734.0
423	764	32	15447.0
188	580	32	3486.0
74	680	32	11536.0
327	370	32	6646.0
327	508	32	6472.0
370	508	32	9832.0
140	425	32	13872.0
364	879	32	11299.0
209	586	32	4479.0
273	287	32	4865.0
414	682	32	8808.0
364	710	32	10816.0
170	583	32	1221.0
20	888	32	8194.0
135	280	32	7964.0
908	928	32	12534.0
524	880	32	6361.0
124	740	32	7224.0
261	323	32	11062.0
36	404	32	8296.0
635	912	32	7846.0
429	930	32	3250.0
344	944	32	11524.0
337	917	32	10915.0
327	495	32	6715.0
327	513	32	7141.0
495	513	32	11111.0
33	906	32	7992.0
82	737	32	8901.0
137	961	32	7618.0
283	736	32	12909.0
332	392	32	12571.0
332	549	32	10829.0
392	549	32	10940.0
312	360	32	8471.0
380	433	32	10861.0
358	784	32	7753.0
427	604	32	4670.0
29	643	32	11593.0
351	962	32	8797.0
772	896	32	10744.0
2	443	32	3623.0
2	703	32	4764.0
443	703	32	4563.0
666	694	32	1817.0
334	548	32	5095.0
56	562	32	8236.0
183	470	32	10274.0
8	215	32	7452.0
352	478	32	1298.0
380	650	32	8622.0
592	794	32	3642.0
778	805	32	14594.0
262	613	32	3938.0
289	887	32	11830.0
106	494	32	1483.0
430	780	32	10963.0
345	509	32	11598.0
352	356	32	7921.0
395	458	32	1424.0
395	462	32	1397.0
395	714	32	1327.0
458	462	32	1453.0
458	714	32	11901.0
462	714	32	1378.0
40	445	32	5954.0
285	592	32	11304.0
414	526	32	5536.0
104	601	32	6266.0
181	704	32	9261.0
206	856	32	11111.0
589	978	32	2306.0
374	729	32	10517.0
234	285	32	3266.0
234	338	32	3335.0
285	338	32	11273.0
131	849	32	11507.0
399	839	32	9169.0
620	653	32	3015.0
331	860	32	10524.0
305	987	32	6831.0
618	624	32	10223.0
225	254	32	5518.0
312	495	32	8745.0
237	276	32	11745.0
579	784	32	9812.0
144	322	32	10638.0
102	477	32	11973.0
29	496	32	11157.0
582	988	32	5707.0
542	892	32	7404.0
163	489	32	7988.0
763	835	32	4230.0
510	552	32	8712.0
567	745	32	5526.0
184	537	32	7401.0
218	534	32	10644.0
712	748	32	9528.0
136	224	32	7925.0
120	369	32	3041.0
120	380	32	2985.0
369	380	32	9812.0
33	709	32	7732.0
783	854	32	6126.0
353	661	32	11220.0
50	935	32	9537.0
526	589	32	14115.0
192	424	32	4986.0
420	722	32	11661.0
449	723	32	8232.0
475	730	32	11905.0
518	977	32	12379.0
227	394	32	3244.0
874	926	32	8350.0
176	795	32	11258.0
203	289	32	2008.0
442	465	32	11303.0
0	312	32	6653.0
227	656	32	3212.0
97	759	32	2733.0
413	879	32	7077.0
376	384	32	6579.0
92	389	32	7844.0
367	631	32	5445.0
490	594	32	4796.0
371	473	32	7324.0
712	774	32	9647.0
505	659	32	9085.0
137	759	32	7474.0
670	995	32	8932.0
654	907	32	9442.0
216	361	32	10510.0
31	756	32	8818.0
748	774	32	12292.0
293	828	32	10933.0
237	283	32	12653.0
276	283	32	11805.0
361	974	32	3243.0
354	555	32	11706.0
70	855	32	5080.0
245	620	32	6527.0
245	814	32	9000.0
245	929	32	4428.0
620	814	32	11081.0
620	929	32	4428.0
814	929	32	4428.0
589	754	32	9999.0
10	30	32	8713.0
137	733	32	7375.0
50	362	32	9521.0
389	507	32	10893.0
121	857	32	7897.0
766	860	32	8708.0
88	696	32	13110.0
76	465	32	8899.0
249	853	32	8901.0
171	632	32	10998.0
218	877	32	12569.0
661	695	32	9175.0
263	269	32	8277.0
408	654	32	13410.0
19	628	32	10821.0
95	323	32	8495.0
783	785	32	7720.0
33	753	32	7261.0
197	361	32	10510.0
361	705	32	8083.0
1	567	32	7735.0
1	854	32	3966.0
567	854	32	4036.0
481	831	32	8396.0
181	271	32	15165.0
181	955	32	15288.0
271	955	32	18514.0
319	721	32	12062.0
174	853	32	8202.0
86	818	32	7599.0
131	430	32	8984.0
298	416	32	8471.0
3	338	32	7658.0
39	235	32	13360.0
413	605	32	5046.0
60	694	32	8584.0
252	682	32	10872.0
646	675	32	12440.0
170	597	32	7867.0
239	623	32	5342.0
174	222	32	8290.0
252	710	32	11261.0
682	710	32	10781.0
200	877	32	4916.0
15	599	32	8807.0
678	953	32	11567.0
391	724	32	11042.0
413	414	32	14365.0
333	360	32	7255.0
32	524	32	4039.0
58	181	32	12833.0
220	888	32	8799.0
362	564	32	10557.0
362	979	32	10603.0
564	979	32	9938.0
680	757	32	11255.0
627	694	32	6919.0
64	276	32	10522.0
134	286	32	5828.0
632	977	32	9935.0
390	780	32	10383.0
372	563	32	7399.0
505	582	32	10896.0
505	978	32	13628.0
582	978	32	11061.0
110	233	32	7323.0
112	635	32	3837.0
112	868	32	2888.0
635	868	32	6693.0
242	687	32	9179.0
586	840	32	6824.0
80	399	32	11487.0
820	933	32	13518.0
31	449	32	8742.0
421	537	32	8710.0
0	495	32	8006.0
159	841	32	7869.0
203	887	32	6182.0
139	199	32	8871.0
583	586	32	9319.0
714	854	32	10455.0
289	572	32	9736.0
769	898	32	6955.0
294	347	32	2940.0
659	978	32	9257.0
721	883	32	15019.0
30	385	32	9650.0
38	632	32	2351.0
516	933	32	15013.0
13	789	32	8875.0
193	456	32	12300.0
160	612	32	10102.0
71	458	32	6017.0
677	889	32	9456.0
503	871	32	9508.0
23	467	32	7061.0
386	971	32	11622.0
287	895	32	4811.0
622	898	32	9016.0
141	311	32	7388.0
125	390	32	9134.0
154	243	32	13051.0
527	755	32	9501.0
527	931	32	6642.0
755	931	32	5077.0
586	775	32	13430.0
248	366	32	11691.0
97	800	32	8377.0
135	469	32	8203.0
467	975	32	12600.0
472	868	32	6688.0
334	770	32	7350.0
643	967	32	11027.0
225	413	32	9355.0
645	721	32	11307.0
211	615	32	19167.0
324	753	32	8136.0
670	892	32	7443.0
395	876	32	8328.0
395	915	32	14004.0
876	915	32	5858.0
356	832	32	10261.0
176	721	32	8812.0
328	351	32	9786.0
649	677	32	10364.0
65	395	32	12126.0
511	628	32	10732.0
521	566	32	8697.0
314	857	32	6446.0
582	820	32	5827.0
390	698	32	12383.0
653	802	32	9358.0
610	702	32	10079.0
297	310	32	3184.0
370	495	32	10810.0
385	584	32	12123.0
552	740	32	8516.0
55	339	32	11251.0
215	661	32	9701.0
70	618	32	9009.0
70	624	32	8863.0
674	953	32	7692.0
176	645	32	11680.0
230	570	32	13113.0
596	836	32	11372.0
28	580	32	11128.0
28	805	32	13119.0
580	805	32	11347.0
770	824	32	9286.0
770	869	32	8373.0
824	869	32	10798.0
160	662	32	10204.0
239	935	32	11125.0
70	175	32	4852.0
223	264	32	6023.0
334	391	32	7073.0
392	486	32	11557.0
601	886	32	4783.0
351	550	32	14814.0
421	972	32	7685.0
352	398	32	7992.0
784	887	32	8941.0
324	906	32	8786.0
110	905	32	6793.0
108	751	32	6840.0
391	770	32	8448.0
355	625	32	17287.0
387	422	32	8742.0
220	270	32	8370.0
220	588	32	8808.0
270	588	32	10621.0
37	840	32	5520.0
236	322	32	9216.0
698	791	32	4500.0
583	748	32	9400.0
484	822	32	9966.0
530	948	32	9916.0
598	712	32	8760.0
598	748	32	9077.0
33	324	32	7955.0
324	709	32	8995.0
709	906	32	9626.0
266	483	32	13226.0
591	754	32	5164.0
424	467	32	5695.0
617	640	32	10296.0
724	869	32	11191.0
268	807	32	10995.0
237	736	32	15679.0
6	184	32	11502.0
471	606	32	9250.0
231	848	32	10571.0
240	499	32	9000.0
414	879	32	7045.0
298	825	32	11756.0
416	825	32	12250.0
82	324	32	8250.0
64	736	32	11683.0
740	744	32	3449.0
201	547	32	11277.0
694	762	32	9851.0
178	626	32	9452.0
167	861	32	10130.0
55	846	32	10831.0
453	891	32	15547.0
711	910	32	8867.0
132	658	32	8014.0
61	358	32	7571.0
81	934	32	7697.0
155	793	32	13006.0
472	912	32	7861.0
338	352	32	2315.0
62	346	32	8266.0
308	879	32	8451.0
456	653	32	10313.0
751	879	32	8060.0
68	831	32	7403.0
665	922	32	8107.0
21	509	32	8905.0
835	935	32	11449.0
84	882	32	8443.0
164	723	32	5930.0
419	947	32	6642.0
409	819	32	14897.0
432	575	32	3003.0
432	627	32	2721.0
575	627	32	4453.0
3	592	32	7669.0
661	903	32	8061.0
417	655	32	10510.0
155	468	32	12790.0
544	924	32	9126.0
519	574	32	12072.0
124	552	32	7315.0
785	915	32	1088.0
20	971	32	8132.0
247	427	32	4657.0
311	369	32	7036.0
40	836	32	12797.0
285	302	32	9168.0
76	811	32	8941.0
60	823	32	8588.0
273	895	32	4811.0
537	972	32	8899.0
413	682	32	8831.0
84	503	32	6580.0
305	324	32	8453.0
305	648	32	7048.0
324	648	32	7875.0
470	671	32	8784.0
386	588	32	9806.0
370	631	32	13868.0
295	464	32	6377.0
57	584	32	7155.0
151	376	32	3950.0
151	783	32	7862.0
376	783	32	3200.0
652	687	32	10792.0
413	973	32	13235.0
518	632	32	9962.0
518	700	32	4155.0
632	700	32	4795.0
41	398	32	3335.0
41	832	32	3283.0
398	832	32	9926.0
581	592	32	11394.0
61	556	32	7994.0
391	869	32	11049.0
103	924	32	6460.0
229	909	32	6791.0
234	352	32	2278.0
178	650	32	8826.0
665	912	32	7585.0
179	320	32	9560.0
723	866	32	6712.0
833	988	32	17070.0
157	246	32	7571.0
172	647	32	8971.0
572	784	32	6918.0
72	721	32	9225.0
121	204	32	8686.0
44	874	32	1862.0
880	947	32	6598.0
575	694	32	10023.0
139	958	32	8990.0
496	643	32	13820.0
266	438	32	9719.0
733	800	32	3836.0
733	948	32	6770.0
800	948	32	9925.0
248	489	32	10721.0
877	960	32	12173.0
267	380	32	7348.0
258	424	32	2391.0
278	536	32	3095.0
663	968	32	3923.0
163	261	32	8009.0
507	815	32	13879.0
197	705	32	7923.0
465	811	32	12048.0
286	744	32	14421.0
141	267	32	6717.0
206	838	32	8741.0
260	383	32	7815.0
655	809	32	8240.0
150	751	32	7179.0
624	917	32	10173.0
592	986	32	3965.0
124	844	32	7566.0
416	773	32	10551.0
402	788	32	6314.0
254	364	32	5555.0
499	741	32	8561.0
141	380	32	7310.0
254	605	32	10180.0
578	837	32	12639.0
693	868	32	6309.0
337	618	32	10227.0
679	937	32	9680.0
288	496	32	10553.0
72	176	32	3145.0
72	319	32	9332.0
176	319	32	5145.0
748	775	32	10934.0
174	249	32	8219.0
839	952	32	12828.0
532	884	32	11296.0
206	572	32	10132.0
158	748	32	4389.0
25	724	32	6075.0
781	913	32	11200.0
89	806	32	8830.0
584	727	32	10517.0
60	627	32	5957.0
68	374	32	8189.0
176	666	32	4859.0
11	20	32	6221.0
371	372	32	8302.0
759	948	32	2494.0
619	989	32	9500.0
707	804	32	9442.0
47	505	32	6149.0
295	901	32	8104.0
288	676	32	11467.0
106	273	32	1599.0
173	886	32	11065.0
216	771	32	7447.0
180	953	32	9980.0
33	82	32	7091.0
33	737	32	8194.0
348	353	32	11605.0
355	749	32	13641.0
422	657	32	8890.0
464	901	32	8545.0
289	856	32	11431.0
716	976	32	12738.0
763	984	32	4348.0
187	479	32	5052.0
187	700	32	4795.0
479	700	32	4584.0
429	684	32	10655.0
1	783	32	7518.0
153	372	32	8018.0
153	590	32	7971.0
372	590	32	9379.0
174	621	32	7951.0
323	690	32	9498.0
102	613	32	4525.0
179	731	32	9514.0
756	866	32	9130.0
178	936	32	7323.0
31	164	32	6117.0
842	899	32	5200.0
338	592	32	11683.0
246	504	32	8581.0
462	1000	32	14173.0
610	655	32	8180.0
700	881	32	4843.0
38	518	32	2382.0
194	749	32	13194.0
697	946	32	7703.0
71	854	32	8123.0
217	265	32	10028.0
640	857	32	8645.0
189	406	32	5908.0
74	188	32	13248.0
224	845	32	11840.0
594	966	32	16259.0
620	697	32	10707.0
363	424	32	6169.0
551	689	32	10081.0
144	293	32	10075.0
800	964	32	10405.0
504	901	32	5250.0
331	615	32	10388.0
404	742	32	12817.0
31	452	32	8155.0
500	948	32	2414.0
16	290	32	8158.0
397	671	32	11170.0
71	376	32	8114.0
71	660	32	5829.0
376	660	32	6326.0
159	649	32	7462.0
541	740	32	11193.0
452	723	32	8232.0
170	668	32	8255.0
347	656	32	10242.0
347	851	32	2172.0
656	851	32	2406.0
1	981	32	5885.0
562	807	32	10076.0
162	838	32	8021.0
866	990	32	8847.0
416	806	32	9378.0
468	760	32	12193.0
628	930	32	10919.0
319	645	32	7677.0
499	791	32	6389.0
183	671	32	9671.0
311	650	32	7012.0
265	618	32	3998.0
134	744	32	9661.0
785	847	32	11394.0
349	592	32	10309.0
838	954	32	6012.0
277	882	32	11285.0
510	541	32	11201.0
729	831	32	8396.0
649	889	32	9016.0
557	701	32	12326.0
318	335	32	8463.0
352	717	32	8532.0
246	743	32	8933.0
201	715	32	12216.0
167	592	32	3796.0
294	851	32	2789.0
56	807	32	8255.0
696	749	32	13623.0
226	675	32	4848.0
304	596	32	10086.0
376	458	32	5349.0
57	727	32	7071.0
745	847	32	10063.0
796	957	32	6682.0
201	535	32	13914.0
550	986	32	3266.0
583	746	32	8055.0
374	587	32	10866.0
267	936	32	4062.0
495	508	32	8778.0
723	725	32	8085.0
628	996	32	5978.0
167	302	32	2910.0
167	965	32	9984.0
302	965	32	1044.0
286	351	32	13743.0
270	888	32	9650.0
312	631	32	8074.0
0	360	32	4988.0
360	495	32	7216.0
592	717	32	1657.0
285	352	32	2337.0
590	682	32	2598.0
658	871	32	12329.0
137	886	32	7383.0
50	564	32	9471.0
78	512	32	10468.0
82	753	32	9106.0
184	980	32	5963.0
149	331	32	6607.0
120	650	32	3708.0
197	974	32	3261.0
120	267	32	3578.0
265	337	32	3381.0
569	742	32	12361.0
64	985	32	10845.0
608	938	32	11213.0
21	969	32	8732.0
140	966	32	13811.0
226	926	32	4862.0
323	366	32	11434.0
718	955	32	12660.0
649	978	32	2060.0
71	714	32	7094.0
378	529	32	8141.0
436	962	32	11090.0
734	760	32	15747.0
339	870	32	10876.0
98	438	32	6948.0
774	775	32	9438.0
64	237	32	11593.0
613	755	32	11709.0
613	931	32	6400.0
314	568	32	9672.0
402	512	32	6031.0
490	907	32	7004.0
183	397	32	9131.0
203	856	32	4607.0
87	490	32	7927.0
132	871	32	7857.0
598	774	32	9210.0
615	860	32	19128.0
553	896	32	10423.0
280	485	32	9295.0
458	783	32	8982.0
371	590	32	6841.0
454	897	32	11761.0
576	951	32	4064.0
50	763	32	2733.0
187	518	32	8098.0
290	801	32	11192.0
76	454	32	8804.0
165	321	32	5119.0
668	775	32	6929.0
8	903	32	5565.0
519	939	32	12297.0
21	925	32	8982.0
360	471	32	2183.0
24	382	32	6779.0
375	598	32	6468.0
375	774	32	7119.0
691	775	32	7398.0
21	641	32	9262.0
60	575	32	6173.0
121	617	32	7906.0
295	504	32	7714.0
425	994	32	14733.0
189	321	32	7532.0
820	988	32	16804.0
255	382	32	10720.0
216	607	32	10780.0
199	958	32	9318.0
162	856	32	9849.0
378	411	32	9389.0
193	231	32	10770.0
193	848	32	12193.0
246	295	32	1880.0
283	985	32	12084.0
715	771	32	3387.0
90	407	32	2385.0
607	705	32	12826.0
316	424	32	9519.0
316	595	32	5991.0
424	595	32	8666.0
514	809	32	13331.0
113	519	32	13020.0
383	487	32	9876.0
187	632	32	9208.0
50	984	32	5506.0
362	984	32	7391.0
645	804	32	11624.0
154	400	32	12775.0
24	255	32	6902.0
871	882	32	6572.0
81	197	32	7505.0
81	213	32	5553.0
81	607	32	7618.0
197	213	32	5245.0
197	607	32	10059.0
213	607	32	5151.0
255	446	32	9420.0
743	821	32	8840.0
530	800	32	12210.0
265	850	32	4869.0
226	229	32	5029.0
70	651	32	5131.0
70	863	32	4962.0
651	863	32	12674.0
96	722	32	3793.0
206	954	32	2761.0
572	954	32	1988.0
646	774	32	7701.0
555	706	32	11988.0
519	923	32	9598.0
656	896	32	9122.0
6	421	32	1800.0
497	603	32	3812.0
12	744	32	8328.0
916	970	32	13166.0
781	799	32	9572.0
291	919	32	3787.0
601	642	32	12749.0
623	984	32	6839.0
322	932	32	9433.0
640	991	32	9318.0
74	757	32	11776.0
608	953	32	9469.0
586	598	32	5819.0
269	441	32	9257.0
697	735	32	14243.0
220	750	32	7887.0
324	858	32	8714.0
530	964	32	10405.0
10	57	32	7515.0
396	722	32	11753.0
158	375	32	9512.0
113	923	32	11303.0
586	691	32	6745.0
26	378	32	7199.0
286	343	32	7610.0
127	610	32	8530.0
28	778	32	13364.0
526	605	32	10737.0
229	926	32	5906.0
221	690	32	9578.0
145	619	32	9670.0
39	217	32	10280.0
657	976	32	10896.0
93	653	32	7044.0
252	371	32	1555.0
82	906	32	7775.0
737	906	32	9674.0
173	961	32	10763.0
162	784	32	6776.0
180	341	32	2727.0
688	736	32	14832.0
0	631	32	8201.0
15	360	32	3064.0
198	326	32	8709.0
158	909	32	9015.0
233	905	32	15307.0
111	637	32	8074.0
599	606	32	9516.0
259	396	32	10918.0
387	976	32	11244.0
414	473	32	2211.0
267	626	32	6239.0
504	743	32	8799.0
207	244	32	11786.0
725	756	32	11741.0
745	854	32	12968.0
187	881	32	8167.0
172	924	32	7055.0
723	797	32	7067.0
552	844	32	7873.0
582	833	32	5630.0
522	602	32	7973.0
156	856	32	4359.0
136	983	32	8029.0
34	247	32	5371.0
35	665	32	3647.0
232	373	32	10260.0
178	267	32	7610.0
30	584	32	9802.0
30	796	32	6932.0
584	796	32	9071.0
401	757	32	11222.0
34	208	32	5342.0
653	735	32	3032.0
588	888	32	9665.0
173	759	32	7931.0
364	973	32	16309.0
584	686	32	10876.0
84	871	32	5818.0
189	555	32	2501.0
33	858	32	7977.0
82	858	32	7690.0
251	318	32	8287.0
199	244	32	11837.0
445	837	32	6701.0
536	603	32	7617.0
601	800	32	11071.0
293	932	32	8926.0
56	268	32	8216.0
105	722	32	8359.0
598	840	32	9221.0
318	325	32	10916.0
907	994	32	16937.0
442	454	32	10086.0
156	1000	32	3231.0
204	640	32	11615.0
333	631	32	7210.0
338	986	32	3238.0
632	881	32	6500.0
367	515	32	12145.0
935	984	32	12974.0
276	985	32	12336.0
36	742	32	7776.0
862	948	32	12532.0
17	121	32	5555.0
812	876	32	11416.0
493	616	32	12192.0
653	814	32	2942.0
735	814	32	13783.0
531	938	32	4514.0
443	464	32	6953.0
32	947	32	4310.0
603	622	32	9365.0
656	772	32	8561.0
299	946	32	6411.0
362	763	32	3659.0
437	699	32	11009.0
229	998	32	5736.0
121	557	32	6367.0
340	446	32	9435.0
107	391	32	6420.0
39	171	32	3588.0
71	847	32	7996.0
251	335	32	10586.0
245	299	32	10463.0
497	536	32	3722.0
490	654	32	8323.0
494	620	32	4122.0
423	462	32	13957.0
351	744	32	14961.0
644	825	32	17471.0
189	765	32	6889.0
594	994	32	17428.0
302	338	32	8855.0
32	419	32	4281.0
195	919	32	3148.0
720	972	32	4555.0
339	846	32	13682.0
172	812	32	9084.0
89	298	32	8650.0
314	640	32	7291.0
513	631	32	13868.0
160	834	32	10408.0
31	723	32	7028.0
222	853	32	10265.0
534	960	32	10736.0
98	711	32	6758.0
622	769	32	7061.0
20	386	32	8174.0
410	977	32	11116.0
172	788	32	7248.0
36	569	32	7860.0
236	293	32	8770.0
31	990	32	8883.0
477	493	32	11809.0
463	544	32	8297.0
289	784	32	14119.0
535	547	32	10213.0
862	964	32	9061.0
15	606	32	8655.0
362	835	32	10871.0
64	283	32	11428.0
224	983	32	9431.0
385	727	32	12047.0
141	369	32	7420.0
574	923	32	8615.0
97	530	32	8135.0
313	698	32	12200.0
30	727	32	9691.0
235	624	32	10450.0
235	850	32	8442.0
624	850	32	11081.0
32	880	32	4318.0
282	965	32	9200.0
10	686	32	13177.0
67	694	32	2096.0
618	917	32	11453.0
12	351	32	8427.0
647	713	32	8913.0
234	592	32	3799.0
153	798	32	8000.0
217	624	32	5896.0
458	854	32	9164.0
96	424	32	4393.0
96	664	32	4427.0
424	664	32	5581.0
15	471	32	8532.0
198	706	32	10971.0
437	528	32	11912.0
511	777	32	12712.0
458	785	32	10876.0
60	566	32	6057.0
227	851	32	1586.0
293	322	32	9594.0
126	409	32	10087.0
126	908	32	9883.0
409	908	32	14808.0
128	393	32	7371.0
45	532	32	7850.0
125	430	32	8945.0
217	518	32	3961.0
104	530	32	6062.0
530	601	32	11315.0
1	458	32	6873.0
239	984	32	12174.0
530	733	32	3759.0
84	277	32	8431.0
84	474	32	8320.0
277	474	32	10861.0
746	840	32	7000.0
42	671	32	11357.0
426	679	32	12252.0
352	832	32	8233.0
503	882	32	7417.0
97	948	32	11300.0
396	420	32	8766.0
558	760	32	13720.0
126	819	32	9214.0
288	958	32	1090.0
625	696	32	14017.0
272	300	32	17348.0
246	821	32	8766.0
126	928	32	9427.0
464	703	32	6130.0
639	1000	32	13515.0
298	315	32	8320.0
267	433	32	7611.0
586	774	32	8846.0
764	1000	32	15810.0
794	965	32	9737.0
326	706	32	5926.0
694	823	32	10975.0
703	901	32	6198.0
460	491	32	12912.0
126	520	32	8950.0
520	908	32	11247.0
393	997	32	10794.0
26	533	32	6982.0
384	462	32	1445.0
384	854	32	8859.0
462	854	32	1471.0
366	489	32	10721.0
0	333	32	5962.0
566	575	32	4577.0
802	852	32	14106.0
276	736	32	12454.0
136	205	32	8014.0
343	744	32	10858.0
29	288	32	11391.0
238	245	32	5183.0
645	795	32	12873.0
586	748	32	10237.0
698	905	32	10462.0
528	699	32	11883.0
666	795	32	4545.0
8	661	32	7687.0
449	452	32	13058.0
462	525	32	13410.0
275	507	32	15688.0
63	551	32	7867.0
34	427	32	6185.0
556	579	32	10641.0
153	591	32	4045.0
450	924	32	6892.0
541	744	32	6303.0
0	370	32	7912.0
299	697	32	11043.0
407	899	32	8537.0
452	866	32	7855.0
316	970	32	1205.0
337	850	32	10742.0
102	262	32	12501.0
384	457	32	12474.0
457	854	32	10345.0
334	824	32	7463.0
364	591	32	16716.0
301	846	32	13656.0
458	981	32	10124.0
714	981	32	10124.0
412	665	32	6852.0
817	953	32	11265.0
157	504	32	6781.0
173	968	32	10906.0
261	489	32	10700.0
97	601	32	11242.0
97	886	32	5145.0
425	907	32	14362.0
723	756	32	7944.0
410	518	32	10952.0
362	935	32	12316.0
327	631	32	6893.0
328	744	32	9670.0
688	985	32	11759.0
146	354	32	6406.0
733	961	32	13637.0
303	570	32	8684.0
403	960	32	12207.0
596	949	32	6619.0
479	632	32	4990.0
221	415	32	10681.0
72	666	32	9436.0
10	584	32	10788.0
344	402	32	5953.0
277	787	32	8024.0
598	775	32	6425.0
110	336	32	9078.0
594	907	32	17130.0
449	866	32	9455.0
300	729	32	13785.0
457	783	32	9676.0
206	289	32	10263.0
28	950	32	13643.0
39	405	32	10567.0
384	458	32	11532.0
30	57	32	7429.0
179	190	32	9708.0
190	731	32	15550.0
1	660	32	7421.0
111	531	32	8382.0
111	953	32	8532.0
531	953	32	13726.0
205	224	32	9336.0
205	983	32	13132.0
148	150	32	1378.0
598	909	32	3743.0
840	909	32	3913.0
165	406	32	5098.0
69	696	32	11133.0
714	847	32	7517.0
546	994	32	4453.0
356	717	32	6809.0
190	864	32	12676.0
239	362	32	5253.0
477	755	32	2673.0
471	599	32	10612.0
647	876	32	10727.0
675	748	32	6754.0
203	764	32	3686.0
203	838	32	5736.0
764	838	32	2311.0
234	717	32	1675.0
234	861	32	12369.0
717	861	32	1591.0
24	446	32	6887.0
16	65	32	2583.0
84	658	32	8528.0
105	629	32	8160.0
358	579	32	9087.0
21	345	32	8965.0
6	810	32	9797.0
17	640	32	6326.0
218	403	32	13509.0
180	608	32	12608.0
601	862	32	12339.0
548	934	32	10002.0
280	688	32	9379.0
158	226	32	2833.0
158	926	32	3357.0
360	515	32	7901.0
566	627	32	8425.0
135	688	32	7945.0
161	484	32	8413.0
744	962	32	10643.0
644	806	32	11848.0
127	514	32	8753.0
861	965	32	11476.0
68	587	32	8239.0
587	831	32	8392.0
158	229	32	7047.0
375	926	32	5931.0
211	331	32	10304.0
211	860	32	19569.0
531	678	32	9161.0
854	981	32	8181.0
300	587	32	10864.0
96	842	32	4588.0
424	842	32	5177.0
40	596	32	12875.0
399	730	32	11907.0
617	857	32	8645.0
375	583	32	2758.0
375	746	32	2608.0
172	876	32	9143.0
172	915	32	1970.0
225	682	32	10872.0
17	314	32	11265.0
733	945	32	9446.0
89	773	32	8536.0
135	611	32	8126.0
231	760	32	3471.0
833	933	32	13785.0
98	266	32	6918.0
266	711	32	8788.0
361	382	32	1277.0
456	760	32	5443.0
473	590	32	9568.0
571	723	32	7168.0
778	950	32	15318.0
244	958	32	10606.0
514	655	32	7651.0
132	787	32	8228.0
165	189	32	5026.0
29	967	32	11254.0
408	490	32	8337.0
338	581	32	10043.0
258	467	32	10734.0
199	207	32	10044.0
110	741	32	8869.0
140	408	32	4281.0
639	887	32	9058.0
326	354	32	6826.0
97	961	32	5956.0
541	552	32	8712.0
717	832	32	6934.0
360	513	32	8498.0
51	242	32	8057.0
512	788	32	11745.0
597	739	32	10862.0
773	825	32	13129.0
4	8	32	7440.0
163	366	32	7860.0
375	998	32	5777.0
214	445	32	10411.0
509	925	32	11982.0
180	817	32	2770.0
198	555	32	11071.0
65	462	32	1397.0
243	400	32	15668.0
94	554	32	6622.0
322	828	32	10612.0
82	305	32	7512.0
234	965	32	13092.0
132	503	32	7785.0
368	671	32	9282.0
414	591	32	13272.0
248	415	32	3322.0
578	949	32	8557.0
961	968	32	12046.0
835	979	32	10303.0
194	696	32	13279.0
0	508	32	7685.0
504	703	32	3956.0
422	716	32	11269.0
422	976	32	8557.0
479	518	32	3954.0
783	981	32	7982.0
305	858	32	8564.0
948	968	32	4151.0
406	765	32	5775.0
735	818	32	2333.0
171	977	32	11841.0
409	520	32	10512.0
733	886	32	13242.0
642	948	32	11818.0
612	662	32	11944.0
10	727	32	9187.0
179	864	32	9865.0
218	960	32	12207.0
579	856	32	2251.0
65	726	32	10594.0
124	541	32	7400.0
13	417	32	9087.0
143	212	32	3862.0
298	447	32	10157.0
298	644	32	10423.0
447	644	32	14666.0
700	977	32	4057.0
945	961	32	9513.0
490	994	32	4771.0
445	596	32	8876.0
194	625	32	16355.0
184	720	32	14169.0
167	234	32	11921.0
535	715	32	11150.0
416	644	32	10868.0
425	966	32	16517.0
601	948	32	12757.0
789	993	32	10077.0
336	741	32	12155.0
494	814	32	4210.0
437	927	32	11775.0
699	927	32	12089.0
305	709	32	8343.0
438	711	32	9593.0
472	693	32	9884.0
417	993	32	11792.0
592	923	32	5179.0
274	570	32	15767.0
274	758	32	12346.0
570	758	32	12239.0
572	838	32	8455.0
272	374	32	11597.0
385	796	32	12092.0
608	674	32	12582.0
20	220	32	8206.0
407	424	32	7533.0
846	870	32	10300.0
668	691	32	8604.0
74	914	32	11574.0
892	995	32	7732.0
724	770	32	8313.0
724	824	32	11319.0
175	651	32	10096.0
496	967	32	10925.0
726	981	32	1033.0
347	772	32	12573.0
103	450	32	6882.0
605	754	32	9885.0
169	416	32	5001.0
169	447	32	7096.0
416	447	32	9959.0
820	833	32	17243.0
801	970	32	11512.0
318	585	32	9617.0
350	845	32	9243.0
290	970	32	12909.0
850	917	32	11467.0
429	511	32	7260.0
89	416	32	8475.0
469	611	32	11056.0
295	703	32	6522.0
858	906	32	9672.0
308	371	32	9535.0
308	590	32	6956.0
714	785	32	12183.0
252	473	32	6387.0
512	924	32	10795.0
52	251	32	4655.0
447	773	32	10011.0
570	822	32	4565.0
161	822	32	8707.0
417	789	32	10253.0
413	526	32	5522.0
78	924	32	10442.0
358	440	32	9003.0
408	594	32	7848.0
199	967	32	6434.0
537	720	32	5621.0
452	571	32	8136.0
756	797	32	10330.0
289	358	32	6378.0
4	903	32	12048.0
626	650	32	7162.0
528	927	32	15540.0
822	890	32	9739.0
938	953	32	6614.0
739	775	32	6435.0
81	771	32	6396.0
23	448	32	2672.0
737	858	32	10332.0
645	707	32	10052.0
158	598	32	4264.0
158	675	32	10216.0
158	712	32	3768.0
598	675	32	7294.0
675	712	32	5620.0
39	70	32	3618.0
39	850	32	5376.0
70	850	32	8838.0
510	773	32	1073.0
597	691	32	8192.0
385	686	32	14361.0
223	342	32	5805.0
7	891	32	11131.0
159	677	32	7510.0
662	834	32	16091.0
208	247	32	7660.0
894	951	32	7641.0
215	353	32	11953.0
159	889	32	7394.0
146	326	32	2300.0
39	265	32	13032.0
40	304	32	11590.0
813	857	32	8645.0
445	578	32	6838.0
206	784	32	7240.0
150	371	32	7081.0
150	590	32	6463.0
68	300	32	8297.0
76	442	32	8656.0
456	848	32	14089.0
146	198	32	6248.0
81	361	32	7690.0
173	733	32	11132.0
432	694	32	3019.0
496	676	32	10639.0
591	879	32	8862.0
81	548	32	5591.0
81	974	32	2967.0
548	974	32	11317.0
129	362	32	1724.0
129	623	32	1931.0
362	623	32	8246.0
102	755	32	3571.0
714	726	32	1314.0
714	745	32	11922.0
726	745	32	1413.0
726	847	32	1408.0
430	698	32	9942.0
157	821	32	7570.0
750	971	32	9882.0
364	473	32	6732.0
557	991	32	16577.0
760	848	32	4162.0
113	574	32	11374.0
875	894	32	10054.0
145	989	32	8980.0
570	890	32	2988.0
371	591	32	1376.0
568	701	32	12417.0
13	655	32	8369.0
140	594	32	13840.0
748	840	32	10870.0
110	791	32	11357.0
550	744	32	17172.0
248	261	32	13178.0
226	646	32	2332.0
226	909	32	2308.0
229	646	32	6547.0
646	909	32	9329.0
355	696	32	14277.0
427	925	32	4710.0
278	497	32	5537.0
465	742	32	3169.0
785	854	32	13333.0
886	961	32	13057.0
87	594	32	4712.0
185	307	32	2919.0
209	675	32	16956.0
334	724	32	6881.0
1	384	32	6472.0
19	684	32	4968.0
672	892	32	7445.0
76	897	32	8820.0
693	922	32	7908.0
645	883	32	10780.0
740	844	32	7746.0
153	879	32	7872.0
364	414	32	13101.0
338	965	32	1336.0
592	965	32	1798.0
675	746	32	3166.0
728	972	32	7680.0
354	706	32	10791.0
42	368	32	10648.0
492	652	32	10731.0
641	925	32	9796.0
426	577	32	9186.0
409	928	32	12529.0
178	355	32	1739.0
249	621	32	10003.0
113	986	32	12581.0
450	638	32	7362.0
625	749	32	13662.0
319	666	32	11975.0
96	316	32	4556.0
150	563	32	7278.0
141	178	32	7680.0
571	866	32	8315.0
430	905	32	13237.0
324	737	32	9431.0
83	414	32	12725.0
545	570	32	3420.0
583	774	32	8585.0
158	998	32	3279.0
403	534	32	10644.0
164	866	32	5480.0
591	605	32	4066.0
567	785	32	5666.0
432	566	32	2855.0
111	678	32	8617.0
571	990	32	8811.0
326	765	32	7127.0
367	370	32	6744.0
348	661	32	10922.0
131	698	32	4877.0
424	970	32	4493.0
720	830	32	10541.0
149	615	32	6701.0
50	239	32	4383.0
454	465	32	10135.0
252	879	32	9817.0
164	990	32	5890.0
723	990	32	7441.0
12	286	32	8151.0
12	328	32	8299.0
286	328	32	9659.0
333	495	32	7904.0
837	1001	32	7475.0
0	327	32	6692.0
111	608	32	2119.0
608	678	32	2585.0
232	260	32	8100.0
498	849	32	10197.0
238	929	32	3432.0
8	902	32	8170.0
217	235	32	10069.0
217	779	32	10607.0
235	779	32	11215.0
148	603	32	2829.0
82	709	32	8915.0
71	745	32	8086.0
102	493	32	13081.0
314	701	32	8125.0
162	887	32	9421.0
371	973	32	4213.0
558	793	32	12105.0
799	913	32	9160.0
759	886	32	7901.0
155	734	32	14263.0
155	760	32	14025.0
627	823	32	8351.0
45	522	32	8010.0
709	737	32	11402.0
292	781	32	10257.0
24	340	32	7003.0
586	739	32	5482.0
490	966	32	1897.0
707	795	32	10185.0
300	374	32	12657.0
92	540	32	7270.0
857	991	32	8542.0
85	975	32	10448.0
275	389	32	10927.0
39	779	32	11408.0
100	872	32	7043.0
147	537	32	5960.0
436	744	31	10980.0
170	691	31	7240.0
583	691	31	3066.0
172	402	31	3442.0
361	771	31	7722.0
59	570	31	10253.0
483	711	31	8071.0
266	910	31	8289.0
774	840	31	10942.0
45	884	31	7918.0
369	626	31	9453.0
375	586	31	2921.0
58	955	31	19443.0
162	289	31	9511.0
162	572	31	9357.0
199	643	31	6183.0
849	905	31	11244.0
292	799	31	9689.0
23	407	31	6849.0
407	467	31	11376.0
746	774	31	8108.0
184	830	31	10637.0
771	974	31	11130.0
508	631	31	10500.0
262	477	31	11968.0
70	235	31	7728.0
235	618	31	8493.0
15	738	31	8892.0
170	775	31	5597.0
597	775	31	6590.0
85	636	31	10933.0
639	954	31	8663.0
241	728	31	2760.0
83	364	31	12560.0
528	559	31	18836.0
286	488	31	13913.0
395	812	31	5921.0
83	413	31	12643.0
212	228	31	4426.0
119	582	31	5576.0
151	384	31	8510.0
384	783	31	8477.0
167	352	31	2278.0
666	883	31	11845.0
607	715	31	3201.0
534	877	31	10561.0
11	386	31	6237.0
414	710	31	9614.0
327	360	31	3625.0
184	421	31	6125.0
810	830	31	7423.0
285	861	31	3220.0
730	839	31	10136.0
730	952	31	12715.0
70	265	31	3059.0
571	756	31	8605.0
150	473	31	6942.0
589	682	31	5584.0
188	950	31	5758.0
184	241	31	12799.0
663	800	31	11836.0
137	173	31	7368.0
45	602	31	7492.0
862	961	31	7959.0
637	817	31	12299.0
220	386	31	8773.0
345	925	31	11778.0
412	635	31	11734.0
33	305	31	8055.0
305	753	31	7379.0
213	361	31	4993.0
361	607	31	10043.0
838	887	31	11909.0
103	463	31	6852.0
479	977	31	3848.0
539	856	31	6345.0
598	646	31	6765.0
423	525	31	12639.0
178	369	31	10052.0
530	663	31	11938.0
102	616	31	10534.0
510	740	31	9011.0
103	544	31	6535.0
277	503	31	7907.0
226	998	31	4785.0
756	990	31	12954.0
6	241	31	10773.0
366	501	31	4410.0
268	309	31	10248.0
369	681	31	10536.0
462	745	31	1491.0
659	790	31	7228.0
364	589	31	5424.0
393	920	31	14616.0
800	862	31	9544.0
248	501	31	2452.0
71	525	31	1504.0
525	847	31	1474.0
303	758	31	7235.0
155	558	31	13178.0
234	282	31	11717.0
150	308	31	7050.0
97	733	31	6918.0
245	697	31	13319.0
333	515	31	8713.0
282	592	31	3799.0
19	930	31	11021.0
227	896	31	2661.0
548	607	31	13166.0
172	263	31	3126.0
437	559	31	11623.0
935	979	31	10603.0
941	997	31	10828.0
153	252	31	4139.0
187	977	31	8071.0
159	827	31	8319.0
312	367	31	8479.0
360	367	31	7786.0
274	822	31	2713.0
813	991	31	9103.0
389	815	31	10933.0
676	967	31	11344.0
511	930	31	10834.0
762	940	31	10223.0
448	467	31	10651.0
195	291	31	4062.0
792	971	31	2334.0
407	664	31	5597.0
203	1000	31	5920.0
838	1000	31	4582.0
522	884	31	9110.0
504	821	31	8517.0
753	987	31	8763.0
39	337	31	3882.0
258	843	31	9588.0
345	969	31	8947.0
3	349	31	7615.0
191	351	31	10592.0
272	831	31	8396.0
401	914	31	12044.0
658	787	31	12999.0
149	860	31	6809.0
312	370	31	9300.0
44	586	31	12967.0
44	775	31	14227.0
712	840	31	9667.0
653	852	31	10744.0
2	464	31	4757.0
257	806	31	9228.0
726	956	31	11136.0
933	988	31	14200.0
930	996	31	5980.0
145	719	31	10104.0
10	796	31	11499.0
384	714	31	11639.0
364	682	31	10872.0
461	895	31	4722.0
286	436	31	7896.0
682	754	31	5266.0
37	586	31	4905.0
258	664	31	2424.0
50	979	31	9573.0
78	402	31	4798.0
402	924	31	4941.0
384	660	31	11585.0
881	977	31	5311.0
698	780	31	10803.0
737	753	31	8696.0
841	889	31	8383.0
184	728	31	5098.0
50	129	31	1947.0
50	623	31	7365.0
109	383	31	7732.0
193	900	31	11069.0
580	778	31	10977.0
165	765	31	4980.0
926	998	31	8178.0
623	935	31	8032.0
332	921	31	9515.0
452	725	31	10250.0
655	993	31	10739.0
233	780	31	11928.0
31	725	31	8809.0
612	614	31	12874.0
74	401	31	12339.0
521	627	31	14521.0
57	385	31	7076.0
548	771	31	14026.0
583	598	31	5563.0
583	840	31	7114.0
424	899	31	10340.0
171	187	31	10006.0
376	745	31	9948.0
603	966	31	4275.0
264	967	30	1766.0
553	656	30	8781.0
200	307	30	8083.0
170	683	30	7695.0
583	683	30	8721.0
683	691	30	9075.0
369	936	30	10802.0
208	604	30	7331.0
403	877	30	14916.0
17	557	30	14045.0
484	890	30	11657.0
886	968	30	12283.0
192	363	30	4982.0
140	907	30	13607.0
100	755	30	8535.0
821	904	30	8821.0
306	513	30	4369.0
277	658	30	12219.0
370	513	30	16922.0
360	631	30	6482.0
341	817	30	13863.0
216	705	30	8691.0
89	447	30	8364.0
3	99	30	6856.0
99	338	30	8971.0
248	323	30	9544.0
176	804	30	9951.0
449	725	30	12804.0
161	303	30	8530.0
390	430	30	9242.0
253	408	30	8008.0
227	294	30	2517.0
227	347	30	3602.0
65	876	30	2938.0
334	869	30	6983.0
819	908	30	12546.0
376	854	30	9974.0
360	738	30	6069.0
407	975	30	4532.0
672	995	30	9247.0
211	766	30	8696.0
553	772	30	10456.0
186	395	30	13485.0
242	652	30	10124.0
121	640	30	7962.0
252	591	30	12508.0
606	738	30	10475.0
494	697	30	3777.0
245	494	30	2856.0
15	634	30	8855.0
9	836	30	5523.0
560	578	30	9695.0
185	388	30	4008.0
140	994	30	13776.0
177	402	30	9857.0
323	415	30	12574.0
697	814	30	12872.0
814	946	30	7703.0
788	924	30	10628.0
312	515	30	8567.0
189	326	30	9362.0
425	594	30	16358.0
431	503	30	10240.0
69	749	30	11018.0
191	744	30	11793.0
489	501	30	1442.0
131	905	30	10473.0
9	596	30	9853.0
26	529	30	6900.0
291	310	30	3942.0
313	780	30	10289.0
872	931	30	10219.0
572	887	30	10092.0
272	729	30	13785.0
97	862	30	11455.0
154	455	30	11419.0
55	870	30	10534.0
302	592	30	8858.0
11	588	30	6340.0
566	694	30	7068.0
273	461	30	4770.0
299	735	30	8042.0
105	396	30	8437.0
302	349	30	8781.0
399	952	30	14126.0
856	887	30	13424.0
698	849	30	6752.0
550	962	30	10079.0
343	552	30	4197.0
171	410	30	10866.0
170	739	30	6986.0
465	897	30	12166.0
187	410	30	7298.0
268	673	30	10294.0
238	494	30	4107.0
431	882	30	9301.0
184	972	30	6351.0
190	675	30	2017.0
713	915	30	1694.0
277	871	30	7178.0
474	871	30	6237.0
623	979	30	7356.0
479	881	30	5015.0
207	958	30	10606.0
54	263	30	4825.0
575	823	30	8572.0
501	690	30	10792.0
520	819	30	8500.0
19	346	30	7349.0
522	532	30	9333.0
541	962	30	9135.0
675	926	30	8352.0
619	719	30	11921.0
458	567	30	7048.0
567	714	30	8483.0
567	981	30	5949.0
474	882	30	10931.0
43	403	30	10524.0
43	960	30	10506.0
642	968	30	10798.0
761	801	30	10519.0
343	436	30	11124.0
6	720	30	11252.0
265	917	30	4026.0
349	352	30	2337.0
853	859	30	10199.0
346	996	30	13932.0
213	771	30	5085.0
428	482	30	9323.0
132	277	30	6947.0
537	728	30	7795.0
637	953	30	13190.0
774	909	30	4459.0
102	630	30	10349.0
146	555	30	6286.0
622	752	30	5481.0
312	513	30	10659.0
725	797	30	9195.0
182	886	30	10749.0
172	395	30	4356.0
178	380	30	12393.0
421	980	30	9103.0
42	397	30	10297.0
95	690	30	8348.0
289	579	30	8450.0
664	865	30	5023.0
490	708	30	8349.0
122	201	30	6642.0
526	682	30	5563.0
144	828	30	12645.0
445	1001	30	7992.0
235	518	30	9647.0
295	904	30	4182.0
242	492	30	8745.0
235	337	30	8100.0
280	611	30	9802.0
81	705	30	7848.0
164	449	30	5817.0
735	946	30	7703.0
752	898	30	6712.0
134	962	30	10092.0
39	618	30	4503.0
607	974	30	10498.0
393	941	30	15950.0
153	308	30	5208.0
280	469	30	9321.0
691	748	30	3544.0
44	840	30	10718.0
14	225	30	5759.0
289	838	30	8359.0
259	629	30	11382.0
275	815	30	13879.0
754	879	30	3337.0
384	726	30	1360.0
351	541	30	4551.0
402	944	30	5290.0
214	1001	30	8761.0
445	466	30	9029.0
457	458	30	12040.0
104	948	30	5485.0
612	834	30	12245.0
305	737	30	9386.0
326	555	30	6867.0
225	754	30	5186.0
923	986	30	13889.0
109	260	30	8009.0
315	416	30	6698.0
344	924	30	11374.0
308	751	30	7799.0
9	837	30	9269.0
319	707	30	4289.0
55	301	30	11624.0
97	642	30	11333.0
338	923	30	4463.0
753	858	30	7732.0
280	736	30	2079.0
57	957	30	6695.0
453	491	30	11353.0
858	987	30	7163.0
263	441	30	12104.0
449	990	30	13566.0
364	413	30	13004.0
92	815	30	7860.0
319	883	30	11394.0
464	504	30	3494.0
800	961	30	2709.0
800	968	30	1249.0
93	456	30	6011.0
458	745	30	10621.0
285	717	30	1669.0
352	592	30	2265.0
87	708	30	7846.0
369	650	30	8053.0
206	887	30	10642.0
10	385	30	13014.0
726	915	30	10146.0
188	757	30	11165.0
423	1000	30	14788.0
790	978	30	9643.0
590	879	30	9246.0
381	982	30	10436.0
127	655	30	6505.0
351	436	30	9320.0
96	467	30	4415.0
251	325	30	7523.0
575	940	30	7007.0
557	640	30	7332.0
204	314	30	6506.0
147	421	30	5970.0
167	282	29	11530.0
330	378	29	8775.0
330	529	29	10376.0
172	713	29	8813.0
876	956	29	3484.0
736	985	29	14453.0
683	775	29	13437.0
777	930	29	11236.0
805	950	29	15013.0
395	660	29	1344.0
458	660	29	11758.0
462	660	29	1418.0
660	714	29	13519.0
131	498	29	10555.0
225	973	29	11382.0
733	968	29	12295.0
739	748	29	2581.0
387	657	29	11017.0
647	812	29	12760.0
263	647	29	4930.0
485	611	29	15604.0
162	206	29	9522.0
282	302	29	2910.0
667	949	29	7237.0
595	664	29	1900.0
336	499	29	9188.0
191	328	29	9659.0
83	591	29	12622.0
3	285	29	7783.0
99	285	29	9052.0
886	964	29	1453.0
287	494	29	4643.0
797	866	29	7391.0
114	892	29	6844.0
51	687	29	7940.0
121	813	29	7861.0
787	871	29	11923.0
215	903	29	10306.0
61	579	29	7577.0
511	996	29	9967.0
819	928	29	12383.0
239	564	29	6682.0
572	856	29	10501.0
727	796	29	7735.0
99	302	29	8027.0
316	407	29	13175.0
384	567	29	6556.0
412	472	29	12406.0
454	811	29	11966.0
254	754	29	9999.0
381	989	29	9096.0
233	849	29	12446.0
426	937	29	9680.0
628	768	29	10924.0
198	765	29	2680.0
378	533	29	8801.0
169	806	29	7240.0
759	968	29	7929.0
14	413	29	5482.0
14	973	29	5573.0
500	886	29	10708.0
392	921	29	10876.0
477	630	29	10052.0
714	956	29	1335.0
886	948	29	5001.0
518	881	29	5438.0
341	678	29	13967.0
309	807	29	12788.0
27	179	29	9501.0
83	754	29	5186.0
359	427	29	3936.0
314	557	29	12361.0
75	808	29	2660.0
87	603	29	5914.0
675	998	29	8828.0
132	882	29	6217.0
206	639	29	5440.0
382	446	29	11967.0
191	541	29	1573.0
203	572	29	2007.0
231	456	29	10150.0
483	910	29	7582.0
450	544	29	7178.0
85	467	29	8906.0
57	796	29	7110.0
50	835	29	9472.0
835	984	29	7628.0
525	764	29	13463.0
601	733	29	6546.0
601	945	29	3236.0
160	476	29	9241.0
357	855	29	9090.0
472	635	29	12320.0
505	790	29	6845.0
302	861	29	2827.0
592	861	29	3769.0
273	494	29	4188.0
401	680	29	11181.0
595	842	29	1500.0
1	745	29	5479.0
257	478	29	9470.0
46	983	29	7919.0
