263	441	32	12104.0
479	632	32	4990.0
288	643	32	10988.0
189	776	32	3759.0
374	729	32	10517.0
122	547	32	6674.0
262	616	32	11850.0
132	474	32	6021.0
256	781	32	10467.0
13	655	32	8369.0
156	539	32	5827.0
156	856	32	4359.0
539	856	32	6345.0
505	978	32	13628.0
140	425	32	13872.0
361	934	32	8025.0
272	300	32	17348.0
205	224	32	9336.0
183	397	32	9131.0
236	932	32	10166.0
820	833	32	17243.0
231	848	32	10571.0
286	744	32	14421.0
162	856	32	9849.0
419	947	32	6642.0
285	338	32	11273.0
285	923	32	4169.0
338	923	32	4463.0
190	320	32	11364.0
503	882	32	7417.0
368	671	32	9282.0
892	995	32	7732.0
82	753	32	9106.0
207	244	32	11786.0
961	964	32	2037.0
802	852	32	14106.0
252	413	32	9818.0
81	934	32	7697.0
71	714	32	7094.0
71	726	32	1357.0
714	726	32	1314.0
102	613	32	4525.0
586	683	32	12174.0
385	686	32	14361.0
623	835	32	8031.0
598	712	32	8760.0
204	617	32	9528.0
204	813	32	8631.0
617	813	32	9119.0
316	595	32	5991.0
511	684	32	8043.0
64	985	32	10845.0
0	306	32	3953.0
537	720	32	5621.0
580	778	32	10977.0
203	838	32	5736.0
454	897	32	11761.0
120	267	32	3578.0
120	369	32	3041.0
267	369	32	6846.0
225	252	32	12361.0
139	958	32	8990.0
364	754	32	5186.0
314	557	32	12361.0
314	991	32	12109.0
557	991	32	16577.0
249	859	32	10468.0
712	746	32	6167.0
226	375	32	4764.0
724	869	32	11191.0
127	610	32	8530.0
10	584	32	10788.0
1	458	32	6873.0
165	406	32	5098.0
223	342	32	5805.0
180	817	32	2770.0
651	863	32	12674.0
401	914	32	12044.0
598	840	32	9221.0
312	367	32	8479.0
468	793	32	13418.0
92	389	32	7844.0
308	371	32	9535.0
78	402	32	4798.0
74	914	32	11574.0
424	467	32	5695.0
4	903	32	12048.0
164	756	32	5615.0
193	231	32	10770.0
23	258	32	6876.0
32	419	32	4281.0
181	955	32	15288.0
98	483	32	6842.0
6	810	32	9797.0
617	640	32	10296.0
346	996	32	13932.0
814	946	32	7703.0
693	868	32	6309.0
746	840	32	7000.0
594	994	32	17428.0
819	928	32	12383.0
46	983	32	7919.0
846	870	32	10300.0
126	409	32	10087.0
62	511	32	5259.0
314	857	32	6446.0
96	722	32	3793.0
266	910	32	8289.0
246	504	32	8581.0
384	785	32	11061.0
384	854	32	8859.0
785	854	32	13333.0
430	498	32	8361.0
414	473	32	2211.0
80	952	32	14311.0
361	382	32	1277.0
290	761	32	10236.0
320	731	32	11208.0
603	769	32	7061.0
167	338	32	3335.0
167	592	32	3796.0
338	592	32	11683.0
518	881	32	5438.0
39	70	32	3618.0
39	217	32	10280.0
39	850	32	5376.0
70	217	32	3249.0
70	850	32	8838.0
217	850	32	5014.0
109	373	32	7861.0
566	627	32	8425.0
557	568	32	14094.0
338	965	32	1336.0
20	220	32	8206.0
457	783	32	9676.0
770	824	32	9286.0
153	590	32	7971.0
295	703	32	6522.0
295	901	32	8104.0
703	901	32	6198.0
866	990	32	8847.0
649	677	32	10364.0
647	812	32	12760.0
194	355	32	16536.0
184	980	32	5963.0
247	427	32	4657.0
783	785	32	7720.0
15	606	32	8655.0
232	373	32	10260.0
471	599	32	10612.0
425	966	32	16517.0
302	338	32	8855.0
194	749	32	13194.0
154	400	32	12775.0
757	914	32	10516.0
668	775	32	6929.0
640	857	32	8645.0
498	905	32	9484.0
181	704	32	9261.0
504	743	32	8799.0
337	618	32	10227.0
109	232	32	8052.0
378	533	32	8801.0
548	771	32	14026.0
89	644	32	8621.0
853	859	32	10199.0
632	977	32	9935.0
490	603	32	6590.0
183	671	32	9671.0
555	706	32	11988.0
395	956	32	13348.0
21	345	32	8965.0
21	925	32	8982.0
345	925	32	11778.0
316	407	32	13175.0
475	730	32	11905.0
564	979	32	9938.0
524	947	32	7272.0
518	977	32	12379.0
227	394	32	3244.0
78	944	32	9991.0
513	631	32	13868.0
316	664	32	5597.0
407	664	32	5597.0
103	638	32	6716.0
199	244	32	11837.0
597	739	32	10862.0
158	375	32	9512.0
275	389	32	10927.0
61	579	32	7577.0
160	612	32	10102.0
531	608	32	7264.0
512	944	32	10948.0
237	276	32	11745.0
81	548	32	5591.0
62	346	32	8266.0
282	338	32	3335.0
282	352	32	2278.0
338	352	32	2315.0
39	265	32	13032.0
217	265	32	10028.0
265	850	32	4869.0
225	591	32	12778.0
225	754	32	5186.0
591	754	32	5164.0
612	834	32	12245.0
624	850	32	11081.0
760	793	32	12284.0
206	572	32	10132.0
121	857	32	7897.0
157	743	32	6755.0
437	699	32	11009.0
13	417	32	9087.0
276	283	32	11805.0
289	440	32	6577.0
289	784	32	14119.0
440	784	32	7916.0
42	183	32	10523.0
42	671	32	11357.0
472	912	32	7861.0
403	534	32	10644.0
679	937	32	9680.0
197	340	32	1593.0
8	215	32	7452.0
173	733	32	11132.0
759	945	32	8058.0
915	956	32	11690.0
253	408	32	8008.0
114	892	32	6844.0
828	932	32	12850.0
567	783	32	11632.0
226	926	32	4862.0
12	328	32	8299.0
551	943	32	8962.0
464	901	32	8545.0
392	486	32	11557.0
660	783	32	11457.0
155	468	32	12790.0
36	742	32	7776.0
544	924	32	9126.0
390	698	32	12383.0
313	698	32	12200.0
176	721	32	8812.0
208	604	32	7331.0
458	981	32	10124.0
175	855	32	9459.0
206	887	32	10642.0
238	814	32	6138.0
324	753	32	8136.0
178	311	32	10511.0
178	650	32	8826.0
311	650	32	7012.0
833	988	32	17070.0
356	832	32	10261.0
337	850	32	10742.0
463	544	32	8297.0
463	924	32	6991.0
7	460	32	10909.0
605	754	32	9885.0
907	994	32	16937.0
575	823	32	8572.0
761	801	32	10519.0
97	964	32	7796.0
74	188	32	13248.0
74	680	32	11536.0
188	680	32	11284.0
188	914	32	10251.0
680	914	32	10491.0
72	645	32	5760.0
458	785	32	10876.0
343	541	32	9845.0
136	224	32	7925.0
59	570	32	10253.0
354	706	32	10791.0
273	895	32	4811.0
89	298	32	8650.0
327	360	32	3625.0
327	513	32	7141.0
360	513	32	8498.0
146	555	32	6286.0
311	380	32	7733.0
380	650	32	8622.0
280	688	32	9379.0
267	380	32	7348.0
245	299	32	10463.0
81	213	32	5553.0
81	771	32	6396.0
213	771	32	5085.0
106	287	32	1487.0
262	477	32	11968.0
656	772	32	8561.0
756	797	32	10330.0
33	906	32	7992.0
71	745	32	8086.0
390	780	32	10383.0
81	705	32	7848.0
269	441	32	9257.0
347	772	32	12573.0
280	611	32	9802.0
413	605	32	5046.0
458	660	32	11758.0
4	661	32	10600.0
129	239	32	1909.0
140	408	32	4281.0
163	261	32	8009.0
141	267	32	6717.0
305	324	32	8453.0
134	744	32	9661.0
670	892	32	7443.0
571	723	32	7168.0
792	997	32	8963.0
811	897	32	15659.0
183	470	32	10274.0
322	828	32	10612.0
374	587	32	10866.0
458	714	32	11901.0
111	180	32	2658.0
510	740	32	9011.0
352	478	32	1298.0
229	998	32	5736.0
720	972	32	4555.0
50	935	32	9537.0
83	879	32	6891.0
414	526	32	5536.0
403	960	32	12207.0
819	908	32	12546.0
71	458	32	6017.0
102	262	32	12501.0
646	675	32	12440.0
135	280	32	7964.0
272	374	32	11597.0
300	374	32	12657.0
602	884	32	10133.0
583	746	32	8055.0
76	442	32	8656.0
541	552	32	8712.0
283	736	32	12909.0
707	795	32	10185.0
421	537	32	8710.0
132	503	32	7785.0
157	246	32	7571.0
225	605	32	5063.0
409	928	32	12529.0
301	339	32	14698.0
490	966	32	1897.0
204	991	32	8557.0
211	331	32	10304.0
300	481	32	11333.0
598	774	32	9210.0
176	645	32	11680.0
61	289	32	6133.0
31	723	32	7028.0
417	655	32	10510.0
222	853	32	10265.0
70	618	32	9009.0
70	624	32	8863.0
618	624	32	10223.0
0	327	32	6692.0
110	499	32	8857.0
249	853	32	8901.0
176	795	32	11258.0
352	356	32	7921.0
553	772	32	10456.0
187	977	32	8071.0
0	312	32	6653.0
366	501	32	4410.0
111	531	32	8382.0
589	879	32	3837.0
214	596	32	15825.0
449	723	32	8232.0
449	797	32	10389.0
723	797	32	7067.0
260	487	32	8472.0
95	261	32	1448.0
244	958	32	10606.0
800	964	32	10405.0
677	889	32	9456.0
216	361	32	10510.0
97	961	32	5956.0
693	922	32	7908.0
29	643	32	11593.0
797	990	32	10402.0
341	531	32	8575.0
582	978	32	11061.0
164	723	32	5930.0
424	842	32	5177.0
668	691	32	8604.0
426	679	32	12252.0
267	433	32	7611.0
402	788	32	6314.0
242	687	32	9179.0
623	935	32	8032.0
216	771	32	7447.0
131	698	32	4877.0
23	467	32	7061.0
170	691	32	7240.0
172	512	32	7095.0
390	905	32	10033.0
17	701	32	10991.0
174	222	32	8290.0
682	710	32	10781.0
206	838	32	8741.0
200	877	32	4916.0
248	261	32	13178.0
137	886	32	7383.0
50	564	32	9471.0
245	814	32	9000.0
534	877	32	10561.0
246	821	32	8766.0
197	705	32	7923.0
788	944	32	10816.0
50	623	32	7365.0
432	627	32	2721.0
387	976	32	11244.0
352	398	32	7992.0
352	832	32	8233.0
398	832	32	9926.0
875	951	32	7641.0
507	815	32	13879.0
87	966	32	1784.0
743	821	32	8840.0
663	948	32	12493.0
237	985	32	13991.0
17	557	32	14045.0
134	436	32	9205.0
34	208	32	5342.0
595	664	32	1900.0
736	985	32	14453.0
608	953	32	9469.0
474	658	32	11097.0
143	451	32	3940.0
366	489	32	10721.0
204	568	32	4032.0
234	592	32	3799.0
234	717	32	1675.0
592	717	32	1657.0
171	479	32	5052.0
54	263	32	4825.0
216	607	32	10780.0
6	830	32	9233.0
888	971	32	9750.0
707	721	32	8184.0
272	831	32	8396.0
309	562	32	10299.0
740	844	32	7746.0
274	570	32	15767.0
274	758	32	12346.0
570	758	32	12239.0
87	490	32	7927.0
717	832	32	6934.0
299	946	32	6411.0
119	833	32	16055.0
132	871	32	7857.0
124	552	32	7315.0
312	360	32	8471.0
344	944	32	11524.0
267	626	32	6239.0
877	960	32	12173.0
745	847	32	10063.0
375	583	32	2758.0
698	905	32	10462.0
425	994	32	14733.0
886	968	32	12283.0
588	888	32	9665.0
392	549	32	10940.0
545	890	32	12602.0
247	359	32	5635.0
730	952	32	12715.0
447	773	32	10011.0
211	860	32	19569.0
285	352	32	2337.0
158	748	32	4389.0
360	495	32	7216.0
618	850	32	11453.0
360	631	32	6482.0
490	594	32	4796.0
480	812	32	6946.0
198	326	32	8709.0
4	8	32	7440.0
36	569	32	7860.0
301	870	32	10876.0
40	596	32	12875.0
437	927	32	11775.0
385	584	32	12123.0
405	624	32	7032.0
726	876	32	2079.0
909	926	32	3431.0
909	998	32	3306.0
926	998	32	8178.0
312	495	32	8745.0
200	307	32	8083.0
781	799	32	9572.0
402	512	32	6031.0
839	952	32	12828.0
197	361	32	10510.0
665	868	32	3682.0
391	824	32	11452.0
751	879	32	8060.0
21	509	32	8905.0
684	930	32	4162.0
586	775	32	13430.0
243	400	32	15668.0
458	854	32	9164.0
410	518	32	10952.0
423	764	32	15447.0
696	749	32	13623.0
525	745	32	1481.0
525	847	32	1474.0
169	416	32	5001.0
203	1000	32	5920.0
50	763	32	2733.0
564	763	32	4281.0
252	591	32	12508.0
343	552	32	4197.0
60	627	32	5957.0
163	489	32	7988.0
68	374	32	8189.0
476	662	32	9303.0
476	834	32	9512.0
662	834	32	16091.0
619	989	32	9500.0
324	648	32	7875.0
65	956	32	12020.0
257	806	32	9228.0
228	365	32	5092.0
137	948	32	1577.0
603	994	32	7115.0
63	878	32	8021.0
430	849	32	10271.0
149	615	32	6701.0
68	272	32	8286.0
50	979	32	9573.0
38	518	32	2382.0
38	632	32	2351.0
518	632	32	9962.0
412	472	32	12406.0
478	717	32	1353.0
165	189	32	5026.0
3	592	32	7669.0
837	949	32	7710.0
375	675	32	14794.0
305	987	32	6831.0
596	836	32	11372.0
218	877	32	12569.0
313	498	32	4236.0
735	814	32	13783.0
624	917	32	10173.0
10	796	32	11499.0
961	968	32	12046.0
887	954	32	6496.0
163	366	32	7860.0
709	737	32	11402.0
131	780	32	6855.0
386	588	32	9806.0
298	644	32	10423.0
242	492	32	8745.0
935	979	32	10603.0
754	879	32	3337.0
838	954	32	6012.0
580	805	32	11347.0
355	625	32	17287.0
298	315	32	8320.0
58	181	32	12833.0
84	503	32	6580.0
121	617	32	7906.0
266	711	32	8788.0
496	967	32	10925.0
540	815	32	10019.0
364	413	32	13004.0
364	682	32	10872.0
413	682	32	8831.0
407	467	32	11376.0
197	216	32	10591.0
557	617	32	10827.0
154	243	32	13051.0
189	765	32	6889.0
64	283	32	11428.0
530	800	32	12210.0
615	766	32	8696.0
745	981	32	9580.0
954	1000	32	7198.0
189	406	32	5908.0
149	331	32	6607.0
594	966	32	16259.0
277	658	32	12219.0
384	457	32	12474.0
457	854	32	10345.0
273	287	32	4865.0
339	870	32	10876.0
97	800	32	8377.0
80	399	32	11487.0
603	999	32	9533.0
83	589	32	5417.0
499	741	32	8561.0
478	825	32	12377.0
111	953	32	8532.0
531	953	32	13726.0
195	310	32	5790.0
181	718	32	10912.0
580	950	32	13491.0
384	458	32	11532.0
712	748	32	9528.0
6	421	32	1800.0
6	537	32	3053.0
6	720	32	11252.0
421	720	32	4298.0
328	550	32	9581.0
282	302	32	2910.0
770	869	32	8373.0
89	416	32	8475.0
923	986	32	13889.0
475	839	32	10718.0
174	249	32	8219.0
140	603	32	3555.0
140	907	32	13607.0
603	907	32	9074.0
111	637	32	8074.0
694	762	32	9851.0
332	486	32	10941.0
472	635	32	12320.0
627	940	32	8732.0
426	937	32	9680.0
723	756	32	7944.0
215	661	32	9701.0
236	293	32	8770.0
303	570	32	8684.0
103	924	32	6460.0
0	631	32	8201.0
442	454	32	10086.0
84	474	32	8320.0
498	780	32	5881.0
504	821	32	8517.0
375	598	32	6468.0
375	775	32	3621.0
598	775	32	6425.0
601	642	32	12749.0
167	581	32	2125.0
26	330	32	7205.0
589	710	32	5657.0
589	754	32	9999.0
710	754	32	5186.0
456	760	32	5443.0
33	305	32	8055.0
33	709	32	7732.0
305	709	32	8343.0
305	906	32	9156.0
709	906	32	9626.0
243	455	32	11419.0
336	791	32	6900.0
103	544	32	6535.0
537	972	32	8899.0
402	944	32	5290.0
121	813	32	7861.0
948	964	32	9422.0
153	252	32	4139.0
40	445	32	5954.0
0	495	32	8006.0
39	235	32	13360.0
97	733	32	6918.0
187	479	32	5052.0
155	558	32	13178.0
719	989	32	9535.0
805	950	32	15013.0
153	371	32	5141.0
628	768	32	10924.0
312	327	32	5252.0
316	842	32	5167.0
315	447	32	13298.0
85	636	32	10933.0
571	866	32	8315.0
571	990	32	8811.0
375	874	32	9201.0
384	783	32	8477.0
582	820	32	5827.0
68	587	32	8239.0
660	854	32	9241.0
33	82	32	7091.0
938	953	32	6614.0
13	993	32	9249.0
75	808	32	2660.0
756	866	32	9130.0
72	666	32	9436.0
287	895	32	4811.0
7	891	32	11131.0
167	965	32	9984.0
15	360	32	3064.0
15	599	32	8807.0
360	599	32	3574.0
430	698	32	9942.0
607	705	32	12826.0
124	541	32	7400.0
14	413	32	5482.0
80	475	32	12568.0
179	320	32	9560.0
198	706	32	10971.0
161	822	32	8707.0
161	890	32	8747.0
822	890	32	9739.0
612	662	32	11944.0
137	173	32	7368.0
643	967	32	11027.0
40	836	32	12797.0
490	907	32	7004.0
106	273	32	1599.0
89	806	32	8830.0
42	368	32	10648.0
471	606	32	9250.0
385	796	32	12092.0
653	735	32	3032.0
511	777	32	12712.0
318	585	32	9617.0
199	967	32	6434.0
391	869	32	11049.0
748	774	32	12292.0
748	775	32	10934.0
774	775	32	9438.0
150	153	32	4791.0
150	371	32	7081.0
660	714	32	13519.0
423	462	32	13957.0
369	650	32	8053.0
319	721	32	12062.0
30	796	32	6932.0
343	351	32	9197.0
526	754	32	9999.0
352	717	32	8532.0
226	229	32	5029.0
226	909	32	2308.0
229	909	32	6791.0
126	520	32	8950.0
490	994	32	4771.0
628	996	32	5978.0
146	198	32	6248.0
243	803	32	14021.0
218	534	32	10644.0
512	924	32	10795.0
618	917	32	11453.0
312	513	32	10659.0
438	711	32	9593.0
78	172	32	6858.0
798	879	32	10607.0
178	681	32	7142.0
26	533	32	6982.0
136	205	32	8014.0
490	654	32	8323.0
254	754	32	9999.0
161	570	32	2753.0
190	864	32	12676.0
126	908	32	9883.0
238	929	32	3432.0
488	744	32	15088.0
635	912	32	7846.0
615	860	32	19128.0
699	927	32	12089.0
178	267	32	7610.0
70	855	32	5080.0
305	753	32	7379.0
642	733	32	14258.0
175	651	32	10096.0
799	913	32	9160.0
102	630	32	10349.0
449	452	32	13058.0
427	604	32	4670.0
329	975	32	11177.0
324	709	32	8995.0
420	722	32	11661.0
413	414	32	14365.0
31	164	32	6117.0
842	899	32	5200.0
23	316	32	6504.0
761	970	32	10406.0
801	970	32	11512.0
81	197	32	7505.0
70	651	32	5131.0
530	601	32	11315.0
339	992	32	11345.0
318	325	32	10916.0
268	807	32	10995.0
599	606	32	9516.0
263	546	32	6851.0
370	631	32	13868.0
785	847	32	11394.0
38	881	32	2402.0
267	936	32	4062.0
369	936	32	10802.0
714	785	32	12183.0
187	700	32	4795.0
465	811	32	12048.0
725	866	32	9455.0
192	595	32	4958.0
178	433	32	11259.0
659	790	32	7228.0
231	456	32	10150.0
64	736	32	11683.0
172	395	32	4356.0
172	876	32	9143.0
395	876	32	8328.0
140	594	32	13840.0
166	764	32	11588.0
195	919	32	3148.0
509	925	32	11982.0
713	876	32	8819.0
132	431	32	7922.0
136	983	32	8029.0
30	584	32	9802.0
153	879	32	7872.0
10	686	32	13177.0
160	476	32	9241.0
2	703	32	4764.0
197	974	32	3261.0
246	743	32	8933.0
187	518	32	8098.0
189	354	32	2441.0
83	413	32	12643.0
617	857	32	8645.0
431	658	32	15648.0
157	904	32	6635.0
372	879	32	10677.0
344	924	32	11374.0
159	841	32	7869.0
525	764	32	13463.0
179	190	32	9708.0
383	517	32	1965.0
354	555	32	11706.0
171	977	32	11841.0
0	360	32	4988.0
200	388	32	4008.0
43	218	32	10533.0
239	763	32	4281.0
552	740	32	8516.0
584	957	32	9538.0
61	784	32	7555.0
33	753	32	7261.0
503	871	32	9508.0
187	881	32	8167.0
534	960	32	10736.0
24	255	32	6902.0
0	370	32	7912.0
0	513	32	8424.0
370	513	32	16922.0
285	861	32	3220.0
65	726	32	10594.0
162	206	32	9522.0
199	958	32	9318.0
198	555	32	11071.0
878	943	32	13464.0
768	930	32	11236.0
172	788	32	7248.0
293	322	32	9594.0
229	675	32	9375.0
229	874	32	9160.0
675	874	32	12416.0
293	828	32	10933.0
675	998	32	8828.0
477	493	32	11809.0
586	668	32	6390.0
586	691	32	6745.0
158	712	32	3768.0
759	886	32	7901.0
334	770	32	7350.0
462	1000	32	14173.0
242	652	32	10124.0
60	762	32	8544.0
559	699	32	11881.0
456	900	32	11015.0
171	881	32	7152.0
167	894	32	1352.0
147	720	32	2732.0
157	504	32	6781.0
84	658	32	8528.0
84	882	32	8443.0
658	882	32	11285.0
286	343	32	7610.0
81	361	32	7690.0
314	617	32	10871.0
678	953	32	11567.0
364	371	32	1898.0
24	446	32	6887.0
206	856	32	11111.0
856	887	32	13424.0
65	876	32	2938.0
880	947	32	6598.0
163	323	32	8024.0
125	780	32	9107.0
557	701	32	12326.0
159	649	32	7462.0
252	473	32	6387.0
1	745	32	5479.0
177	402	32	9857.0
519	939	32	12297.0
629	722	32	13108.0
82	324	32	8250.0
82	709	32	8915.0
258	424	32	2391.0
103	450	32	6882.0
149	860	32	6809.0
17	857	32	5473.0
298	416	32	8471.0
270	588	32	10621.0
63	689	32	7893.0
452	990	32	14854.0
477	808	32	1194.0
376	785	32	10154.0
35	868	32	6421.0
566	762	32	7640.0
61	358	32	7571.0
305	858	32	8564.0
652	687	32	10792.0
712	909	32	2510.0
121	314	32	6302.0
364	591	32	16716.0
607	771	32	15217.0
601	733	32	6546.0
532	884	32	11296.0
254	589	32	13208.0
862	948	32	12532.0
44	746	32	7148.0
64	276	32	10522.0
682	754	32	5266.0
28	580	32	11128.0
421	972	32	7685.0
723	866	32	6712.0
280	485	32	9295.0
125	698	32	9166.0
171	410	32	10866.0
433	681	32	5169.0
583	748	32	9400.0
663	968	32	3923.0
527	808	32	11582.0
60	823	32	8588.0
102	616	32	10534.0
203	539	32	4417.0
28	778	32	13364.0
98	438	32	6948.0
334	974	32	5314.0
433	626	32	7523.0
63	551	32	7867.0
375	909	32	8975.0
208	247	32	7660.0
74	757	32	11776.0
376	458	32	5349.0
376	783	32	3200.0
458	783	32	8982.0
323	489	32	8456.0
308	879	32	8451.0
658	871	32	12329.0
874	926	32	8350.0
874	998	32	9817.0
338	581	32	10043.0
566	823	32	8498.0
320	864	32	10359.0
419	524	32	5184.0
384	714	32	11639.0
635	665	32	7865.0
70	917	32	8776.0
5	699	32	11166.0
173	886	32	11065.0
220	750	32	7887.0
134	343	32	9955.0
394	656	32	3860.0
800	948	32	9925.0
17	617	32	9859.0
735	946	32	7703.0
289	572	32	9736.0
399	952	32	14126.0
58	955	32	19443.0
40	560	32	5694.0
397	671	32	11170.0
79	795	32	11493.0
583	775	32	9601.0
617	701	32	6725.0
522	884	32	9110.0
44	598	32	9163.0
835	979	32	10303.0
141	433	32	7537.0
332	392	32	12571.0
224	845	32	11840.0
257	447	32	9115.0
409	819	32	14897.0
268	673	32	10294.0
583	840	32	7114.0
330	378	32	8775.0
89	169	32	4908.0
753	858	32	7732.0
364	879	32	11299.0
367	515	32	12145.0
244	288	32	3732.0
620	653	32	3015.0
164	866	32	5480.0
197	607	32	10059.0
616	630	32	10179.0
60	694	32	8584.0
270	888	32	9650.0
649	889	32	9016.0
389	815	32	10933.0
295	464	32	6377.0
556	579	32	10641.0
144	293	32	10075.0
105	420	32	8115.0
202	273	32	2436.0
100	755	32	8535.0
505	659	32	9085.0
276	985	32	12336.0
56	807	32	8255.0
399	730	32	11907.0
425	907	32	14362.0
317	340	32	9334.0
656	896	32	9122.0
413	526	32	5522.0
96	407	32	4480.0
55	846	32	10831.0
172	812	32	9084.0
14	414	32	5592.0
14	682	32	5585.0
414	682	32	8808.0
842	865	32	4180.0
88	355	32	14271.0
871	882	32	6572.0
821	904	32	8821.0
744	962	32	10643.0
162	572	32	9357.0
161	484	32	8413.0
315	644	32	11510.0
622	769	32	7061.0
774	909	32	4459.0
102	493	32	13081.0
217	624	32	5896.0
239	984	32	12174.0
496	643	32	13820.0
143	429	32	1692.0
143	628	32	2462.0
429	628	32	3208.0
24	340	32	7003.0
178	380	32	12393.0
598	909	32	3743.0
392	921	32	10876.0
190	731	32	15550.0
408	654	32	13410.0
194	696	32	13279.0
332	549	32	10829.0
128	941	32	8047.0
304	596	32	10086.0
110	698	32	6947.0
121	557	32	6367.0
601	886	32	4783.0
542	892	32	7404.0
476	614	32	10317.0
716	976	32	12738.0
113	519	32	13020.0
251	335	32	10586.0
623	979	32	7356.0
193	760	32	3416.0
60	575	32	6173.0
201	535	32	13914.0
448	467	32	10651.0
289	856	32	11431.0
569	573	32	10933.0
303	484	32	9596.0
173	182	32	12060.0
173	642	32	11787.0
182	642	32	9300.0
192	363	32	4982.0
31	797	32	7529.0
14	589	32	9528.0
684	918	32	8996.0
67	694	32	2096.0
204	701	32	2398.0
162	838	32	8021.0
273	494	32	4188.0
186	876	32	13628.0
530	964	32	10405.0
933	988	32	14200.0
176	804	32	9951.0
292	799	32	9689.0
416	478	32	6455.0
512	788	32	11745.0
189	326	32	9362.0
326	765	32	7127.0
57	727	32	7071.0
237	283	32	12653.0
381	982	32	10436.0
764	838	32	2311.0
521	694	32	9713.0
407	448	32	2456.0
60	566	32	6057.0
208	359	32	5635.0
824	869	32	10798.0
667	1001	32	7059.0
36	465	32	2380.0
108	113	32	3416.0
3	581	32	6752.0
769	898	32	6955.0
620	929	32	4428.0
186	647	32	11812.0
157	821	32	7570.0
47	659	32	5921.0
412	635	32	11734.0
649	978	32	2060.0
76	811	32	8941.0
603	966	32	4275.0
371	751	32	7678.0
162	289	32	9511.0
146	354	32	6406.0
114	542	32	7133.0
584	727	32	10517.0
578	596	32	5888.0
350	983	32	9544.0
488	519	32	1245.0
8	353	32	7722.0
675	926	32	8352.0
422	657	32	8890.0
735	818	32	2333.0
427	925	32	4710.0
764	952	32	4661.0
360	370	32	7729.0
16	290	32	8158.0
132	277	32	6947.0
590	973	32	7827.0
700	977	32	4057.0
375	998	32	5777.0
328	351	32	9786.0
127	655	32	6505.0
154	517	32	11393.0
647	876	32	10727.0
30	385	32	9650.0
119	820	32	16559.0
23	865	32	7329.0
706	776	32	12520.0
292	781	32	10257.0
472	922	32	8859.0
84	787	32	6662.0
727	796	32	7735.0
850	917	32	11467.0
214	560	32	11765.0
236	322	32	9216.0
181	271	32	15165.0
52	325	32	4959.0
97	530	32	8135.0
97	601	32	11242.0
14	879	32	3098.0
413	879	32	7077.0
8	661	32	7687.0
875	894	32	10054.0
289	579	32	8450.0
579	856	32	2251.0
376	384	32	6579.0
249	621	32	10003.0
29	288	32	11391.0
601	800	32	11071.0
386	888	32	9482.0
164	449	32	5817.0
564	984	32	8411.0
271	955	32	18514.0
781	913	32	11200.0
399	475	32	11041.0
399	839	32	9169.0
483	910	32	7582.0
639	856	32	7582.0
1	660	32	7421.0
153	225	32	3785.0
697	735	32	14243.0
619	719	32	11921.0
176	319	32	5145.0
847	854	32	10538.0
156	203	32	4959.0
156	954	32	4887.0
203	954	32	6993.0
261	415	32	4858.0
726	956	32	11136.0
258	467	32	10734.0
337	917	32	10915.0
65	915	32	11400.0
578	837	32	12639.0
324	858	32	8714.0
269	546	32	7610.0
192	424	32	4986.0
97	886	32	5145.0
356	398	32	10137.0
290	801	32	11192.0
752	769	32	5452.0
613	872	32	6337.0
120	178	32	3643.0
184	972	32	6351.0
227	851	32	1586.0
227	896	32	2661.0
813	991	32	9103.0
45	532	32	7850.0
172	263	32	3126.0
367	508	32	4302.0
562	807	32	10076.0
170	739	32	6986.0
566	575	32	4577.0
409	520	32	10512.0
149	766	32	6757.0
613	931	32	6400.0
572	838	32	8455.0
76	454	32	8804.0
76	897	32	8820.0
362	835	32	10871.0
813	857	32	8645.0
511	628	32	10732.0
908	928	32	12534.0
733	886	32	13242.0
178	936	32	7323.0
83	605	32	5063.0
589	605	32	10737.0
192	407	32	2965.0
87	907	32	6937.0
443	464	32	6953.0
660	981	32	10124.0
188	757	32	11165.0
384	745	32	10516.0
362	763	32	3659.0
404	742	32	12817.0
327	367	32	2717.0
360	367	32	7786.0
241	720	32	12587.0
746	775	32	8090.0
665	912	32	7585.0
58	718	32	13474.0
514	610	32	9898.0
206	539	32	4085.0
664	899	32	5760.0
84	277	32	8431.0
10	957	32	8290.0
490	708	32	8349.0
422	716	32	11269.0
422	976	32	8557.0
33	858	32	7977.0
198	406	32	2653.0
100	931	32	6427.0
278	999	32	4788.0
107	334	32	11190.0
107	548	32	8856.0
334	548	32	5095.0
189	555	32	2501.0
220	588	32	8808.0
220	888	32	8799.0
322	932	32	9433.0
639	1000	32	13515.0
52	251	32	4655.0
14	754	32	9257.0
288	967	32	11154.0
150	879	32	6771.0
371	879	32	8879.0
497	536	32	3722.0
33	737	32	8194.0
560	596	32	8846.0
461	895	32	4722.0
266	438	32	9719.0
237	485	32	2687.0
108	150	32	6865.0
108	371	32	6743.0
108	590	32	6052.0
150	590	32	6463.0
371	590	32	6841.0
155	734	32	14263.0
582	988	32	5707.0
15	471	32	8532.0
179	731	32	9514.0
837	1001	32	7475.0
347	656	32	10242.0
56	268	32	8216.0
857	991	32	8542.0
141	380	32	7310.0
173	945	32	8899.0
135	469	32	8203.0
620	697	32	10707.0
72	721	32	9225.0
97	968	32	4380.0
456	848	32	14089.0
920	997	32	10560.0
835	935	32	11449.0
646	909	32	9329.0
229	375	32	9209.0
268	562	32	8803.0
81	216	32	7389.0
203	206	32	2455.0
137	961	32	7618.0
362	564	32	10557.0
336	499	32	9188.0
165	198	32	2074.0
165	765	32	4980.0
198	765	32	2680.0
135	688	32	7945.0
607	715	32	3201.0
28	950	32	13643.0
153	682	32	2517.0
174	621	32	7951.0
97	948	32	11300.0
360	508	32	5261.0
82	737	32	8901.0
531	817	32	8826.0
661	903	32	8061.0
282	965	32	9200.0
178	369	32	10052.0
287	461	32	4800.0
519	986	32	10834.0
312	631	32	8074.0
29	496	32	11157.0
327	495	32	6715.0
150	751	32	7179.0
712	840	32	9667.0
140	966	32	13811.0
382	446	32	11967.0
567	714	32	8483.0
275	507	32	15688.0
396	722	32	11753.0
172	186	32	8689.0
319	645	32	7677.0
730	764	32	1291.0
414	605	32	5063.0
526	589	32	14115.0
528	927	32	15540.0
474	882	32	10931.0
311	369	32	7036.0
355	749	32	13641.0
83	252	32	9524.0
173	968	32	10906.0
72	883	32	8631.0
620	735	32	12160.0
766	860	32	8708.0
924	944	32	11770.0
70	235	32	7728.0
70	337	32	8973.0
235	337	32	8100.0
302	352	32	2267.0
327	631	32	6893.0
750	888	32	7734.0
726	915	32	10146.0
360	471	32	2183.0
333	495	32	7904.0
222	621	32	9809.0
261	489	32	10700.0
672	995	32	9247.0
473	751	32	7141.0
599	738	32	11076.0
203	887	32	6182.0
351	436	32	9320.0
456	561	32	7148.0
180	938	32	9905.0
193	900	32	11069.0
472	693	32	9884.0
55	870	32	10534.0
560	578	32	9695.0
746	774	32	8108.0
89	478	32	6520.0
724	824	32	11319.0
472	868	32	6688.0
237	736	32	15679.0
110	905	32	6793.0
295	504	32	7714.0
44	739	32	5780.0
44	775	32	14227.0
739	775	32	6435.0
601	862	32	12339.0
868	922	32	4657.0
812	876	32	11416.0
443	901	32	9113.0
649	841	32	11751.0
547	715	32	12143.0
55	339	32	11251.0
96	316	32	4556.0
763	835	32	4230.0
628	777	32	11308.0
201	547	32	11277.0
708	907	32	7186.0
410	977	32	11116.0
134	286	32	5828.0
144	828	32	12645.0
187	632	32	9208.0
50	362	32	9521.0
50	984	32	5506.0
362	984	32	7391.0
41	832	32	3283.0
838	887	32	11909.0
380	626	32	9452.0
105	259	32	8176.0
105	722	32	8359.0
259	722	32	11613.0
113	923	32	11303.0
277	474	32	10861.0
349	592	32	10309.0
298	478	32	8217.0
267	650	32	7677.0
108	923	32	3261.0
72	319	32	9332.0
137	968	32	7424.0
560	837	32	9560.0
116	180	32	6335.0
40	578	32	2262.0
119	933	32	12622.0
833	933	32	13785.0
274	867	32	14390.0
570	867	32	14785.0
505	790	32	6845.0
10	385	32	13014.0
477	630	32	10052.0
552	962	32	3464.0
333	515	32	8713.0
239	835	32	5918.0
655	993	32	10739.0
28	805	32	13119.0
110	430	32	6241.0
454	465	32	10135.0
454	811	32	11966.0
83	364	32	12560.0
266	483	32	13226.0
211	766	32	8696.0
431	503	32	10240.0
1	785	32	5612.0
64	237	32	11593.0
93	802	32	7080.0
530	663	32	11938.0
155	793	32	13006.0
17	813	32	5910.0
858	906	32	9672.0
597	748	32	2735.0
587	831	32	8392.0
131	849	32	11507.0
170	586	32	4716.0
3	285	32	7783.0
33	324	32	7955.0
564	623	32	8246.0
443	703	32	4563.0
874	909	32	6594.0
525	1000	32	12480.0
721	804	32	7133.0
697	814	32	12872.0
424	595	32	8666.0
283	985	32	12084.0
521	627	32	14521.0
384	981	32	10031.0
667	949	32	7237.0
316	424	32	9519.0
729	831	32	8396.0
144	932	32	11293.0
56	562	32	8236.0
314	813	32	6907.0
102	477	32	11973.0
131	905	32	10473.0
319	666	32	11975.0
150	372	32	7240.0
972	980	32	8483.0
528	559	32	18836.0
586	712	32	6544.0
583	598	32	5563.0
598	748	32	9077.0
31	452	32	8155.0
718	955	32	12660.0
582	659	32	9129.0
37	746	32	5409.0
37	774	32	5095.0
395	660	32	1344.0
511	930	31	10834.0
405	618	31	5274.0
386	971	31	11622.0
183	368	31	8476.0
368	397	31	9312.0
144	322	31	10638.0
121	568	31	3832.0
39	337	31	3882.0
20	888	31	8194.0
213	934	31	5380.0
225	682	31	10872.0
81	974	31	2967.0
198	354	31	10987.0
147	421	31	5970.0
96	420	31	1098.0
675	909	31	8836.0
493	616	31	12192.0
601	948	31	12757.0
150	563	31	7278.0
400	455	31	11419.0
261	366	31	13210.0
356	717	31	6809.0
436	744	31	10980.0
74	401	31	12339.0
380	433	31	10861.0
316	975	31	4382.0
608	938	31	11213.0
432	566	31	2855.0
125	430	31	8945.0
254	605	31	10180.0
252	590	31	4322.0
367	513	31	7856.0
403	877	31	14916.0
252	682	31	10872.0
252	710	31	11261.0
145	989	31	8980.0
203	856	31	4607.0
285	592	31	11304.0
285	717	31	1669.0
352	592	31	2265.0
592	923	31	5179.0
541	740	31	11193.0
37	748	31	4260.0
214	837	31	8490.0
596	837	31	5079.0
238	494	31	4107.0
1	783	31	7518.0
462	764	31	14796.0
820	988	31	16804.0
339	846	31	13682.0
587	729	31	9836.0
753	987	31	8763.0
10	57	31	7515.0
27	179	31	9501.0
486	549	31	9119.0
163	248	31	7871.0
221	690	31	9578.0
104	601	31	6266.0
127	514	31	8753.0
733	968	31	12295.0
586	786	31	12407.0
288	496	31	10553.0
458	956	31	1362.0
23	885	31	1512.0
57	584	31	7155.0
507	540	31	10722.0
772	896	31	10744.0
492	652	31	10731.0
561	942	31	7948.0
93	852	31	6930.0
780	905	31	11602.0
600	875	31	10258.0
488	541	31	3628.0
541	744	31	6303.0
410	632	31	9091.0
603	898	31	10236.0
10	727	31	9187.0
289	887	31	11830.0
379	635	31	8713.0
442	811	31	11418.0
252	308	31	1621.0
39	977	31	4098.0
11	588	31	6340.0
575	694	31	10023.0
80	839	31	11970.0
347	896	31	10712.0
330	533	31	9095.0
255	382	31	10720.0
574	923	31	8615.0
141	650	31	7609.0
159	889	31	7394.0
50	835	31	9472.0
225	879	31	10432.0
95	690	31	8348.0
118	560	31	6802.0
479	881	31	5015.0
572	856	31	10501.0
645	795	31	12873.0
278	536	31	3095.0
346	511	31	10305.0
141	311	31	7388.0
31	725	31	8809.0
413	710	31	9629.0
351	962	31	8797.0
653	852	31	10744.0
34	427	31	6185.0
126	928	31	9427.0
539	572	31	3819.0
268	309	31	10248.0
309	673	31	9223.0
477	616	31	10448.0
138	603	31	3604.0
389	507	31	10893.0
355	696	31	14277.0
56	673	31	7869.0
456	852	31	11026.0
511	996	31	9967.0
608	674	31	12582.0
390	430	31	9242.0
258	664	31	2424.0
38	700	31	2374.0
38	977	31	2422.0
414	591	31	13272.0
391	770	31	8448.0
246	904	31	8756.0
622	999	31	1566.0
467	664	31	5597.0
467	842	31	5177.0
664	842	31	5177.0
160	834	31	10408.0
861	965	31	11476.0
148	644	31	1291.0
589	682	31	5584.0
597	775	31	6590.0
778	873	31	13677.0
737	753	31	8696.0
497	603	31	3812.0
688	736	31	14832.0
572	784	31	6918.0
230	274	31	13433.0
479	518	31	3954.0
408	708	31	8843.0
531	938	31	4514.0
96	664	31	4427.0
195	297	31	2947.0
564	835	31	11245.0
336	741	31	12155.0
247	604	31	8136.0
649	827	31	9475.0
680	757	31	11255.0
424	970	31	4493.0
675	746	31	3166.0
124	510	31	7421.0
286	488	31	13913.0
566	694	31	7068.0
564	935	31	11931.0
848	900	31	10930.0
783	981	31	7982.0
69	696	31	11133.0
236	828	31	10051.0
137	945	31	7537.0
2	901	31	4879.0
575	762	31	7486.0
436	740	31	3655.0
437	528	31	11912.0
9	578	31	10208.0
746	748	31	7908.0
408	907	31	10162.0
572	887	31	10092.0
300	831	31	8396.0
225	371	31	1087.0
579	784	31	9812.0
714	745	31	11922.0
468	760	31	12193.0
251	325	31	7523.0
116	608	31	6271.0
343	740	31	5929.0
252	364	31	12553.0
132	882	31	6217.0
69	749	31	11018.0
364	589	31	5424.0
2	464	31	4757.0
325	335	31	7447.0
313	905	31	9938.0
2	443	31	3623.0
583	668	31	2650.0
394	851	31	7151.0
666	883	31	11845.0
663	862	31	12243.0
289	556	31	6501.0
185	307	31	2919.0
263	480	31	9878.0
37	775	31	5115.0
740	744	31	3449.0
441	546	30	7371.0
156	572	30	1511.0
665	693	30	7141.0
594	907	30	17130.0
211	615	30	19167.0
31	756	30	8818.0
726	745	30	1413.0
172	344	30	6996.0
3	99	30	6856.0
128	997	30	7550.0
546	966	30	4474.0
1	384	30	6472.0
294	347	30	2940.0
164	452	30	5874.0
452	756	30	12156.0
358	440	30	9003.0
409	908	30	14808.0
841	889	30	8383.0
642	862	30	13459.0
553	656	30	8781.0
378	411	30	9389.0
527	872	30	7999.0
740	962	30	6186.0
665	922	30	8107.0
603	654	30	8829.0
12	351	30	8427.0
460	891	30	11171.0
158	226	30	2833.0
298	806	30	10450.0
233	905	30	15307.0
39	405	30	10567.0
294	772	30	1984.0
566	940	30	8865.0
285	609	30	10034.0
172	944	30	6789.0
417	993	30	11792.0
153	308	30	5208.0
79	319	30	3940.0
691	775	30	7398.0
39	917	30	4517.0
672	892	30	7445.0
360	515	30	7901.0
395	915	30	14004.0
590	751	30	7140.0
351	488	30	13623.0
654	994	30	7094.0
344	402	30	5953.0
125	905	30	9068.0
218	403	30	13509.0
925	969	30	9064.0
162	784	30	6776.0
485	688	30	13677.0
300	729	30	13785.0
551	689	30	10081.0
526	605	30	10737.0
3	234	30	2732.0
714	854	30	10455.0
54	269	30	4907.0
137	642	30	7331.0
43	877	30	10357.0
598	786	30	9212.0
113	986	30	12581.0
787	871	30	11923.0
569	742	30	12361.0
105	396	30	8437.0
87	594	30	4712.0
298	773	30	8625.0
111	817	30	8584.0
817	953	30	11265.0
10	30	30	8713.0
30	57	30	7429.0
46	136	30	7650.0
479	700	30	4584.0
0	508	30	7685.0
920	941	30	17237.0
277	787	30	8024.0
241	972	30	3991.0
206	289	30	10263.0
223	428	30	5592.0
733	862	30	8918.0
312	370	30	9300.0
234	609	30	4409.0
460	491	30	12912.0
113	574	30	11374.0
150	308	30	7050.0
731	864	30	12643.0
45	522	30	8010.0
238	946	30	4263.0
820	933	30	13518.0
467	636	30	10004.0
119	988	30	15915.0
205	350	30	9746.0
162	887	30	9421.0
424	899	30	10340.0
70	175	30	4852.0
726	854	30	1414.0
171	632	30	10998.0
886	945	30	9446.0
709	753	30	9045.0
340	382	30	10048.0
68	481	30	8448.0
100	872	30	7043.0
341	817	30	13863.0
549	921	30	9578.0
11	888	30	6287.0
628	930	30	10919.0
99	338	30	8971.0
785	981	30	9789.0
14	83	30	5529.0
417	789	30	10253.0
721	795	30	8497.0
445	836	30	4538.0
524	880	30	6361.0
173	961	30	10763.0
522	532	30	9333.0
809	993	30	1589.0
449	756	30	13601.0
72	176	30	3145.0
642	968	30	10798.0
645	707	30	10052.0
126	819	30	9214.0
288	676	30	11467.0
31	571	30	8518.0
289	838	30	8359.0
359	604	30	5533.0
295	443	30	4728.0
635	693	30	9888.0
438	483	30	8877.0
479	977	30	3848.0
426	577	30	9186.0
240	499	30	9000.0
433	650	30	8835.0
725	797	30	9195.0
92	815	30	7860.0
590	798	30	9017.0
39	171	30	3588.0
196	780	30	8742.0
5	437	30	11766.0
764	1000	30	15810.0
16	801	30	8744.0
586	840	30	6824.0
138	769	30	3998.0
158	646	30	9050.0
160	662	30	10204.0
150	591	30	1007.0
667	836	30	13346.0
65	462	30	1397.0
99	581	30	8429.0
92	507	30	7782.0
65	395	30	12126.0
580	873	30	10386.0
886	961	30	13057.0
333	367	30	9194.0
207	958	30	10606.0
184	537	30	7401.0
88	194	30	14557.0
32	947	30	4310.0
229	926	30	5906.0
542	670	30	7648.0
55	992	30	10594.0
92	540	30	7270.0
548	974	30	11317.0
217	518	30	3961.0
636	975	30	11441.0
876	915	30	5858.0
357	855	30	9090.0
212	365	30	5632.0
590	682	30	2598.0
552	844	30	7873.0
510	844	30	9810.0
346	684	30	10799.0
374	831	30	8396.0
127	284	30	7796.0
270	386	30	11067.0
590	879	30	9246.0
291	919	30	3787.0
167	234	30	11921.0
69	194	30	11064.0
265	518	30	7556.0
185	388	30	4008.0
51	652	30	8107.0
245	494	30	2856.0
15	634	30	8855.0
467	865	30	11016.0
481	587	30	10355.0
61	440	30	7636.0
1	981	30	5885.0
226	646	30	2332.0
248	501	30	2452.0
694	823	30	10975.0
372	563	30	7399.0
698	780	30	10803.0
271	718	30	10800.0
683	786	30	11560.0
428	482	30	9323.0
287	494	30	4643.0
582	833	30	5630.0
591	605	30	4066.0
862	886	30	7078.0
118	1001	30	6921.0
495	508	30	8778.0
391	724	30	11042.0
682	973	30	10723.0
158	909	30	9015.0
1	457	30	8019.0
153	372	30	8018.0
581	986	30	11101.0
177	818	30	10866.0
174	859	30	8134.0
560	1001	30	8943.0
743	904	30	9614.0
17	314	30	11265.0
76	465	30	8899.0
835	984	30	7628.0
137	733	30	7375.0
504	901	30	5250.0
3	338	30	7658.0
134	510	30	1521.0
655	809	30	8240.0
199	676	30	7143.0
635	868	30	6693.0
226	998	30	4785.0
966	994	30	14652.0
411	919	30	5129.0
872	931	30	10219.0
251	318	30	8287.0
238	245	30	5183.0
583	774	30	8585.0
668	774	30	1538.0
44	786	30	15579.0
705	771	30	12970.0
638	924	30	7519.0
886	948	30	5001.0
180	341	30	2727.0
645	883	30	10780.0
622	898	30	9016.0
3	282	30	2784.0
457	714	30	13869.0
416	773	30	10551.0
319	883	30	11394.0
14	254	29	9762.0
47	505	29	6149.0
47	978	29	6208.0
644	773	29	11508.0
72	279	29	9777.0
139	199	29	8871.0
6	241	29	10773.0
284	610	29	9011.0
700	881	29	4843.0
344	512	29	11898.0
134	541	29	6550.0
520	908	29	11247.0
262	493	29	13573.0
724	770	29	8313.0
173	759	29	7931.0
395	647	29	5259.0
395	812	29	5921.0
174	853	29	8202.0
389	540	29	8855.0
521	823	29	11193.0
365	451	29	7407.0
289	954	29	2368.0
44	712	29	9526.0
248	489	29	10721.0
396	420	29	8766.0
124	740	29	7224.0
140	994	29	13776.0
452	866	29	7855.0
542	995	29	8015.0
511	918	29	5655.0
222	249	29	9051.0
338	349	29	10225.0
171	187	29	10006.0
371	372	29	8302.0
97	759	29	2733.0
759	961	29	8130.0
254	413	29	5482.0
358	579	29	9087.0
162	539	29	3370.0
9	118	29	6555.0
9	560	29	12516.0
299	697	29	11043.0
778	950	29	15318.0
376	714	29	7363.0
714	783	29	10536.0
567	981	29	5949.0
592	986	29	3965.0
110	741	29	8869.0
431	871	29	12329.0
300	587	29	10864.0
363	424	29	6169.0
83	710	29	8914.0
500	968	29	10541.0
217	618	29	4142.0
521	566	29	8697.0
642	663	29	11159.0
141	369	29	7420.0
167	794	29	10806.0
4	215	29	12404.0
849	905	29	11244.0
282	576	29	4592.0
27	190	29	8962.0
79	883	29	7442.0
117	798	29	4107.0
59	230	29	10704.0
431	787	29	12999.0
273	461	29	4770.0
658	787	29	12999.0
577	679	29	11893.0
462	639	29	9811.0
930	996	29	5980.0
514	655	29	7651.0
298	447	29	10157.0
642	886	29	11354.0
370	495	29	10810.0
0	515	29	4428.0
495	515	29	6585.0
583	683	29	8721.0
263	269	29	8277.0
235	518	29	9647.0
493	630	29	10205.0
447	644	29	14666.0
6	184	29	11502.0
192	467	29	1259.0
303	545	29	9412.0
23	424	29	1177.0
449	725	29	12804.0
44	583	29	9647.0
659	978	29	9257.0
90	192	29	2523.0
98	711	29	6758.0
33	648	29	6840.0
586	748	29	10237.0
586	774	29	8846.0
464	703	29	6130.0
349	352	29	2337.0
621	853	29	9998.0
180	608	29	12608.0
165	321	29	5119.0
340	446	29	9435.0
49	894	29	5678.0
179	864	29	9865.0
297	919	29	4000.0
57	957	29	6695.0
423	726	29	1360.0
373	383	29	9539.0
733	759	29	7929.0
550	744	29	17172.0
3	349	29	7615.0
536	898	29	1268.0
622	752	29	5481.0
474	503	29	6997.0
255	317	29	10176.0
484	822	29	9966.0
40	304	29	11590.0
252	798	29	6733.0
473	798	29	10442.0
728	972	29	7680.0
346	429	29	10599.0
625	749	29	13662.0
136	444	29	7376.0
421	980	29	9103.0
24	317	29	7674.0
395	726	29	11156.0
263	812	29	9226.0
225	798	29	5864.0
660	847	29	6450.0
193	848	29	12193.0
767	818	29	13716.0
121	640	29	7962.0
371	473	29	7324.0
102	755	29	3571.0
525	954	29	1626.0
783	854	29	6126.0
257	315	29	9315.0
546	907	29	4527.0
528	699	29	11883.0
768	777	29	13950.0
170	597	29	7867.0
337	624	29	8592.0
415	501	29	10520.0
56	309	29	8587.0
309	807	29	12788.0
402	924	29	4941.0
657	976	29	10896.0
590	591	29	4131.0
240	336	29	11638.0
155	760	29	14025.0
362	935	29	12316.0
408	490	29	8337.0
712	774	29	9647.0
452	797	29	10442.0
310	919	29	3241.0
401	757	29	11222.0
263	876	29	3842.0
441	876	29	4041.0
763	984	29	4348.0
712	775	29	7209.0
596	667	29	15383.0
151	981	29	8653.0
567	660	29	9250.0
521	575	29	7209.0
59	758	29	10798.0
150	473	29	6942.0
213	216	29	4807.0
58	271	29	12825.0
78	788	29	10658.0
411	529	29	15548.0
783	847	29	3203.0
197	213	29	5245.0
721	883	29	15019.0
233	430	29	12927.0
265	618	29	3998.0
225	973	29	11382.0
500	945	29	8506.0
800	862	29	9544.0
526	879	29	3337.0
473	973	29	7123.0
238	620	29	6118.0
366	690	29	2623.0
234	861	29	12369.0
257	478	29	9470.0
21	969	29	8732.0
184	720	29	14169.0
752	898	29	6712.0
277	882	29	11285.0
89	773	29	8536.0
184	728	29	5098.0
21	641	29	9262.0
762	823	29	10596.0
527	613	29	11460.0
71	785	29	8265.0
71	847	29	7996.0
418	565	29	7563.0
235	977	29	6237.0
131	390	29	4883.0
445	596	29	8876.0
186	812	29	12066.0
286	351	29	13743.0
603	622	29	9365.0
12	191	29	8139.0
297	411	29	3620.0
625	696	29	14017.0
504	904	29	10814.0
225	751	29	1525.0
351	550	29	14814.0
283	688	29	9692.0
505	582	29	10896.0
582	790	29	7848.0
375	926	29	5931.0
594	654	29	7012.0
206	579	29	1463.0
620	814	29	11081.0
214	667	29	16981.0
214	949	29	9277.0
98	910	29	6631.0
412	868	29	6672.0
663	964	29	10405.0
158	209	28	8645.0
307	388	28	2763.0
613	755	28	11709.0
12	286	28	8151.0
161	303	28	8530.0
550	986	28	3266.0
745	785	28	14545.0
745	854	28	12968.0
675	840	28	6811.0
303	822	28	10995.0
755	931	28	5077.0
225	413	28	9355.0
125	313	28	8948.0
82	858	28	7690.0
361	974	28	3243.0
272	729	28	13785.0
543	924	28	9317.0
192	316	28	5179.0
192	664	28	1132.0
304	836	28	11953.0
539	954	28	4457.0
499	791	28	6389.0
285	302	28	9168.0
71	376	28	8114.0
376	745	28	9948.0
657	716	28	11243.0
588	971	28	10683.0
425	546	28	4421.0
530	948	28	9916.0
575	627	28	4453.0
352	581	28	2116.0
240	741	28	8332.0
291	297	28	3551.0
584	796	28	9071.0
252	751	28	2015.0
394	772	28	2685.0
35	472	28	6614.0
538	679	28	13468.0
89	825	28	9918.0
313	780	28	10289.0
551	878	28	11526.0
187	410	28	7298.0
691	748	28	3544.0
449	990	28	13566.0
660	785	28	10793.0
536	999	28	7849.0
30	727	28	9691.0
19	930	28	11021.0
125	791	28	3510.0
698	791	28	4500.0
791	905	28	4129.0
504	703	28	3956.0
4	353	28	14495.0
425	603	28	4326.0
486	921	28	7867.0
763	935	28	4230.0
122	535	28	6308.0
632	881	28	6500.0
82	987	28	8849.0
253	907	28	6767.0
234	338	28	3335.0
39	624	28	6253.0
154	455	28	11419.0
299	620	28	4466.0
408	594	28	7848.0
217	235	28	10069.0
430	905	28	13237.0
407	899	28	8537.0
390	498	28	4350.0
429	996	28	10710.0
862	961	28	7959.0
83	591	28	12622.0
589	591	28	5548.0
321	406	28	5612.0
46	845	28	7794.0
136	845	28	8015.0
550	962	28	10079.0
639	954	28	8663.0
328	744	28	9670.0
595	842	28	1500.0
112	665	28	3772.0
854	981	28	8181.0
19	768	28	11938.0
617	991	28	12954.0
199	288	28	10572.0
644	825	28	17471.0
354	776	28	12434.0
778	805	28	14594.0
628	684	28	4090.0
347	851	28	2172.0
182	961	28	10426.0
291	411	28	3998.0
291	529	28	4355.0
375	774	28	7119.0
570	822	28	4565.0
81	107	28	1347.0
410	479	28	3121.0
627	823	28	8351.0
349	478	28	1320.0
294	656	28	3068.0
363	842	28	1273.0
363	899	28	6446.0
308	751	28	7799.0
234	349	28	3176.0
193	456	28	12300.0
440	556	28	9230.0
227	294	28	2517.0
261	296	28	3520.0
666	721	28	11711.0
40	118	28	1952.0
327	333	28	4652.0
464	504	28	3494.0
44	774	28	12848.0
596	1001	28	6482.0
408	966	28	4929.0
484	890	28	11657.0
484	545	28	11330.0
663	733	28	6447.0
515	631	28	5855.0
51	492	28	7940.0
462	525	28	13410.0
452	571	28	8136.0
452	723	28	8232.0
17	568	28	12511.0
196	498	28	10140.0
606	738	28	10475.0
225	590	28	3824.0
129	979	28	1701.0
311	626	28	5353.0
668	746	28	1173.0
245	735	28	10235.0
416	825	28	12250.0
159	677	28	7510.0
134	488	28	5877.0
369	380	28	9812.0
369	433	28	8173.0
372	751	28	8125.0
14	364	28	5668.0
364	414	28	13101.0
153	591	28	4045.0
233	791	28	4369.0
315	806	28	9556.0
644	806	28	11848.0
302	861	28	2827.0
265	917	28	4026.0
328	488	28	9236.0
343	962	28	13081.0
271	704	28	9157.0
132	787	28	8228.0
423	887	28	2382.0
323	366	28	11434.0
297	310	28	3184.0
804	883	28	6460.0
601	961	28	5590.0
275	540	28	11786.0
224	350	28	9922.0
739	748	28	2581.0
788	924	28	10628.0
235	779	28	11215.0
737	858	28	10332.0
711	910	28	8867.0
20	971	28	8132.0
327	515	28	3053.0
197	255	28	2069.0
109	260	28	8009.0
177	767	28	10565.0
402	767	28	9785.0
660	745	28	10735.0
255	340	28	10359.0
170	748	28	1746.0
209	375	28	14123.0
248	415	28	3322.0
762	940	28	10223.0
99	592	28	8976.0
83	973	28	12977.0
430	791	28	4471.0
442	465	28	11303.0
412	665	28	6852.0
341	678	28	13967.0
375	646	28	11449.0
167	352	28	2278.0
134	962	28	10092.0
11	270	28	5975.0
404	569	28	11800.0
879	973	28	13841.0
150	798	28	5913.0
212	228	28	4426.0
267	311	28	7823.0
450	463	28	7606.0
214	304	28	11013.0
277	871	28	7178.0
113	939	28	12526.0
97	862	28	11455.0
118	596	28	4929.0
201	715	28	12216.0
85	258	28	3990.0
31	866	28	8566.0
217	405	28	10195.0
176	666	28	4859.0
119	582	28	5576.0
469	485	28	11897.0
11	750	28	6475.0
259	629	28	11382.0
212	451	28	7698.0
14	710	28	5656.0
51	242	28	8057.0
30	957	28	9515.0
710	798	28	4255.0
45	884	28	7918.0
44	748	28	13519.0
923	939	28	10855.0
329	448	28	9700.0
35	412	28	6486.0
594	708	28	4872.0
916	970	28	13166.0
591	710	28	11241.0
253	708	28	8056.0
23	826	28	8235.0
613	616	28	1928.0
68	300	28	8297.0
5	927	28	12125.0
601	968	28	4022.0
40	214	28	12875.0
214	578	28	9435.0
918	996	28	10106.0
44	691	28	7070.0
691	786	28	5693.0
26	529	28	6900.0
89	315	28	6697.0
368	470	28	8646.0
331	860	28	10524.0
240	791	28	6845.0
435	958	28	10606.0
375	586	28	2921.0
134	740	28	3648.0
405	850	27	6135.0
86	177	27	7743.0
478	644	27	10187.0
223	482	27	6101.0
173	862	27	4952.0
425	594	27	16358.0
254	364	27	5555.0
285	986	27	2931.0
172	402	27	3442.0
334	724	27	6881.0
546	812	27	4332.0
548	934	27	10002.0
19	628	27	10821.0
372	473	27	10035.0
327	508	27	6472.0
568	991	27	17291.0
675	712	27	5620.0
131	313	27	4794.0
180	674	27	10960.0
107	391	27	6420.0
100	527	27	10199.0
332	921	27	9515.0
97	663	27	11120.0
71	384	27	6295.0
208	427	27	4657.0
147	972	27	5992.0
394	896	27	2347.0
367	370	27	6744.0
367	495	27	6196.0
11	971	27	6211.0
468	734	27	13484.0
575	940	27	7007.0
823	940	27	11006.0
235	850	27	8442.0
856	954	27	4777.0
862	968	27	5730.0
342	428	27	7200.0
642	945	27	9055.0
539	887	27	6614.0
683	774	27	8053.0
427	509	27	4671.0
376	854	27	9974.0
202	461	27	2358.0
818	829	27	9885.0
760	848	27	4162.0
432	575	27	3003.0
44	683	27	12476.0
59	274	27	10510.0
184	421	27	6125.0
558	793	27	12105.0
99	352	27	1733.0
453	491	27	11353.0
521	940	27	11107.0
42	397	27	10297.0
476	612	27	8600.0
14	526	27	9646.0
185	200	27	6811.0
351	744	27	14961.0
686	796	27	12053.0
214	836	27	11638.0
189	198	27	4824.0
40	837	27	2127.0
334	869	27	6983.0
233	780	27	11928.0
748	840	27	10870.0
83	754	27	5186.0
520	928	27	8687.0
445	560	27	10055.0
88	625	27	14679.0
881	977	27	5311.0
29	967	27	11254.0
571	756	27	8605.0
158	229	27	7047.0
333	513	27	9543.0
55	301	27	11624.0
43	534	27	10352.0
538	577	27	11566.0
203	764	27	3686.0
406	765	27	5775.0
715	974	27	3279.0
158	840	27	4403.0
4	902	27	14209.0
774	840	27	10942.0
251	585	27	8942.0
80	730	27	12787.0
87	994	27	4709.0
93	653	27	7044.0
220	971	27	8762.0
650	681	27	4969.0
84	132	27	5437.0
584	686	27	10876.0
557	857	27	6488.0
347	553	27	10411.0
677	827	27	10139.0
255	446	27	9420.0
116	953	27	6151.0
483	711	27	8071.0
375	748	27	6477.0
501	690	27	10792.0
801	916	27	12277.0
511	768	27	13121.0
343	550	27	10075.0
343	744	27	10858.0
379	472	27	9182.0
141	936	27	4781.0
239	935	27	11125.0
37	712	27	5486.0
44	158	27	5230.0
158	774	27	4901.0
103	543	27	7090.0
485	611	27	15604.0
65	812	27	2066.0
364	526	27	5543.0
645	721	27	11307.0
494	991	27	1387.0
254	526	27	10706.0
11	20	27	6221.0
395	462	27	1397.0
462	726	27	1372.0
632	700	27	4795.0
204	557	27	6572.0
175	1002	27	9448.0
384	567	27	6556.0
697	929	27	4428.0
23	407	27	6849.0
407	865	27	10747.0
441	647	27	4893.0
395	713	27	4207.0
445	837	27	6701.0
387	657	27	11017.0
170	786	27	3188.0
184	830	27	10637.0
414	710	27	9614.0
318	335	27	8463.0
433	936	27	5264.0
784	856	27	8259.0
245	697	27	13319.0
626	936	27	7080.0
265	624	27	5750.0
269	812	27	5633.0
362	623	27	8246.0
167	302	27	2910.0
167	861	27	10130.0
518	700	27	4155.0
85	448	27	9986.0
110	780	27	6863.0
379	912	27	4623.0
645	804	27	11624.0
205	983	27	13132.0
42	470	27	11038.0
286	328	27	9659.0
560	667	27	9076.0
135	485	27	7846.0
35	693	27	6468.0
53	342	27	3803.0
111	341	27	8610.0
535	547	27	10213.0
95	366	27	1987.0
449	571	27	8659.0
614	834	27	13493.0
260	373	27	7946.0
784	887	27	8941.0
296	690	27	9614.0
548	607	27	13166.0
661	902	27	10878.0
234	965	27	13092.0
217	337	27	3533.0
553	896	27	10423.0
52	318	27	4802.0
145	619	27	9670.0
319	707	27	4289.0
510	552	27	8712.0
96	595	27	1314.0
407	595	27	3831.0
227	347	27	3602.0
252	414	27	9904.0
36	573	27	8052.0
381	619	27	12001.0
292	913	27	9998.0
191	351	27	10592.0
777	930	27	11236.0
425	490	27	2007.0
558	760	27	13720.0
398	717	27	6762.0
371	973	27	4213.0
726	764	27	1378.0
127	809	27	8144.0
284	809	27	10112.0
784	838	27	5269.0
572	639	27	5303.0
445	949	27	8243.0
343	488	27	7980.0
9	445	27	10412.0
411	533	27	10357.0
12	134	27	1652.0
276	736	27	12454.0
215	903	27	10306.0
413	591	27	13293.0
295	904	27	4182.0
516	933	27	15013.0
138	898	27	3278.0
58	704	27	15663.0
148	536	27	3161.0
235	917	27	8446.0
141	626	27	7048.0
351	740	27	1667.0
436	962	27	11090.0
443	504	27	1944.0
756	990	27	12954.0
277	503	27	7907.0
85	975	27	10448.0
333	360	27	7255.0
465	569	27	2163.0
667	837	27	5691.0
412	693	27	9868.0
5	528	27	13449.0
935	984	27	12974.0
11	220	27	6255.0
447	806	27	12831.0
334	771	27	5296.0
709	987	27	8627.0
87	654	27	7746.0
192	899	27	5371.0
108	563	27	6831.0
97	137	27	2591.0
60	940	27	8858.0
694	940	27	9496.0
31	449	27	8742.0
375	712	27	5940.0
196	905	27	12343.0
313	430	27	9147.0
475	952	27	12343.0
11	386	27	6237.0
241	830	27	10626.0
349	609	27	9850.0
376	847	27	9877.0
723	725	27	8085.0
894	951	27	7641.0
753	906	27	7763.0
244	435	26	10312.0
259	420	26	9531.0
343	436	26	11124.0
358	556	26	9397.0
195	291	26	4062.0
255	361	26	1143.0
557	813	26	6952.0
71	462	26	1443.0
462	714	26	1378.0
462	745	26	1491.0
402	818	26	8850.0
610	809	26	9863.0
605	682	26	5194.0
405	917	26	5287.0
234	282	26	11717.0
810	830	26	7423.0
120	380	26	2985.0
17	991	26	14290.0
601	663	26	14048.0
259	396	26	10918.0
217	917	26	4174.0
222	859	26	10355.0
96	424	26	4393.0
131	498	26	10555.0
149	211	26	6701.0
36	298	26	2013.0
14	225	26	5759.0
14	591	26	5559.0
21	427	26	3697.0
369	626	26	9453.0
494	895	26	4239.0
245	946	26	7703.0
594	603	26	7029.0
100	613	26	10060.0
360	738	26	6069.0
1	714	26	7544.0
465	573	26	4605.0
531	637	26	10180.0
289	539	26	3680.0
586	739	26	5482.0
13	434	26	8907.0
437	559	26	11623.0
221	366	26	3858.0
221	501	26	10535.0
637	817	26	12299.0
554	732	26	8853.0
206	954	26	2761.0
477	755	26	2673.0
376	457	26	7904.0
170	668	26	8255.0
345	509	26	11598.0
199	207	26	10044.0
797	866	26	7391.0
252	254	26	5518.0
559	927	26	15540.0
60	432	26	2945.0
44	586	26	12967.0
436	552	26	1254.0
599	634	26	9673.0
335	585	26	9149.0
302	592	26	8858.0
302	717	26	1664.0
191	286	26	10211.0
191	744	26	11793.0
576	951	26	4064.0
323	690	26	9498.0
137	182	26	8078.0
27	864	26	9099.0
600	951	26	7552.0
745	783	26	6513.0
463	638	26	8477.0
49	600	26	5350.0
7	453	26	11040.0
370	508	26	9832.0
674	953	26	7692.0
253	490	26	8052.0
184	810	26	10376.0
741	791	26	6902.0
516	833	26	15254.0
6	972	26	2011.0
264	482	26	6969.0
194	625	26	16355.0
286	550	26	14352.0
29	676	26	11089.0
77	913	26	11447.0
450	638	26	7362.0
301	846	26	13656.0
218	960	26	12207.0
243	517	26	12752.0
423	1000	26	14788.0
125	390	26	9134.0
550	574	26	6029.0
31	990	26	8883.0
723	990	26	7441.0
870	992	26	10987.0
311	433	26	9438.0
225	710	26	11237.0
131	430	26	8984.0
541	962	26	9135.0
44	375	26	7217.0
39	518	26	6916.0
768	996	26	8281.0
794	965	26	9737.0
719	982	26	15040.0
39	632	26	1621.0
112	868	26	2888.0
96	842	26	4588.0
158	598	26	4264.0
118	445	26	6429.0
526	682	26	5563.0
175	863	26	9220.0
39	779	26	11408.0
591	682	26	10847.0
151	783	26	7862.0
611	688	26	13549.0
416	644	26	10868.0
150	497	26	1676.0
158	775	26	1428.0
803	913	26	2631.0
272	587	26	10856.0
256	913	26	12405.0
258	843	26	9588.0
414	973	26	13948.0
43	960	26	10506.0
178	625	26	1729.0
78	924	26	10442.0
54	480	26	5007.0
526	710	26	5641.0
248	366	26	11691.0
111	608	26	2119.0
376	660	26	6326.0
331	615	26	10388.0
233	698	26	11783.0
190	675	26	2017.0
733	961	26	13637.0
40	466	26	8886.0
466	836	26	6974.0
733	948	26	6770.0
384	660	26	11585.0
85	467	26	8906.0
623	984	26	6839.0
493	613	26	5167.0
57	796	26	7110.0
316	865	26	10646.0
40	667	26	14005.0
191	436	26	5427.0
666	795	26	4545.0
141	178	26	7680.0
16	970	26	8603.0
345	969	26	8947.0
25	724	26	6075.0
37	44	26	4319.0
96	467	26	4415.0
542	672	26	7914.0
669	878	26	13640.0
280	469	26	9321.0
400	517	26	12446.0
20	588	26	8197.0
586	597	26	5656.0
170	775	26	5597.0
473	591	26	5357.0
472	665	26	8764.0
341	637	26	11499.0
637	678	26	12680.0
586	646	26	3491.0
734	793	26	12765.0
798	973	26	8564.0
814	818	26	1625.0
188	401	26	11027.0
231	900	26	10514.0
323	415	26	12574.0
393	941	26	15950.0
503	658	26	10503.0
424	664	26	5581.0
674	938	26	11213.0
110	498	26	1282.0
714	981	26	10124.0
445	578	26	6838.0
1	567	26	7735.0
68	831	26	7403.0
85	885	26	10344.0
99	717	26	1663.0
416	806	26	9378.0
105	629	26	8160.0
279	721	26	12739.0
16	956	26	3310.0
338	986	26	3238.0
113	592	26	1917.0
67	521	26	2222.0
67	566	26	2102.0
295	743	26	2011.0
79	804	26	10991.0
537	980	26	8626.0
560	836	26	4515.0
278	497	26	5537.0
234	352	26	2278.0
115	157	26	1522.0
634	738	26	10202.0
654	708	26	8843.0
654	907	26	9442.0
17	121	26	5555.0
415	690	26	9954.0
1	151	26	5302.0
151	745	26	8292.0
92	275	26	7701.0
275	815	26	13879.0
427	641	26	4907.0
62	918	26	7924.0
62	996	26	7889.0
655	789	26	9012.0
232	260	26	8100.0
742	897	26	1875.0
344	788	26	11688.0
462	887	26	1064.0
114	670	25	7087.0
170	583	25	1221.0
639	838	25	8635.0
862	945	25	5601.0
620	946	25	5846.0
929	946	25	4450.0
83	225	25	8746.0
83	682	25	8647.0
180	531	25	7656.0
32	524	25	4039.0
557	640	25	7332.0
116	674	25	6357.0
110	791	25	11357.0
82	906	25	7775.0
324	906	25	8786.0
455	517	25	10846.0
52	335	25	4809.0
755	872	25	5757.0
527	931	25	6642.0
812	956	25	1150.0
117	225	25	9544.0
117	413	25	7824.0
117	591	25	8464.0
4	695	25	9707.0
145	719	25	10104.0
182	733	25	10817.0
795	804	25	11947.0
225	526	25	5543.0
526	591	25	5543.0
448	885	25	9822.0
312	508	25	6758.0
324	737	25	9431.0
429	511	25	7260.0
385	957	25	11035.0
827	841	25	8225.0
341	608	25	2198.0
299	735	25	8042.0
597	691	25	8192.0
206	784	25	7240.0
109	383	25	7732.0
294	394	25	3543.0
13	789	25	8875.0
99	285	25	9052.0
513	515	25	8284.0
457	745	25	11124.0
527	755	25	9501.0
707	804	25	9442.0
44	840	25	10718.0
583	586	25	9319.0
683	840	25	6560.0
583	786	25	9376.0
235	618	25	8493.0
235	624	25	10450.0
176	707	25	10142.0
360	634	25	3896.0
567	745	25	5526.0
425	654	25	4302.0
67	823	25	2071.0
941	997	25	10828.0
481	729	25	10468.0
114	672	25	6773.0
3	167	25	2793.0
123	229	25	2423.0
178	194	25	1754.0
71	854	25	8123.0
68	729	25	8257.0
449	866	25	9455.0
117	364	25	9417.0
364	798	25	7079.0
492	687	25	12059.0
838	1000	25	4582.0
606	634	25	10147.0
45	602	25	7492.0
532	602	25	9534.0
184	241	25	12799.0
95	296	25	7817.0
189	321	25	7532.0
109	487	25	8364.0
169	298	25	6844.0
519	574	25	12072.0
27	731	25	8798.0
220	270	25	8370.0
0	333	25	5962.0
495	513	25	11111.0
709	858	25	10044.0
456	558	25	1818.0
196	430	25	10749.0
196	698	25	7692.0
705	715	25	3201.0
369	681	25	10536.0
137	759	25	7474.0
456	653	25	10313.0
457	458	25	12040.0
26	378	25	7199.0
14	605	25	9156.0
29	199	25	6563.0
508	631	25	10500.0
530	862	25	9537.0
104	800	25	6186.0
840	909	25	3913.0
286	541	25	3103.0
681	936	25	11452.0
125	233	25	8685.0
583	691	25	3066.0
407	424	25	7533.0
41	398	25	3335.0
385	727	25	12047.0
37	598	25	5478.0
132	658	25	8014.0
843	865	25	8209.0
87	708	25	7846.0
128	792	25	7812.0
777	996	25	7409.0
595	899	25	6459.0
213	548	25	4852.0
458	745	25	10621.0
544	638	25	11024.0
137	500	25	7039.0
536	603	25	7617.0
163	415	25	1820.0
605	879	25	3439.0
269	480	25	9190.0
473	879	25	10094.0
82	305	25	7512.0
312	333	25	10423.0
432	694	25	3019.0
37	583	25	5603.0
380	936	25	7266.0
21	34	25	1295.0
458	847	25	6227.0
167	282	25	11530.0
561	653	25	8009.0
574	986	25	9802.0
442	897	25	11231.0
417	610	25	1263.0
523	948	25	12277.0
150	252	25	1176.0
86	818	25	7599.0
97	523	25	12658.0
86	767	25	7333.0
338	861	25	3301.0
239	362	25	5253.0
215	353	25	11953.0
669	689	25	9234.0
17	204	25	6060.0
773	806	25	8798.0
59	867	25	10300.0
108	372	25	6869.0
122	715	25	6586.0
79	176	25	10475.0
480	546	25	7902.0
668	739	25	9065.0
2	504	25	2593.0
613	959	25	10176.0
473	590	25	9568.0
502	902	25	12161.0
361	705	25	8083.0
345	427	25	3787.0
669	943	25	13545.0
612	614	25	12874.0
274	303	25	9123.0
38	171	25	2409.0
171	700	25	4795.0
448	975	25	11002.0
693	912	25	6492.0
503	787	25	10450.0
14	973	25	5573.0
413	973	25	13235.0
467	899	25	6560.0
401	680	25	11181.0
164	990	25	5890.0
258	975	25	7120.0
203	639	25	7260.0
101	679	25	8810.0
171	377	25	13436.0
725	990	25	11123.0
173	601	25	2650.0
134	328	25	3000.0
334	607	25	4482.0
682	798	25	5053.0
682	879	25	9178.0
862	964	25	9061.0
535	715	25	11150.0
759	862	25	3811.0
361	607	25	10043.0
660	915	25	1111.0
20	750	25	7502.0
764	956	25	1357.0
582	933	25	2317.0
88	696	25	13110.0
60	67	25	1337.0
364	590	25	4678.0
230	570	25	13113.0
167	717	25	1675.0
19	996	25	6886.0
14	252	25	5556.0
640	701	25	3163.0
737	906	25	9674.0
591	879	25	8862.0
229	646	25	6547.0
289	639	25	5047.0
364	710	25	10816.0
156	206	25	1515.0
78	344	25	10269.0
720	728	25	3334.0
697	946	25	7703.0
586	746	25	8044.0
245	929	25	4428.0
529	533	25	10357.0
516	820	25	15725.0
733	800	25	3836.0
87	603	25	5914.0
113	338	25	1151.0
37	786	25	4891.0
145	381	25	8744.0
404	465	25	3732.0
465	897	25	12166.0
581	592	25	11394.0
591	973	25	16262.0
63	943	25	8049.0
146	706	25	6215.0
108	798	25	5512.0
232	487	25	11855.0
326	406	25	5908.0
429	918	25	9080.0
430	780	25	10963.0
641	925	25	9796.0
258	316	25	7792.0
316	467	25	11225.0
603	752	25	6975.0
397	470	25	8692.0
98	266	25	6918.0
124	962	25	2321.0
469	611	25	11056.0
498	849	25	10197.0
858	987	25	7163.0
907	966	25	14089.0
115	504	25	1417.0
290	970	25	12909.0
796	957	25	6682.0
205	845	25	9089.0
350	845	25	9243.0
328	962	25	3751.0
35	112	25	2758.0
180	953	25	9980.0
84	871	25	5818.0
390	849	24	6306.0
152	392	24	12625.0
510	541	24	11201.0
67	575	24	2155.0
213	974	24	2724.0
934	974	24	6608.0
69	625	24	11165.0
158	926	24	3357.0
434	993	24	10762.0
265	405	24	10052.0
600	894	24	12390.0
491	891	24	11405.0
554	565	24	9865.0
677	841	24	10219.0
457	660	24	12860.0
790	978	24	9643.0
148	825	24	2526.0
24	382	24	6779.0
203	572	24	2007.0
167	285	24	3263.0
771	934	24	11578.0
282	592	24	3799.0
592	965	24	1798.0
206	639	24	5440.0
512	544	24	1019.0
364	605	24	5063.0
381	719	24	11760.0
75	527	24	4338.0
95	221	24	8861.0
204	314	24	6506.0
270	971	24	11925.0
134	351	24	7969.0
216	548	24	6613.0
361	548	24	5883.0
299	929	24	3925.0
203	423	24	3320.0
902	903	24	10969.0
687	963	24	11388.0
12	744	24	8328.0
53	428	24	3759.0
48	900	24	7336.0
468	558	24	11572.0
204	857	24	8645.0
814	929	24	4428.0
308	364	24	1990.0
107	869	24	6345.0
116	531	24	3144.0
209	748	24	8070.0
209	775	24	5273.0
228	451	24	5112.0
34	359	24	5444.0
583	739	24	2007.0
158	998	24	3279.0
261	323	24	11062.0
683	748	24	8742.0
605	710	24	5255.0
313	791	24	4474.0
209	598	24	8107.0
209	786	24	8426.0
144	236	24	9862.0
764	887	24	2765.0
99	349	24	8732.0
326	354	24	6826.0
603	708	24	6696.0
327	370	24	6646.0
548	705	24	10958.0
349	923	24	3193.0
759	948	24	2494.0
60	521	24	8857.0
216	705	24	8691.0
509	641	24	10697.0
400	803	24	13705.0
720	980	24	4169.0
257	644	24	8339.0
153	798	24	8000.0
371	798	24	6316.0
44	909	24	4602.0
159	404	24	1101.0
178	749	24	1713.0
239	564	24	6682.0
545	822	24	10179.0
22	312	24	6798.0
22	370	24	6127.0
114	995	24	7183.0
79	645	24	11519.0
143	996	24	2492.0
780	791	24	4544.0
364	751	24	2363.0
395	423	24	1407.0
571	797	24	7687.0
171	235	24	6414.0
502	661	24	9163.0
471	634	24	9389.0
467	975	24	12600.0
199	496	24	5952.0
626	650	24	7162.0
755	808	24	9846.0
305	737	24	9386.0
539	838	24	6601.0
855	1002	24	10020.0
376	726	24	984.0
342	482	24	7432.0
299	814	24	6884.0
135	611	24	8126.0
541	844	24	9829.0
544	944	24	2467.0
159	827	24	8319.0
107	824	24	8043.0
324	987	24	7666.0
188	950	24	5758.0
111	678	24	8617.0
651	943	24	1958.0
733	943	24	1506.0
79	721	24	7635.0
885	975	24	11583.0
172	713	24	8813.0
139	207	24	8789.0
419	880	24	5842.0
34	604	24	5340.0
215	502	24	12037.0
316	843	24	6833.0
407	843	24	6971.0
62	429	24	7927.0
153	364	24	4483.0
610	655	24	8180.0
346	918	24	9651.0
541	550	24	5571.0
780	849	24	7915.0
589	790	24	4973.0
304	667	24	11902.0
121	204	24	8686.0
725	756	24	11741.0
390	791	24	4483.0
450	924	24	6892.0
701	991	24	12531.0
169	315	24	7029.0
164	725	24	5826.0
158	675	24	10216.0
359	427	24	3936.0
220	386	24	8773.0
366	415	24	5381.0
567	785	24	5666.0
233	390	24	11221.0
191	962	24	6007.0
70	265	24	3059.0
601	759	24	2373.0
653	814	24	2942.0
836	1001	24	2058.0
319	804	24	3263.0
375	746	24	2608.0
568	701	24	12417.0
65	525	24	1444.0
949	1001	24	8936.0
97	945	24	3605.0
372	591	24	3969.0
591	751	24	1841.0
282	794	24	10299.0
38	187	24	2430.0
38	410	24	2381.0
640	813	24	9119.0
231	760	24	3471.0
116	938	24	6087.0
84	431	24	8477.0
136	350	24	8330.0
148	150	24	1378.0
314	568	24	9672.0
509	969	24	11722.0
96	363	24	1155.0
510	962	24	3972.0
4	502	24	14923.0
467	843	24	10328.0
583	712	24	6294.0
235	410	24	6135.0
302	923	24	2139.0
97	173	24	2987.0
34	641	24	2647.0
383	487	24	9876.0
169	257	24	7481.0
357	651	24	11396.0
651	855	24	10263.0
3	352	24	2337.0
601	945	24	3236.0
112	693	24	3872.0
282	285	24	3263.0
495	631	24	10159.0
89	447	24	8364.0
210	573	24	11286.0
110	336	24	9078.0
578	667	24	6192.0
83	526	24	5543.0
607	934	24	11660.0
581	923	24	11937.0
237	688	24	11640.0
321	555	24	1295.0
169	773	24	5315.0
846	992	24	10614.0
377	977	24	10743.0
276	688	24	10162.0
457	567	24	7813.0
413	589	24	5423.0
863	1002	24	10370.0
500	948	24	2414.0
836	949	24	2285.0
353	661	24	11220.0
96	865	24	4245.0
200	685	24	8120.0
285	349	24	10080.0
746	786	24	7902.0
120	311	24	3754.0
845	983	24	9080.0
119	516	24	15134.0
314	701	24	8125.0
748	786	24	13027.0
774	786	24	12851.0
124	844	24	7566.0
252	973	24	11990.0
265	632	24	2282.0
151	660	24	8436.0
8	695	24	7318.0
733	945	24	9446.0
683	775	24	13437.0
176	279	24	5852.0
1	854	24	3966.0
151	854	24	6258.0
715	747	24	10624.0
675	683	24	2663.0
199	435	24	8776.0
148	497	24	4333.0
285	581	24	9775.0
298	742	24	2004.0
404	573	24	11398.0
112	912	24	3755.0
609	923	24	3382.0
886	964	24	1453.0
100	633	24	9747.0
210	897	24	3907.0
577	937	23	9680.0
147	728	23	5958.0
367	631	23	5445.0
684	777	23	5796.0
494	735	23	4358.0
303	867	23	8029.0
560	949	23	9277.0
488	962	23	7866.0
321	765	23	5612.0
147	980	23	6017.0
241	810	23	8313.0
272	481	23	11333.0
178	355	23	1739.0
16	395	23	2812.0
347	394	23	3687.0
201	747	23	10314.0
575	883	23	1711.0
795	883	23	7567.0
107	770	23	7465.0
663	886	23	4687.0
619	982	23	10595.0
106	461	23	1517.0
43	403	23	10524.0
49	875	23	5799.0
334	391	23	7073.0
235	265	23	13135.0
827	889	23	8890.0
522	602	23	7973.0
572	954	23	1988.0
118	837	23	7219.0
145	982	23	9908.0
215	348	23	8668.0
712	786	23	9583.0
35	635	23	6673.0
387	473	23	1066.0
120	650	23	3708.0
408	425	23	5082.0
51	687	23	7940.0
9	214	23	11117.0
393	997	23	10794.0
3	302	23	7871.0
94	554	23	6622.0
107	607	23	8766.0
225	589	23	5422.0
843	975	23	8073.0
224	983	23	9431.0
720	830	23	10541.0
830	972	23	2660.0
215	902	23	13501.0
303	758	23	7235.0
216	382	23	1733.0
83	254	23	5517.0
186	956	23	9573.0
50	239	23	4383.0
751	798	23	6766.0
777	918	23	3059.0
57	686	23	7178.0
530	733	23	3759.0
733	964	23	3229.0
5	559	23	12986.0
461	494	23	4089.0
214	445	23	10411.0
129	763	23	1914.0
586	598	23	5819.0
71	457	23	7620.0
421	728	23	8301.0
160	614	23	11310.0
225	414	23	9464.0
447	825	23	16310.0
199	643	23	6183.0
455	803	23	11264.0
8	903	23	5565.0
361	771	23	7722.0
172	647	23	8971.0
338	717	23	1669.0
153	751	23	5674.0
847	956	23	1350.0
775	840	23	7986.0
508	513	23	10664.0
423	525	23	12639.0
23	843	23	7162.0
2	295	23	3647.0
353	695	23	9707.0
95	501	23	8208.0
413	754	23	5186.0
306	327	23	3797.0
452	725	23	10250.0
47	582	23	6163.0
855	863	23	9953.0
530	961	23	2698.0
238	735	23	6396.0
377	410	23	9658.0
65	981	23	1033.0
621	859	23	11348.0
274	484	23	1451.0
87	140	23	1198.0
87	408	23	7824.0
79	707	23	9636.0
601	964	23	10405.0
375	840	23	6598.0
931	959	23	8659.0
234	302	23	2910.0
289	358	23	6378.0
341	953	23	11216.0
279	645	23	8358.0
234	894	23	1389.0
704	955	23	15417.0
758	867	23	11758.0
235	377	23	6260.0
663	800	23	11836.0
466	1001	23	6575.0
760	900	23	3063.0
445	667	23	9210.0
71	783	23	2937.0
421	830	23	2371.0
830	980	23	2265.0
405	779	23	11264.0
764	954	23	4911.0
713	915	23	1694.0
234	285	23	3266.0
555	776	23	13419.0
701	857	23	2370.0
607	974	23	10498.0
242	963	23	9928.0
691	739	23	7872.0
436	541	23	6801.0
196	233	23	12467.0
196	390	23	7235.0
196	791	23	2685.0
730	839	23	10136.0
413	473	23	2235.0
539	1000	23	3757.0
572	1000	23	1322.0
856	1000	23	3387.0
887	1000	23	5066.0
471	738	23	11044.0
291	310	23	3942.0
263	647	23	4930.0
112	379	23	3690.0
131	196	23	10574.0
380	681	23	7070.0
108	308	23	6721.0
308	372	23	8418.0
326	555	23	6867.0
281	554	23	7136.0
726	785	23	1414.0
156	423	23	1391.0
651	1002	23	11142.0
173	500	23	10130.0
37	375	23	2261.0
467	826	23	13688.0
209	229	23	9166.0
209	998	23	7754.0
61	556	23	7994.0
245	620	23	6527.0
352	861	23	2242.0
642	964	23	9918.0
151	714	23	8538.0
162	203	23	1711.0
162	954	23	2043.0
67	432	23	2130.0
86	402	23	7675.0
125	131	23	4973.0
948	961	23	5721.0
642	800	23	9747.0
387	422	23	8742.0
334	824	23	7463.0
418	732	23	7547.0
44	668	23	6711.0
343	510	23	4788.0
248	323	23	9544.0
323	501	23	11199.0
265	410	23	3961.0
252	754	23	4869.0
311	681	23	4333.0
901	904	23	1699.0
576	894	23	8114.0
704	718	23	12311.0
423	911	23	1281.0
213	307	23	2805.0
331	766	23	8696.0
146	168	23	5456.0
182	601	23	2333.0
87	425	23	1991.0
118	578	23	7104.0
399	764	23	3686.0
254	879	23	3840.0
573	811	23	2852.0
371	591	23	1376.0
563	879	23	6462.0
333	370	23	8432.0
573	742	23	12002.0
70	405	23	4274.0
87	253	23	7949.0
728	980	23	10038.0
233	313	23	10075.0
10	692	23	10273.0
645	666	23	7515.0
431	882	23	9301.0
646	746	23	3192.0
143	365	23	3922.0
474	787	23	7090.0
670	995	23	8932.0
945	961	23	9513.0
523	862	23	13992.0
72	804	23	1268.0
761	916	23	10499.0
188	778	23	2134.0
137	862	23	4535.0
407	842	23	5177.0
282	861	23	9376.0
363	595	23	6201.0
374	481	23	11333.0
65	911	23	9731.0
9	837	23	9269.0
906	987	23	7165.0
253	594	23	4564.0
46	205	23	7804.0
219	228	23	4346.0
219	365	23	4434.0
313	849	23	6129.0
381	989	23	9096.0
67	762	23	2074.0
521	762	23	9626.0
315	478	23	13614.0
653	697	23	2733.0
775	786	23	13034.0
148	278	23	5341.0
614	662	23	13132.0
649	742	23	1457.0
742	841	23	1464.0
570	890	23	2988.0
3	861	23	2702.0
185	213	23	4463.0
200	213	23	4463.0
209	226	23	4881.0
23	448	23	2672.0
436	510	23	1810.0
350	444	23	8846.0
545	570	23	3420.0
640	991	23	9318.0
280	736	23	2079.0
315	825	23	12447.0
689	943	23	9301.0
72	707	23	2420.0
633	755	23	9665.0
571	725	22	8732.0
386	750	22	8294.0
71	525	22	1504.0
525	714	22	1348.0
525	726	22	1360.0
99	302	22	8027.0
302	349	22	8781.0
308	563	22	7399.0
371	563	22	7399.0
694	883	22	1766.0
588	750	22	9203.0
71	151	22	3382.0
151	376	22	3950.0
14	117	22	4715.0
117	252	22	9336.0
358	784	22	7753.0
656	851	22	2406.0
531	678	22	9161.0
982	989	22	9149.0
147	537	22	5960.0
417	434	22	11111.0
70	863	22	4962.0
457	981	22	10055.0
180	637	22	4503.0
279	666	22	12656.0
81	607	22	7618.0
514	702	22	12752.0
20	386	22	8174.0
166	525	22	11742.0
213	607	22	5151.0
434	655	22	11799.0
304	466	22	6010.0
204	640	22	11615.0
661	695	22	9175.0
9	949	22	9276.0
431	474	22	8863.0
500	961	22	10382.0
95	415	22	8638.0
108	153	22	4393.0
108	879	22	6475.0
519	550	22	5979.0
538	937	22	9603.0
154	803	22	12390.0
362	979	22	10603.0
99	986	22	2109.0
117	682	22	9366.0
117	710	22	9707.0
488	550	22	16348.0
239	979	22	4512.0
678	817	22	15245.0
891	893	22	14778.0
686	727	22	9362.0
453	891	22	15547.0
357	1002	22	5738.0
0	367	22	4175.0
48	231	22	7169.0
94	418	22	6425.0
576	875	22	4976.0
418	554	22	7482.0
666	707	22	3928.0
69	355	22	11346.0
258	826	22	10727.0
171	518	22	11829.0
343	844	22	3207.0
353	502	22	12948.0
112	922	22	3940.0
748	909	22	3768.0
841	978	22	2827.0
197	382	22	2210.0
663	961	22	5491.0
178	626	22	9452.0
213	361	22	4993.0
688	985	22	11759.0
103	463	22	6852.0
230	867	22	12633.0
153	973	22	6442.0
113	581	22	8256.0
3	717	22	1664.0
596	949	22	6619.0
410	881	22	4562.0
123	375	22	2302.0
123	998	22	2324.0
234	794	22	10880.0
121	701	22	2199.0
346	777	22	8043.0
485	736	22	6087.0
424	865	22	4945.0
121	991	22	8071.0
209	586	22	4479.0
209	675	22	16956.0
586	675	22	3738.0
598	675	22	7294.0
676	967	22	11344.0
759	968	22	7929.0
979	984	22	6144.0
448	636	22	10369.0
310	529	22	3852.0
438	910	22	8830.0
308	590	22	6956.0
563	590	22	6566.0
314	640	22	7291.0
376	462	22	1015.0
384	423	22	1491.0
502	903	22	10975.0
4	348	22	9479.0
737	987	22	8295.0
71	981	22	5074.0
636	885	22	12041.0
16	761	22	8442.0
955	996	22	2697.0
133	831	22	7307.0
49	951	22	5536.0
720	810	22	8923.0
523	964	22	8798.0
531	674	22	5652.0
436	550	22	10588.0
162	639	22	4722.0
32	880	22	4318.0
474	871	22	6237.0
364	973	22	16309.0
252	605	22	5063.0
264	342	22	6595.0
477	613	22	3565.0
176	883	22	8581.0
118	667	22	5384.0
598	646	22	6765.0
646	774	22	7701.0
169	478	22	7230.0
311	936	22	3799.0
93	456	22	6011.0
537	810	22	1755.0
537	830	22	3691.0
186	395	22	13485.0
186	713	22	8913.0
186	915	22	11716.0
195	529	22	3764.0
62	628	22	1165.0
143	228	22	3834.0
330	411	22	9846.0
182	968	22	10593.0
58	996	22	1827.0
458	567	22	7048.0
143	930	22	2463.0
182	948	22	2460.0
561	802	22	8015.0
377	881	22	6699.0
99	609	22	8554.0
326	706	22	5926.0
206	1000	22	1464.0
408	603	22	8907.0
197	771	22	6690.0
623	763	22	3600.0
353	903	22	11969.0
8	902	22	8170.0
241	537	22	5053.0
79	666	22	3602.0
169	644	22	7198.0
53	223	22	3828.0
99	923	22	3360.0
296	489	22	995.0
873	950	22	13136.0
118	466	22	4661.0
466	560	22	8614.0
235	405	22	10987.0
427	969	22	3296.0
54	812	22	3261.0
416	447	22	9959.0
106	494	22	1483.0
414	754	22	4628.0
216	974	22	3975.0
316	448	22	2307.0
189	706	22	1645.0
362	802	22	3264.0
768	918	22	3947.0
372	590	22	9379.0
265	337	22	3381.0
420	629	22	10216.0
812	915	22	3537.0
650	936	22	5049.0
378	529	22	8141.0
203	289	22	2008.0
764	854	22	1476.0
519	923	22	9598.0
312	515	22	8567.0
168	555	22	8853.0
257	416	22	6493.0
520	819	22	8500.0
293	932	22	8926.0
171	779	22	1035.0
423	954	22	4566.0
457	726	22	1359.0
457	764	22	1460.0
457	956	22	1366.0
88	749	22	12974.0
434	789	22	9033.0
530	886	22	1977.0
530	968	22	1238.0
713	812	22	8801.0
198	321	22	4404.0
44	597	22	5816.0
7	491	22	11246.0
440	579	22	9107.0
241	728	22	2760.0
73	299	22	3791.0
73	946	22	3333.0
290	916	22	12800.0
412	922	22	8712.0
77	292	22	12031.0
377	518	22	11264.0
333	631	22	7210.0
611	736	22	5967.0
35	665	22	3647.0
143	511	22	2420.0
91	245	22	1309.0
876	956	22	3484.0
597	668	22	9736.0
41	356	22	3295.0
648	987	22	7785.0
99	861	22	1696.0
450	544	22	7178.0
252	371	22	1555.0
653	802	22	9358.0
34	509	22	2882.0
50	129	22	1947.0
127	702	22	8751.0
301	992	22	11345.0
734	760	22	15747.0
648	737	22	8613.0
648	753	22	8264.0
648	858	22	6219.0
432	762	22	3004.0
639	887	22	9058.0
186	726	22	8148.0
182	945	22	8580.0
95	323	22	8495.0
196	313	22	6887.0
598	746	22	5396.0
164	571	21	5780.0
410	700	21	3265.0
441	480	21	14079.0
139	244	21	8923.0
620	818	21	2402.0
478	806	21	9223.0
597	683	21	9845.0
286	436	21	7896.0
426	538	21	11351.0
305	648	21	7048.0
264	428	21	6410.0
668	683	21	9497.0
412	912	21	6869.0
423	539	21	1116.0
432	823	21	3004.0
491	893	21	12078.0
47	790	21	6053.0
670	672	21	11586.0
128	393	21	7371.0
695	903	21	7684.0
838	856	21	11094.0
494	814	21	4210.0
494	946	21	2070.0
918	930	21	1710.0
692	957	21	2982.0
223	264	21	6023.0
140	708	21	1409.0
153	563	21	5064.0
456	942	21	7640.0
167	478	21	1298.0
405	518	21	4071.0
328	343	21	4062.0
338	609	21	10118.0
169	447	21	7096.0
197	548	21	5903.0
352	794	21	1402.0
493	755	21	4179.0
172	924	21	7055.0
72	79	21	1953.0
496	676	21	10639.0
229	598	21	1135.0
230	303	21	7862.0
230	758	21	11915.0
117	590	21	2031.0
590	710	21	2215.0
517	803	21	13199.0
646	926	21	3462.0
166	462	21	11475.0
453	460	21	11127.0
104	862	21	5580.0
99	167	21	1761.0
158	786	21	5035.0
158	874	21	6889.0
96	899	21	4475.0
101	426	21	8869.0
209	746	21	4252.0
258	407	21	8101.0
407	826	21	8044.0
563	751	21	7328.0
8	348	21	7150.0
233	498	21	10147.0
379	412	21	10491.0
364	473	21	6732.0
118	214	21	5770.0
396	629	21	13099.0
668	748	21	3063.0
19	62	21	2019.0
168	198	21	8769.0
168	706	21	8725.0
551	733	21	1509.0
393	920	21	14616.0
282	894	21	1362.0
333	508	21	5862.0
770	934	21	4104.0
824	934	21	3618.0
376	764	21	1020.0
764	785	21	1475.0
785	1000	21	1334.0
854	1000	21	1403.0
360	606	21	4134.0
308	798	21	6421.0
294	851	21	2789.0
35	912	21	3868.0
182	500	21	10172.0
108	751	21	6840.0
548	715	21	3201.0
578	949	21	8557.0
143	346	21	2557.0
53	482	21	3777.0
376	981	21	5341.0
349	794	21	2939.0
337	405	21	3546.0
684	996	21	11459.0
97	104	21	4364.0
500	886	21	10708.0
19	143	21	2485.0
169	806	21	7240.0
529	919	21	5139.0
618	779	21	4957.0
779	917	21	4682.0
530	642	21	9699.0
257	298	21	8354.0
800	961	21	2709.0
763	979	21	2904.0
191	488	21	10119.0
232	383	21	9375.0
202	494	21	5320.0
673	807	21	11875.0
250	306	21	12513.0
282	609	21	4400.0
143	768	21	2496.0
141	681	21	3937.0
254	710	21	5666.0
45	685	21	8257.0
142	919	21	1126.0
296	501	21	10805.0
161	545	21	8238.0
466	949	21	6715.0
173	948	21	2791.0
707	883	21	7854.0
104	948	21	5485.0
387	716	21	11604.0
241	421	21	3802.0
241	980	21	3607.0
282	349	21	3176.0
847	981	21	5403.0
522	685	21	8354.0
500	733	21	13880.0
945	968	21	9268.0
270	750	21	9170.0
750	971	21	9882.0
647	654	21	2359.0
406	776	21	1262.0
802	942	21	9776.0
221	415	21	10681.0
307	532	21	2011.0
37	586	21	4905.0
551	669	21	9666.0
182	759	21	7371.0
253	966	21	1658.0
62	684	21	8007.0
248	296	21	2077.0
146	776	21	6809.0
97	182	21	3023.0
429	930	21	3250.0
198	776	21	13809.0
41	717	21	3520.0
281	565	21	7967.0
19	511	21	11649.0
289	1000	21	1079.0
325	585	21	9234.0
393	971	21	3347.0
480	647	21	1872.0
63	669	21	8580.0
329	843	21	4603.0
279	319	21	12203.0
303	890	21	9634.0
65	785	21	1419.0
525	785	21	1455.0
448	865	21	3546.0
122	201	21	6642.0
191	343	21	6452.0
300	934	21	1145.0
912	922	21	8165.0
104	642	21	6242.0
112	635	21	3837.0
25	334	21	4240.0
101	577	21	8541.0
414	879	21	7045.0
215	695	21	9707.0
116	637	21	1569.0
166	423	21	11547.0
252	589	21	5424.0
256	292	21	9573.0
256	799	21	8550.0
125	196	21	7116.0
683	691	21	9075.0
100	808	21	10661.0
447	478	21	12909.0
113	550	21	5239.0
258	899	21	3152.0
254	591	21	5555.0
789	993	21	10077.0
315	416	21	6698.0
168	776	21	9358.0
898	999	21	2887.0
27	320	21	9718.0
445	1001	21	7992.0
469	688	21	9436.0
128	920	21	8063.0
576	794	21	3614.0
470	671	21	8784.0
12	436	21	3240.0
54	441	21	4966.0
177	829	21	10883.0
714	847	21	7517.0
202	895	21	2472.0
348	353	21	11605.0
253	654	21	8027.0
939	986	21	11068.0
279	804	21	3973.0
739	786	21	4771.0
134	550	21	8881.0
186	263	21	5227.0
408	994	21	7770.0
708	994	21	4950.0
516	988	21	16318.0
466	596	21	11689.0
151	384	21	8510.0
941	971	21	3339.0
492	963	21	10829.0
372	798	21	8832.0
110	313	21	6244.0
286	962	21	7338.0
16	726	21	2825.0
591	798	21	6568.0
728	830	21	1423.0
370	515	21	7243.0
261	501	21	3927.0
800	886	21	1986.0
281	418	21	7155.0
523	961	21	7608.0
66	388	21	1324.0
196	849	21	11667.0
363	407	20	3697.0
152	549	20	10926.0
146	422	20	6281.0
146	976	20	6392.0
117	879	20	8526.0
317	382	20	9059.0
151	785	20	7913.0
225	364	20	12076.0
265	779	20	10871.0
216	934	20	8868.0
683	746	20	7614.0
608	637	20	4021.0
135	736	20	1390.0
285	965	20	2306.0
262	613	20	3938.0
808	872	20	6560.0
654	827	20	1425.0
654	889	20	1333.0
484	570	20	3261.0
20	270	20	7789.0
567	854	20	4036.0
156	639	20	5012.0
523	642	20	11439.0
315	510	20	1032.0
562	673	20	8164.0
110	240	20	8793.0
598	683	20	4744.0
12	550	20	8205.0
423	838	20	1939.0
298	825	20	11756.0
164	797	20	5873.0
313	390	20	13207.0
167	609	20	4409.0
123	226	20	2331.0
123	646	20	1266.0
123	926	20	2355.0
239	623	20	5342.0
423	847	20	1502.0
39	618	20	4503.0
57	385	20	7076.0
173	663	20	2569.0
692	796	20	10774.0
165	326	20	5054.0
568	813	20	4455.0
462	956	20	1383.0
123	874	20	2358.0
379	693	20	7275.0
578	1001	20	7584.0
209	712	20	7616.0
304	560	20	2975.0
764	856	20	1078.0
498	698	20	4815.0
543	544	20	9773.0
36	210	20	7307.0
210	569	20	9640.0
497	999	20	4465.0
500	862	20	4596.0
787	882	20	6936.0
568	617	20	8376.0
568	857	20	3984.0
151	458	20	8551.0
505	841	20	1965.0
308	473	20	7326.0
346	930	20	6323.0
19	684	20	4968.0
698	849	20	6752.0
124	343	20	3319.0
423	981	20	1066.0
77	799	20	10821.0
88	516	20	3033.0
150	825	20	1828.0
593	627	20	6283.0
593	823	20	7514.0
717	794	20	1397.0
235	632	20	4425.0
69	88	20	9409.0
642	961	20	12619.0
226	675	20	4848.0
52	585	20	5197.0
279	707	20	4943.0
727	957	20	12033.0
316	363	20	5797.0
151	847	20	3931.0
705	974	20	8294.0
156	442	20	1598.0
156	811	20	1954.0
329	885	20	11222.0
28	873	20	12606.0
639	784	20	1823.0
39	410	20	3420.0
96	258	20	1736.0
169	825	20	8199.0
252	526	20	5543.0
710	879	20	8703.0
175	357	20	9408.0
260	383	20	7815.0
539	639	20	6729.0
36	404	20	8296.0
172	441	20	3335.0
17	640	20	6326.0
298	404	20	1801.0
298	569	20	2055.0
262	755	20	3015.0
282	478	20	1298.0
345	641	20	10651.0
38	479	20	2482.0
62	777	20	2734.0
107	715	20	3200.0
46	444	20	6303.0
444	983	20	9560.0
689	878	20	10544.0
636	843	20	4228.0
125	498	20	4302.0
110	125	20	6050.0
637	938	20	1347.0
16	65	20	2583.0
112	472	20	3840.0
156	838	20	4944.0
156	887	20	4904.0
281	732	20	7859.0
565	732	20	10149.0
9	1001	20	8921.0
202	701	20	4860.0
150	973	20	5389.0
46	224	20	7715.0
152	921	20	10212.0
456	802	20	8714.0
214	1001	20	8761.0
379	868	20	6694.0
868	912	20	3984.0
83	414	20	12725.0
85	329	20	9833.0
655	702	20	7752.0
364	372	20	4640.0
167	349	20	3178.0
467	885	20	9401.0
466	578	20	6095.0
133	272	20	7205.0
207	435	20	10436.0
852	942	20	9723.0
592	609	20	10564.0
254	790	20	2433.0
97	500	20	2471.0
767	829	20	9984.0
442	539	20	3057.0
508	515	20	4955.0
377	700	20	2041.0
258	842	20	2370.0
457	847	20	7398.0
436	488	20	7977.0
481	831	20	8396.0
576	600	20	6892.0
537	728	20	7795.0
635	922	20	8859.0
265	377	20	1867.0
34	247	20	5371.0
64	688	20	8463.0
294	896	20	1538.0
558	734	20	13239.0
239	809	20	1289.0
627	762	20	7487.0
93	561	20	7080.0
816	947	20	4583.0
71	660	20	5829.0
86	829	20	6884.0
321	354	20	1349.0
353	902	20	14209.0
751	973	20	4340.0
330	529	20	10376.0
234	790	20	1976.0
23	842	20	1143.0
40	949	20	3655.0
253	603	20	6353.0
209	874	20	10795.0
30	686	20	8701.0
686	957	20	8388.0
372	682	20	2436.0
691	774	20	2006.0
108	473	20	6309.0
227	772	20	2684.0
143	684	20	2438.0
429	684	20	10655.0
911	956	20	13294.0
794	861	20	8924.0
133	374	20	7062.0
441	812	20	9428.0
826	842	20	1148.0
70	779	20	4024.0
337	779	20	3238.0
97	642	20	11333.0
717	965	20	1046.0
33	987	20	6737.0
156	465	20	1903.0
156	897	20	1922.0
90	424	20	2490.0
107	724	20	6250.0
510	825	20	1240.0
466	837	20	5175.0
54	546	20	4779.0
156	1000	20	3231.0
284	514	20	9216.0
284	655	20	8439.0
123	909	20	1281.0
159	742	20	1136.0
677	742	20	1464.0
3	923	20	1060.0
450	543	20	7776.0
675	775	20	4173.0
72	795	20	2909.0
9	836	20	5523.0
633	872	20	5491.0
328	436	20	4508.0
35	379	19	6612.0
123	158	19	1314.0
284	702	19	7879.0
9	466	19	10043.0
556	784	19	7605.0
683	739	19	9805.0
467	595	19	2058.0
948	968	19	4151.0
213	705	19	4988.0
473	563	19	5876.0
70	1002	19	5382.0
304	445	19	3190.0
603	647	19	2544.0
463	543	19	8294.0
306	360	19	2416.0
306	367	19	2498.0
306	370	19	7294.0
306	495	19	5531.0
685	884	19	10172.0
143	212	19	3862.0
642	759	19	6482.0
646	998	19	3335.0
624	779	19	6740.0
377	405	19	962.0
200	532	19	5308.0
117	526	19	4706.0
78	512	19	10468.0
180	678	19	3082.0
609	861	19	4539.0
675	786	19	7435.0
104	964	19	6306.0
425	708	19	2188.0
708	966	19	2070.0
500	759	19	7758.0
252	879	19	9817.0
262	630	19	10362.0
225	254	19	5518.0
171	265	19	3610.0
844	859	19	2153.0
316	899	19	10891.0
26	411	19	6835.0
188	580	19	3486.0
512	543	19	1223.0
148	999	19	3887.0
349	986	19	1931.0
258	448	19	5118.0
405	977	19	1239.0
546	994	19	4453.0
349	717	19	1664.0
221	296	19	9802.0
321	326	19	7600.0
202	557	19	5005.0
117	605	19	4264.0
101	937	19	9154.0
628	918	19	1650.0
310	411	19	3447.0
23	664	19	1195.0
9	596	19	9853.0
134	191	19	5851.0
911	915	19	10694.0
478	773	19	6717.0
230	822	19	2504.0
702	809	19	11934.0
771	974	19	11130.0
62	768	19	3468.0
120	681	19	3693.0
267	681	19	3945.0
826	865	19	7120.0
226	874	19	4887.0
806	825	19	13391.0
297	529	19	3793.0
465	742	19	3169.0
735	929	19	4428.0
344	544	19	1574.0
377	479	19	4791.0
524	816	19	4090.0
65	186	19	7524.0
414	589	19	5422.0
99	234	19	1719.0
193	734	19	2012.0
231	734	19	1962.0
456	734	19	3577.0
384	847	19	6494.0
423	745	19	1480.0
395	525	19	1435.0
9	667	19	9588.0
238	299	19	2918.0
82	648	19	8424.0
302	794	19	2527.0
75	872	19	5688.0
77	781	19	11055.0
466	667	19	11462.0
1	376	19	1115.0
613	808	19	12769.0
626	681	19	6958.0
395	911	19	12320.0
786	840	19	10909.0
786	909	19	4456.0
610	702	19	10079.0
269	647	19	1396.0
419	816	19	4088.0
117	414	19	7953.0
18	656	19	9079.0
138	622	19	3491.0
115	246	19	1323.0
308	591	19	1497.0
584	692	19	6647.0
338	478	19	1320.0
190	998	19	3139.0
349	861	19	3212.0
573	889	19	1259.0
321	776	19	3314.0
377	632	19	10789.0
448	826	19	8270.0
379	922	19	5309.0
166	911	19	1267.0
258	865	19	9459.0
423	854	19	1487.0
229	748	19	1279.0
146	716	19	6445.0
808	931	19	5961.0
705	934	19	11653.0
229	786	19	1887.0
647	713	19	8913.0
423	639	19	11121.0
627	694	19	6919.0
253	994	19	4540.0
415	489	19	1849.0
385	692	19	8412.0
592	794	19	3642.0
666	804	19	2880.0
523	530	19	9121.0
182	886	19	10749.0
264	967	19	1766.0
263	713	19	3050.0
407	975	19	4532.0
140	546	19	4421.0
609	965	19	2560.0
80	764	19	1247.0
191	328	19	9659.0
166	1000	19	11077.0
67	627	19	2238.0
402	829	19	11155.0
346	768	19	8639.0
646	748	19	7055.0
646	775	19	4200.0
646	786	19	7624.0
704	996	19	1714.0
225	372	19	3783.0
19	777	19	12412.0
51	963	19	7974.0
133	481	19	7367.0
133	729	19	7178.0
129	623	19	1931.0
129	984	19	1933.0
19	346	19	7349.0
523	663	19	12096.0
68	133	19	6610.0
575	666	19	1753.0
576	965	19	3138.0
279	795	19	5595.0
319	795	19	4909.0
346	628	19	6210.0
282	581	19	2125.0
224	444	19	9584.0
462	954	19	3248.0
120	433	18	3576.0
209	583	18	4404.0
15	738	18	8892.0
46	350	18	8123.0
16	916	18	8517.0
254	682	18	5587.0
637	953	18	13190.0
147	184	18	4574.0
547	747	18	10624.0
785	956	18	1379.0
608	678	18	2585.0
83	117	18	7551.0
148	603	18	2829.0
53	264	18	3600.0
37	683	18	4795.0
22	333	18	6969.0
457	785	18	11549.0
525	956	18	1366.0
104	530	18	6062.0
147	241	18	2186.0
302	581	18	7768.0
752	999	18	1553.0
217	977	18	1163.0
742	889	18	1401.0
654	966	18	4256.0
19	918	18	2553.0
110	233	18	7323.0
227	656	18	3212.0
75	755	18	6480.0
348	661	18	10922.0
205	444	18	8516.0
22	367	18	6907.0
22	513	18	5675.0
473	657	18	1107.0
278	825	18	3763.0
120	141	18	3043.0
22	360	18	6608.0
22	515	18	6638.0
256	803	18	3094.0
306	312	18	3828.0
254	414	18	5596.0
351	541	18	4551.0
373	487	18	10488.0
945	948	18	3337.0
329	467	18	9246.0
182	862	18	4636.0
110	390	18	6931.0
595	970	18	3867.0
238	697	18	6510.0
543	638	18	8419.0
107	974	18	9065.0
480	876	18	1569.0
12	488	18	7940.0
257	825	18	10917.0
532	685	18	15908.0
195	411	18	3394.0
296	366	18	4098.0
574	581	18	5653.0
363	467	18	1792.0
234	478	18	1298.0
447	510	18	1028.0
383	803	18	2152.0
150	364	18	1530.0
363	664	18	1670.0
133	300	18	7082.0
10	459	18	9764.0
525	639	18	7943.0
497	825	18	2439.0
734	848	18	1723.0
523	886	18	6738.0
216	340	18	1093.0
37	840	18	5520.0
44	646	18	7509.0
349	965	18	1250.0
610	993	18	1070.0
186	441	18	5484.0
90	363	18	2575.0
90	595	18	2532.0
210	465	18	6072.0
568	640	18	4680.0
500	642	18	9029.0
448	843	18	5948.0
742	952	18	1006.0
18	553	18	9888.0
485	985	18	3196.0
35	922	18	4621.0
162	579	18	989.0
239	514	18	2377.0
317	446	18	10014.0
8	502	18	7429.0
261	690	18	2141.0
65	854	18	1419.0
525	854	18	1463.0
689	733	18	1509.0
75	100	18	5748.0
25	391	18	6453.0
573	677	18	1274.0
521	593	18	6796.0
70	357	18	3204.0
40	1001	18	2799.0
493	633	18	4846.0
616	633	18	1111.0
505	649	18	1156.0
257	773	18	6841.0
37	209	18	3793.0
258	885	18	3920.0
500	601	18	2289.0
414	798	18	2953.0
225	308	18	1150.0
284	417	18	1535.0
417	809	18	1646.0
93	942	18	6987.0
653	942	18	7735.0
422	473	18	1066.0
209	926	18	7936.0
49	576	18	5989.0
227	553	18	2438.0
294	553	18	1328.0
494	620	18	4122.0
16	915	18	3277.0
494	929	18	1287.0
494	697	18	3777.0
348	902	18	10609.0
48	456	18	7239.0
207	288	18	2082.0
288	435	18	1439.0
295	821	18	1824.0
675	748	18	6754.0
237	611	18	3570.0
44	170	18	4447.0
338	576	18	1504.0
152	332	18	11243.0
28	188	18	1478.0
188	805	18	1805.0
187	235	18	2587.0
502	695	18	9293.0
605	973	18	5177.0
22	631	18	4805.0
75	613	18	5774.0
246	295	18	1880.0
139	435	18	8059.0
816	880	18	4584.0
115	821	18	1486.0
23	975	18	4689.0
429	768	18	5557.0
73	461	18	3402.0
379	665	18	4396.0
120	936	18	3814.0
62	930	18	1220.0
742	827	18	1570.0
592	861	18	3769.0
203	462	18	1970.0
138	752	18	3573.0
71	915	18	1080.0
23	899	18	1931.0
221	323	18	10755.0
523	945	18	5267.0
44	675	18	7903.0
583	675	18	3456.0
643	676	17	10727.0
156	764	17	1748.0
25	824	17	6496.0
277	431	17	10052.0
404	649	17	1428.0
404	889	17	1381.0
384	525	17	1475.0
384	956	17	1383.0
654	677	17	1394.0
117	973	17	8672.0
664	865	17	5023.0
140	253	17	1020.0
44	229	17	2031.0
140	490	17	1249.0
76	539	17	2666.0
279	883	17	11908.0
12	343	17	2778.0
368	611	17	1367.0
85	407	17	1406.0
357	863	17	9594.0
407	636	17	1312.0
159	654	17	1044.0
654	841	17	1383.0
413	798	17	2994.0
118	949	17	7052.0
108	986	17	3480.0
574	939	17	11305.0
159	573	17	1097.0
265	977	17	4744.0
641	969	17	8204.0
633	931	17	6038.0
186	480	17	3042.0
210	742	17	10879.0
212	219	17	3489.0
52	702	17	1267.0
695	902	17	10362.0
250	471	17	2177.0
137	601	17	2223.0
329	636	17	11977.0
18	347	17	10255.0
18	896	17	10032.0
714	956	17	1335.0
22	508	17	3576.0
865	975	17	4903.0
646	840	17	7181.0
107	771	17	9322.0
75	931	17	6077.0
561	852	17	7841.0
120	626	17	3796.0
25	770	17	6208.0
25	869	17	6350.0
41	352	17	3588.0
71	395	17	1368.0
384	395	17	1395.0
395	745	17	1433.0
395	785	17	1431.0
523	601	17	12220.0
523	733	17	8502.0
755	959	17	8453.0
112	412	17	3529.0
73	895	17	1295.0
597	774	17	1170.0
22	495	17	5565.0
213	388	17	3989.0
99	282	17	1751.0
90	407	17	2385.0
376	525	17	1054.0
646	712	17	6561.0
826	843	17	9514.0
91	299	17	1298.0
579	887	17	3180.0
597	786	17	4921.0
88	178	17	1747.0
432	940	17	3095.0
613	630	17	1283.0
118	486	17	1852.0
573	654	17	1189.0
59	303	17	6655.0
214	466	17	11638.0
843	885	17	4832.0
394	553	17	2134.0
104	523	17	5792.0
523	800	17	9318.0
65	457	17	1455.0
457	525	17	1498.0
773	825	17	13129.0
7	893	17	12365.0
83	798	17	2800.0
432	521	17	3200.0
225	473	17	5863.0
151	457	17	8048.0
153	473	17	8557.0
462	785	17	1482.0
37	646	17	2806.0
733	878	17	1499.0
792	920	17	9226.0
710	973	17	10891.0
514	809	17	13331.0
150	644	17	1567.0
473	682	17	4021.0
296	415	17	10700.0
216	255	17	1584.0
675	774	17	7410.0
168	354	17	8955.0
197	934	17	8043.0
613	633	17	14108.0
779	977	17	1540.0
125	849	17	6247.0
583	646	17	3244.0
60	593	17	5963.0
123	675	17	2308.0
170	683	17	7695.0
278	603	17	3189.0
3	794	17	2554.0
282	717	17	1675.0
372	973	17	5390.0
639	764	17	11595.0
85	843	17	4981.0
473	710	17	3192.0
477	633	17	3635.0
217	779	17	10607.0
349	581	17	8818.0
85	316	17	1219.0
734	900	17	1988.0
34	345	17	2865.0
104	663	17	6274.0
85	826	17	7169.0
826	975	17	5791.0
416	510	17	1032.0
510	773	17	1073.0
202	568	17	7942.0
262	808	17	1582.0
348	502	17	8826.0
726	981	16	1033.0
375	683	16	2153.0
117	754	16	4374.0
254	973	16	5609.0
754	973	16	5288.0
800	968	16	1249.0
372	710	16	2056.0
726	911	16	10307.0
258	329	16	3460.0
581	861	16	1389.0
172	915	16	1970.0
167	576	16	3792.0
129	362	16	1724.0
146	657	16	6292.0
526	973	16	5533.0
187	377	16	10775.0
646	874	16	6709.0
115	743	16	1502.0
686	692	16	10065.0
683	712	16	5761.0
646	683	16	2691.0
527	633	16	11566.0
395	847	16	1393.0
283	611	16	1672.0
110	131	16	2324.0
566	593	16	8319.0
278	644	16	1403.0
701	813	16	2866.0
131	233	16	12058.0
609	794	16	4285.0
581	717	16	1664.0
157	295	16	1356.0
91	946	16	1351.0
252	563	16	1365.0
0	115	16	5133.0
115	312	16	4734.0
115	327	16	6835.0
115	367	16	3047.0
715	771	16	3387.0
150	773	16	1619.0
3	478	16	1320.0
478	592	16	1344.0
794	894	16	1362.0
166	954	16	1290.0
67	940	16	2134.0
647	994	16	3014.0
445	466	16	9029.0
488	574	16	1329.0
34	925	16	2949.0
209	774	16	8468.0
88	988	16	3002.0
9	304	16	4097.0
296	323	16	9578.0
573	827	16	1324.0
99	478	16	1307.0
525	981	16	1040.0
302	609	16	8521.0
274	890	16	1104.0
17	202	16	3247.0
146	387	16	6178.0
110	849	16	3138.0
648	709	16	9015.0
233	849	16	12446.0
500	523	16	4522.0
102	527	16	1379.0
182	523	16	4595.0
48	760	16	1207.0
510	859	16	4862.0
148	782	16	3806.0
497	782	16	3392.0
348	903	16	7036.0
143	777	16	2536.0
18	772	16	10172.0
543	788	16	1122.0
535	747	16	9165.0
527	959	16	10749.0
75	959	16	2437.0
321	706	16	1231.0
108	939	16	3654.0
123	209	16	1291.0
666	694	16	1817.0
589	973	16	5554.0
285	576	16	1410.0
550	923	16	2428.0
375	786	16	6474.0
573	897	16	3635.0
844	962	16	2338.0
384	726	16	1360.0
384	764	16	1458.0
611	985	16	3038.0
348	695	16	8937.0
209	909	16	8653.0
792	941	16	11507.0
266	764	16	996.0
52	655	16	1104.0
191	550	16	10490.0
115	904	16	1507.0
546	594	16	4483.0
478	794	16	1305.0
404	897	16	1869.0
315	773	16	7047.0
608	817	16	2267.0
274	822	16	2713.0
75	633	16	2119.0
326	776	16	8108.0
429	777	16	4858.0
117	372	16	1917.0
152	486	15	10101.0
90	316	15	2698.0
258	636	15	4083.0
108	574	15	2533.0
384	911	15	1281.0
107	197	15	1731.0
434	610	15	2382.0
3	965	15	1078.0
649	654	15	1376.0
316	826	15	6463.0
234	581	15	2125.0
140	654	15	3520.0
459	727	15	10417.0
563	798	15	6012.0
497	644	15	1482.0
329	407	15	1030.0
302	965	15	1044.0
569	677	15	1465.0
142	297	15	1045.0
142	310	15	1129.0
219	451	15	4462.0
663	759	15	2269.0
663	945	15	3139.0
352	609	15	2181.0
393	792	15	11271.0
822	867	15	2270.0
209	840	15	8236.0
107	361	15	1690.0
647	907	15	3187.0
88	820	15	3089.0
23	636	15	1366.0
316	636	15	1157.0
519	581	15	6513.0
583	597	15	2056.0
377	779	15	1288.0
19	429	15	4080.0
714	1000	15	1315.0
57	692	15	2980.0
692	727	15	3999.0
424	843	15	1151.0
209	646	15	11635.0
872	959	15	8772.0
130	227	15	993.0
85	865	15	2557.0
478	861	15	1295.0
48	193	15	7421.0
65	71	15	1467.0
652	963	15	11570.0
812	911	15	1140.0
876	911	15	3313.0
589	978	15	2306.0
44	209	15	8229.0
808	959	15	2329.0
166	981	15	1033.0
648	906	15	6469.0
73	245	15	3583.0
129	835	15	1875.0
516	582	15	4936.0
376	395	15	1003.0
190	874	15	3809.0
285	794	15	3096.0
385	459	15	10811.0
489	501	15	1442.0
77	803	15	1202.0
805	873	15	13696.0
660	1000	15	1389.0
460	893	15	13199.0
115	250	15	7998.0
188	873	15	1324.0
39	377	15	3950.0
329	826	15	3720.0
668	786	15	5242.0
252	372	15	4283.0
779	850	15	5541.0
899	970	15	1459.0
593	940	15	7774.0
107	216	15	2373.0
18	227	15	2624.0
18	294	15	1658.0
18	394	15	2409.0
316	885	15	1170.0
545	867	15	1795.0
647	915	15	2794.0
843	899	15	1257.0
423	785	15	1448.0
493	527	15	2008.0
137	523	15	4594.0
444	845	15	10008.0
168	326	15	5818.0
229	774	15	1856.0
23	85	15	1693.0
253	425	15	1804.0
166	639	15	7741.0
106	202	15	1551.0
684	768	15	6468.0
73	287	15	3190.0
616	755	15	1284.0
541	859	15	2208.0
73	814	15	6122.0
865	899	15	5250.0
166	395	15	1327.0
94	732	15	6717.0
637	674	15	2528.0
462	981	15	1041.0
362	852	15	1342.0
94	281	15	6702.0
142	291	15	1093.0
691	746	15	1645.0
518	779	15	4326.0
133	587	15	6259.0
15	306	15	4633.0
168	189	15	1689.0
316	970	15	1205.0
363	970	15	1656.0
441	713	15	3262.0
122	747	15	6914.0
609	986	14	2126.0
3	609	14	7372.0
106	895	14	1621.0
911	1000	14	1303.0
65	384	14	1413.0
462	660	14	1418.0
462	854	14	1471.0
660	764	14	1458.0
47	234	14	1221.0
434	809	14	2730.0
200	403	14	1243.0
469	736	14	1786.0
865	885	14	1505.0
647	966	14	3061.0
76	210	14	1691.0
129	564	14	1893.0
202	287	14	2923.0
143	219	14	4076.0
636	865	14	1330.0
442	573	14	2146.0
302	478	14	1320.0
102	633	14	4899.0
782	999	14	3302.0
12	962	14	2409.0
130	439	14	902.0
130	851	14	894.0
920	971	14	3023.0
506	513	14	1042.0
581	939	14	4395.0
576	609	14	1668.0
364	563	14	1724.0
563	591	14	1121.0
115	360	14	5940.0
100	959	14	9686.0
67	593	14	2281.0
250	360	14	2614.0
550	740	14	2927.0
284	434	14	2214.0
66	185	14	1411.0
30	459	14	7938.0
6	980	14	1597.0
539	764	14	1453.0
458	726	14	1356.0
0	22	14	4023.0
137	663	14	2141.0
407	885	14	1318.0
569	889	14	1479.0
791	849	14	1497.0
71	423	14	1472.0
65	376	14	1022.0
202	991	14	7906.0
826	899	14	1095.0
156	573	14	1942.0
44	874	14	1862.0
774	874	14	1718.0
221	248	14	1852.0
221	261	14	3386.0
543	944	14	2645.0
395	854	14	1419.0
9	40	14	7139.0
30	692	14	4719.0
155	456	14	2057.0
636	826	14	6395.0
565	771	14	3115.0
69	178	14	1724.0
593	694	14	6314.0
101	538	14	8497.0
110	196	14	4137.0
112	722	14	1087.0
306	515	14	2484.0
146	326	14	2300.0
869	934	14	2021.0
107	705	14	6372.0
573	649	14	1257.0
88	119	14	3024.0
338	794	14	3146.0
71	764	14	1478.0
284	993	14	1341.0
117	153	14	1910.0
358	887	14	1092.0
250	370	14	1820.0
434	514	14	1911.0
423	458	14	1518.0
458	764	14	1468.0
642	948	14	11818.0
745	915	14	1107.0
166	785	14	1443.0
191	541	14	1573.0
334	934	14	3252.0
153	710	14	2127.0
48	848	14	7151.0
459	584	14	10548.0
459	957	14	8834.0
434	702	14	1855.0
150	278	14	1555.0
327	506	14	1552.0
57	459	14	5832.0
395	1000	14	1270.0
23	329	14	1175.0
279	694	14	1716.0
523	759	14	4366.0
