417	434	32	11111.0
402	924	32	4941.0
713	876	32	8819.0
33	753	32	7261.0
172	263	32	3126.0
252	473	32	6387.0
321	326	32	7600.0
14	254	32	9762.0
603	622	32	9365.0
89	806	32	8830.0
261	366	32	13210.0
72	666	32	9436.0
289	856	32	11431.0
430	905	32	13237.0
20	386	32	8174.0
157	246	32	7571.0
432	566	32	2855.0
584	957	32	9538.0
575	823	32	8572.0
70	175	32	4852.0
60	566	32	6057.0
520	908	32	11247.0
624	917	32	10173.0
355	625	32	17287.0
660	714	32	13519.0
364	591	32	16716.0
58	271	32	12825.0
589	879	32	3837.0
594	994	32	17428.0
74	680	32	11536.0
64	736	32	11683.0
171	977	32	11841.0
755	872	32	5757.0
333	515	32	8713.0
30	727	32	9691.0
344	944	32	11524.0
800	964	32	10405.0
598	748	32	9077.0
161	484	32	8413.0
548	607	32	13166.0
40	667	32	14005.0
40	836	32	12797.0
667	836	32	13346.0
285	592	32	11304.0
17	813	32	5910.0
225	414	32	9464.0
96	424	32	4393.0
96	664	32	4427.0
96	842	32	4588.0
424	664	32	5581.0
424	842	32	5177.0
664	842	32	5177.0
400	517	32	12446.0
15	471	32	8532.0
513	515	32	8284.0
70	217	32	3249.0
591	682	32	10847.0
591	754	32	5164.0
682	754	32	5266.0
627	694	32	6919.0
627	823	32	8351.0
694	823	32	10975.0
650	681	32	4969.0
274	570	32	15767.0
541	740	32	11193.0
234	349	32	3176.0
598	712	32	8760.0
211	860	32	19569.0
416	825	32	12250.0
193	848	32	12193.0
560	1001	32	8943.0
176	721	32	8812.0
376	854	32	9974.0
552	740	32	8516.0
65	726	32	10594.0
875	951	32	7641.0
114	892	32	6844.0
801	916	32	12277.0
249	853	32	8901.0
102	262	32	12501.0
217	265	32	10028.0
894	951	32	7641.0
288	958	32	1090.0
770	869	32	8373.0
199	244	32	11837.0
688	736	32	14832.0
36	465	32	2380.0
37	748	32	4260.0
498	849	32	10197.0
146	976	32	6392.0
659	978	32	9257.0
159	677	32	7510.0
756	797	32	10330.0
10	727	32	9187.0
161	303	32	8530.0
277	474	32	10861.0
13	417	32	9087.0
566	627	32	8425.0
134	436	32	9205.0
253	408	32	8008.0
128	393	32	7371.0
356	717	32	6809.0
165	198	32	2074.0
422	976	32	8557.0
783	854	32	6126.0
559	927	32	15540.0
97	733	32	6918.0
337	624	32	8592.0
464	703	32	6130.0
277	882	32	11285.0
195	291	32	4062.0
103	924	32	6460.0
113	519	32	13020.0
315	447	32	13298.0
64	985	32	10845.0
161	822	32	8707.0
603	708	32	6696.0
71	714	32	7094.0
425	907	32	14362.0
12	191	32	8139.0
12	550	32	8205.0
191	550	32	10490.0
124	552	32	7315.0
211	615	32	19167.0
703	901	32	6198.0
774	909	32	4459.0
141	380	32	7310.0
102	493	32	13081.0
173	733	32	11132.0
189	354	32	2441.0
172	876	32	9143.0
92	389	32	7844.0
504	703	32	3956.0
693	868	32	6309.0
495	508	32	8778.0
267	936	32	4062.0
217	618	32	4142.0
314	991	32	12109.0
449	571	32	8659.0
20	220	32	8206.0
82	906	32	7775.0
324	648	32	7875.0
243	400	32	15668.0
71	384	32	6295.0
350	983	32	9544.0
217	518	32	3961.0
134	343	32	9955.0
811	897	32	15659.0
356	832	32	10261.0
232	373	32	10260.0
234	592	32	3799.0
314	640	32	7291.0
61	556	32	7994.0
112	379	32	3690.0
54	812	32	3261.0
410	518	32	10952.0
570	822	32	4565.0
80	730	32	12787.0
82	709	32	8915.0
362	835	32	10871.0
362	935	32	12316.0
835	935	32	11449.0
723	866	32	6712.0
430	849	32	10271.0
64	276	32	10522.0
276	985	32	12336.0
327	513	32	7141.0
410	977	32	11116.0
518	977	32	12379.0
60	575	32	6173.0
398	832	32	9926.0
384	783	32	8477.0
524	947	32	7272.0
231	848	32	10571.0
387	976	32	11244.0
472	922	32	8859.0
785	915	32	1088.0
323	366	32	11434.0
323	489	32	8456.0
366	489	32	10721.0
491	891	32	11405.0
159	841	32	7869.0
179	190	32	9708.0
124	740	32	7224.0
586	712	32	6544.0
583	748	32	9400.0
150	371	32	7081.0
150	879	32	6771.0
371	879	32	8879.0
288	643	32	10988.0
220	971	32	8762.0
649	677	32	10364.0
55	870	32	10534.0
74	914	32	11574.0
332	392	32	12571.0
820	833	32	17243.0
438	711	32	9593.0
454	811	32	11966.0
81	607	32	7618.0
0	327	32	6692.0
472	912	32	7861.0
391	724	32	11042.0
586	775	32	13430.0
723	797	32	7067.0
206	887	32	10642.0
215	903	32	10306.0
98	266	32	6918.0
456	852	32	11026.0
248	366	32	11691.0
149	331	32	6607.0
198	354	32	10987.0
254	413	32	5482.0
218	877	32	12569.0
70	265	32	3059.0
665	922	32	8107.0
442	811	32	11418.0
527	808	32	11582.0
184	810	32	10376.0
305	858	32	8564.0
97	530	32	8135.0
37	774	32	5095.0
72	176	32	3145.0
72	721	32	9225.0
564	623	32	8246.0
564	984	32	8411.0
623	984	32	6839.0
347	656	32	10242.0
244	958	32	10606.0
246	504	32	8581.0
150	278	32	1555.0
145	619	32	9670.0
145	989	32	8980.0
619	989	32	9500.0
530	948	32	9916.0
50	564	32	9471.0
205	983	32	13132.0
15	606	32	8655.0
132	871	32	7857.0
0	513	32	8424.0
752	769	32	5452.0
166	462	32	11475.0
338	592	32	11683.0
344	924	32	11374.0
698	905	32	10462.0
198	706	32	10971.0
172	647	32	8971.0
97	948	32	11300.0
372	879	32	10677.0
536	999	32	7849.0
206	856	32	11111.0
856	887	32	13424.0
217	624	32	5896.0
217	850	32	5014.0
265	624	32	5750.0
265	850	32	4869.0
624	850	32	11081.0
403	877	32	14916.0
403	960	32	12207.0
877	960	32	12173.0
216	361	32	10510.0
724	869	32	11191.0
714	745	32	11922.0
518	632	32	9962.0
632	977	32	9935.0
417	993	32	11792.0
206	289	32	10263.0
380	433	32	10861.0
189	406	32	5908.0
175	651	32	10096.0
764	952	32	4661.0
286	744	32	14421.0
298	644	32	10423.0
290	761	32	10236.0
154	455	32	11419.0
121	701	32	2199.0
379	635	32	8713.0
379	693	32	7275.0
635	693	32	9888.0
97	968	32	4380.0
643	967	32	11027.0
340	446	32	9435.0
70	850	32	8838.0
21	641	32	9262.0
580	950	32	13491.0
327	495	32	6715.0
50	763	32	2733.0
475	839	32	10718.0
19	346	32	7349.0
110	741	32	8869.0
744	962	32	10643.0
153	591	32	4045.0
327	631	32	6893.0
312	360	32	8471.0
184	720	32	14169.0
153	371	32	5141.0
153	879	32	7872.0
158	375	32	9512.0
158	874	32	6889.0
375	874	32	9201.0
232	487	32	11855.0
312	367	32	8479.0
644	825	32	17471.0
247	427	32	4657.0
99	302	32	8027.0
409	928	32	12529.0
642	886	32	11354.0
557	857	32	6488.0
966	994	32	14652.0
68	374	32	8189.0
68	587	32	8239.0
374	587	32	10866.0
218	534	32	10644.0
32	947	32	4310.0
118	445	32	6429.0
915	956	32	11690.0
128	920	32	8063.0
391	869	32	11049.0
171	632	32	10998.0
173	968	32	10906.0
653	735	32	3032.0
874	998	32	9817.0
84	503	32	6580.0
364	413	32	13004.0
354	706	32	10791.0
20	971	32	8132.0
338	861	32	3301.0
338	965	32	1336.0
861	965	32	11476.0
140	603	32	3555.0
140	907	32	13607.0
603	907	32	9074.0
666	721	32	11711.0
3	592	32	7669.0
192	595	32	4958.0
206	539	32	4085.0
206	572	32	10132.0
539	572	32	3819.0
202	273	32	2436.0
0	312	32	6653.0
684	918	32	8996.0
272	300	32	17348.0
43	218	32	10533.0
246	743	32	8933.0
583	774	32	8585.0
312	333	32	10423.0
147	537	32	5960.0
89	773	32	8536.0
392	921	32	10876.0
748	775	32	10934.0
614	662	32	13132.0
458	785	32	10876.0
449	866	32	9455.0
74	401	32	12339.0
522	532	32	9333.0
11	888	32	6287.0
409	520	32	10512.0
81	771	32	6396.0
64	237	32	11593.0
208	427	32	4657.0
208	604	32	7331.0
427	604	32	4670.0
110	499	32	8857.0
154	400	32	12775.0
38	518	32	2382.0
38	632	32	2351.0
458	660	32	11758.0
478	717	32	1353.0
165	189	32	5026.0
394	656	32	3860.0
760	793	32	12284.0
28	950	32	13643.0
433	626	32	7523.0
519	581	32	6513.0
519	939	32	12297.0
581	592	32	11394.0
581	939	32	4395.0
646	712	32	6561.0
295	703	32	6522.0
162	289	32	9511.0
111	637	32	8074.0
87	654	32	7746.0
454	465	32	10135.0
354	555	32	11706.0
178	369	32	10052.0
286	550	32	14352.0
573	742	32	12002.0
613	633	32	14108.0
423	539	32	1116.0
81	213	32	5553.0
596	949	32	6619.0
81	361	32	7690.0
647	876	32	10727.0
97	759	32	2733.0
269	812	32	5633.0
413	414	32	14365.0
413	682	32	8831.0
414	682	32	8808.0
324	709	32	8995.0
324	753	32	8136.0
709	753	32	9045.0
151	714	32	8538.0
33	709	32	7732.0
33	906	32	7992.0
709	906	32	9626.0
639	887	32	9058.0
639	954	32	8663.0
887	954	32	6496.0
131	430	32	8984.0
208	359	32	5635.0
228	365	32	5092.0
228	451	32	5112.0
365	451	32	7407.0
376	384	32	6579.0
207	244	32	11786.0
370	495	32	10810.0
263	441	32	12104.0
541	552	32	8712.0
955	996	32	2697.0
784	838	32	5269.0
84	132	32	5437.0
409	819	32	14897.0
600	951	32	7552.0
682	710	32	10781.0
660	785	32	10793.0
135	280	32	7964.0
126	409	32	10087.0
621	853	32	9998.0
302	717	32	1664.0
82	753	32	9106.0
134	744	32	9661.0
503	882	32	7417.0
399	475	32	11041.0
286	328	32	9659.0
33	82	32	7091.0
158	909	32	9015.0
328	550	32	9581.0
623	835	32	8031.0
356	398	32	10137.0
2	901	32	4879.0
509	925	32	11982.0
670	892	32	7443.0
56	268	32	8216.0
111	608	32	2119.0
134	740	32	3648.0
88	696	32	13110.0
551	878	32	11526.0
63	689	32	7893.0
289	556	32	6501.0
229	675	32	9375.0
1	981	32	5885.0
149	860	32	6809.0
280	485	32	9295.0
308	879	32	8451.0
176	645	32	11680.0
313	430	32	9147.0
313	698	32	12200.0
430	698	32	9942.0
74	757	32	11776.0
394	851	32	7151.0
97	800	32	8377.0
484	570	32	3261.0
380	650	32	8622.0
90	407	32	2385.0
146	198	32	6248.0
171	410	32	10866.0
710	754	32	5186.0
85	467	32	8906.0
132	787	32	8228.0
249	621	32	10003.0
496	643	32	13820.0
32	880	32	4318.0
120	626	32	3796.0
324	906	32	8786.0
14	413	32	5482.0
14	973	32	5573.0
413	973	32	13235.0
87	907	32	6937.0
657	716	32	11243.0
657	976	32	10896.0
716	976	32	12738.0
300	831	32	8396.0
423	887	32	2382.0
547	715	32	12143.0
679	937	32	9680.0
578	596	32	5888.0
721	795	32	8497.0
37	746	32	5409.0
835	979	32	10303.0
368	397	32	9312.0
283	736	32	12909.0
798	879	32	10607.0
645	721	32	11307.0
525	764	32	13463.0
68	729	32	8257.0
273	287	32	4865.0
437	699	32	11009.0
730	839	32	10136.0
495	631	32	10159.0
508	631	32	10500.0
574	923	32	8615.0
293	322	32	9594.0
759	886	32	7901.0
201	715	32	12216.0
714	785	32	12183.0
277	658	32	12219.0
176	319	32	5145.0
510	844	32	9810.0
349	717	32	1664.0
312	495	32	8745.0
389	815	32	10933.0
151	783	32	7862.0
514	655	32	7651.0
64	283	32	11428.0
452	723	32	8232.0
452	866	32	7855.0
571	866	32	8315.0
735	814	32	13783.0
330	378	32	8775.0
510	552	32	8712.0
313	791	32	4474.0
447	825	32	16310.0
14	591	32	5559.0
907	994	32	16937.0
584	796	32	9071.0
552	844	32	7873.0
239	935	32	11125.0
140	425	32	13872.0
562	807	32	10076.0
203	206	32	2455.0
82	737	32	8901.0
285	338	32	11273.0
285	923	32	4169.0
338	923	32	4463.0
270	588	32	10621.0
389	540	32	8855.0
351	541	32	4551.0
308	364	32	1990.0
155	468	32	12790.0
272	374	32	11597.0
745	981	32	9580.0
723	756	32	7944.0
338	352	32	2315.0
423	462	32	13957.0
193	231	32	10770.0
134	286	32	5828.0
476	662	32	9303.0
874	926	32	8350.0
619	719	32	11921.0
218	403	32	13509.0
445	667	32	9210.0
710	973	32	10891.0
301	339	32	14698.0
295	901	32	8104.0
371	973	32	4213.0
13	789	32	8875.0
23	865	32	7329.0
504	821	32	8517.0
301	870	32	10876.0
305	709	32	8343.0
270	386	32	11067.0
516	933	32	15013.0
183	470	32	10274.0
972	980	32	8483.0
112	635	32	3837.0
920	997	32	10560.0
76	454	32	8804.0
484	890	32	11657.0
100	931	32	6427.0
96	316	32	4556.0
316	424	32	9519.0
0	631	32	8201.0
0	495	32	8006.0
136	983	32	8029.0
505	582	32	10896.0
665	868	32	3682.0
512	924	32	10795.0
507	540	32	10722.0
324	737	32	9431.0
3	282	32	2784.0
2	703	32	4764.0
112	922	32	3940.0
445	836	32	4538.0
203	462	32	1970.0
827	889	32	8890.0
761	970	32	10406.0
846	870	32	10300.0
174	621	32	7951.0
268	807	32	10995.0
580	805	32	11347.0
114	995	32	7183.0
82	305	32	7512.0
464	901	32	8545.0
726	876	32	2079.0
726	911	32	10307.0
876	911	32	3313.0
724	824	32	11319.0
6	241	32	10773.0
282	352	32	2278.0
80	399	32	11487.0
395	956	32	13348.0
582	833	32	5630.0
784	856	32	8259.0
784	887	32	8941.0
456	900	32	11015.0
236	293	32	8770.0
763	835	32	4230.0
608	938	32	11213.0
479	632	32	4990.0
484	822	32	9966.0
678	953	32	11567.0
278	497	32	5537.0
635	912	32	7846.0
213	771	32	5085.0
94	554	32	6622.0
432	575	32	3003.0
104	862	32	5580.0
521	694	32	9713.0
79	176	32	10475.0
262	477	32	11968.0
746	748	32	7908.0
299	620	32	4466.0
353	903	32	11969.0
11	971	32	6211.0
214	596	32	15825.0
204	314	32	6506.0
477	616	32	10448.0
10	584	32	10788.0
364	879	32	11299.0
352	356	32	7921.0
352	398	32	7992.0
289	784	32	14119.0
178	650	32	8826.0
140	594	32	13840.0
839	952	32	12828.0
194	625	32	16355.0
468	558	32	11572.0
421	537	32	8710.0
719	989	32	9535.0
417	610	32	1263.0
110	905	32	6793.0
327	333	32	4652.0
121	813	32	7861.0
203	289	32	2008.0
55	339	32	11251.0
266	438	32	9719.0
660	783	32	11457.0
109	373	32	7861.0
472	693	32	9884.0
423	745	32	1480.0
351	744	32	14961.0
11	220	32	6255.0
886	968	32	12283.0
113	939	32	12526.0
299	946	32	6411.0
372	473	32	10035.0
694	762	32	9851.0
135	611	32	8126.0
726	956	32	11136.0
572	838	32	8455.0
572	887	32	10092.0
838	887	32	11909.0
226	926	32	4862.0
935	984	32	12974.0
42	397	32	10297.0
111	341	32	8610.0
304	596	32	10086.0
44	229	32	2031.0
376	458	32	5349.0
603	769	32	7061.0
10	686	32	13177.0
258	865	32	9459.0
286	343	32	7610.0
163	366	32	7860.0
261	415	32	4858.0
79	804	32	10991.0
425	994	32	14733.0
607	771	32	15217.0
598	840	32	9221.0
872	931	32	10219.0
71	376	32	8114.0
392	549	32	10940.0
237	485	32	2687.0
158	926	32	3357.0
111	678	32	8617.0
696	749	32	13623.0
484	545	32	11330.0
431	503	32	10240.0
770	824	32	9286.0
926	998	32	8178.0
159	649	32	7462.0
537	972	32	8899.0
745	854	32	12968.0
557	568	32	14094.0
409	908	32	14808.0
532	602	32	9534.0
85	636	32	10933.0
187	977	32	8071.0
364	371	32	1898.0
153	473	32	8557.0
386	588	32	9806.0
44	170	32	4447.0
44	691	32	7070.0
170	691	32	7240.0
592	923	32	5179.0
618	917	32	11453.0
74	188	32	13248.0
717	832	32	6934.0
141	626	32	7048.0
160	662	32	10204.0
70	855	32	5080.0
143	365	32	3922.0
303	545	32	9412.0
155	558	32	13178.0
569	742	32	12361.0
361	771	32	7722.0
362	564	32	10557.0
543	924	32	9317.0
874	909	32	6594.0
65	395	32	12126.0
658	871	32	12329.0
234	609	32	4409.0
477	493	32	11809.0
580	778	32	10977.0
40	837	32	2127.0
153	590	32	7971.0
364	414	32	13101.0
382	446	32	11967.0
144	828	32	12645.0
659	790	32	7228.0
173	642	32	11787.0
351	740	32	1667.0
113	986	32	12581.0
174	249	32	8219.0
187	700	32	4795.0
413	526	32	5522.0
531	608	32	7264.0
97	601	32	11242.0
691	739	32	7872.0
119	820	32	16559.0
61	358	32	7571.0
146	354	32	6406.0
663	886	32	4687.0
233	498	32	10147.0
737	753	32	8696.0
649	889	32	9016.0
833	933	32	13785.0
423	764	32	15447.0
82	324	32	8250.0
733	759	32	7929.0
733	886	32	13242.0
193	456	32	12300.0
150	372	32	7240.0
187	410	32	7298.0
474	658	32	11097.0
401	914	32	12044.0
1	151	32	5302.0
58	955	32	19443.0
63	551	32	7867.0
617	857	32	8645.0
21	509	32	8905.0
333	370	32	8432.0
675	998	32	8828.0
437	927	32	11775.0
534	960	32	10736.0
298	773	32	8625.0
198	555	32	11071.0
555	706	32	11988.0
433	681	32	5169.0
17	701	32	10991.0
266	711	32	8788.0
637	817	32	12299.0
675	786	32	7435.0
326	555	32	6867.0
81	548	32	5591.0
295	464	32	6377.0
392	486	32	11557.0
601	800	32	11071.0
601	862	32	12339.0
800	862	32	9544.0
421	980	32	9103.0
203	838	32	5736.0
449	723	32	8232.0
158	598	32	4264.0
181	718	32	10912.0
299	735	32	8042.0
258	316	32	7792.0
258	467	32	10734.0
316	467	32	11225.0
754	879	32	3337.0
149	615	32	6701.0
587	729	32	9836.0
384	785	32	11061.0
384	981	32	10031.0
785	981	32	9789.0
107	770	32	7465.0
238	245	32	5183.0
39	235	32	13360.0
586	840	32	6824.0
712	840	32	9667.0
474	882	32	10931.0
584	686	32	10876.0
421	972	32	7685.0
908	928	32	12534.0
262	755	32	3015.0
262	616	32	11850.0
436	550	32	10588.0
282	965	32	9200.0
413	605	32	5046.0
214	445	32	10411.0
805	950	32	15013.0
31	452	32	8155.0
319	645	32	7677.0
263	480	32	9878.0
456	848	32	14089.0
270	888	32	9650.0
432	521	32	3200.0
511	918	32	5655.0
102	616	32	10534.0
635	665	32	7865.0
1	458	32	6873.0
271	955	32	18514.0
371	372	32	8302.0
265	917	32	4026.0
595	970	32	3867.0
620	653	32	3015.0
100	613	32	10060.0
100	872	32	7043.0
613	872	32	6337.0
531	817	32	8826.0
84	871	32	5818.0
72	319	32	9332.0
26	378	32	7199.0
531	637	32	10180.0
260	487	32	8472.0
319	666	32	11975.0
677	841	32	10219.0
30	584	32	9802.0
450	638	32	7362.0
164	725	32	5826.0
164	990	32	5890.0
725	990	32	11123.0
221	415	32	10681.0
302	338	32	8855.0
338	717	32	1669.0
12	351	32	8427.0
28	805	32	13119.0
236	932	32	10166.0
245	814	32	9000.0
298	416	32	8471.0
298	825	32	11756.0
286	351	32	13743.0
312	631	32	8074.0
0	360	32	4988.0
360	495	32	7216.0
591	605	32	4066.0
605	754	32	9885.0
755	931	32	5077.0
358	579	32	9087.0
283	985	32	12084.0
273	895	32	4811.0
456	561	32	7148.0
267	380	32	7348.0
139	958	32	8990.0
490	966	32	1897.0
537	720	32	5621.0
628	930	32	10919.0
45	522	32	8010.0
45	532	32	7850.0
180	608	32	12608.0
797	990	32	10402.0
656	896	32	9122.0
544	924	32	9126.0
107	391	32	6420.0
558	760	32	13720.0
390	430	32	9242.0
314	813	32	6907.0
472	635	32	12320.0
423	956	32	1379.0
273	494	32	4188.0
78	788	32	10658.0
224	350	32	9922.0
553	772	32	10456.0
137	173	32	7368.0
137	733	32	7375.0
190	864	32	12676.0
29	288	32	11391.0
530	663	32	11938.0
841	978	32	2827.0
243	455	32	11419.0
513	631	32	13868.0
83	364	32	12560.0
83	413	32	12643.0
44	774	32	12848.0
150	590	32	6463.0
355	749	32	13641.0
730	764	32	1291.0
333	360	32	7255.0
220	750	32	7887.0
32	524	32	4039.0
591	879	32	8862.0
530	601	32	11315.0
374	831	32	8396.0
613	959	32	10176.0
497	536	32	3722.0
560	596	32	8846.0
303	570	32	8684.0
583	586	32	9319.0
280	688	32	9379.0
103	450	32	6882.0
235	518	32	9647.0
199	958	32	9318.0
880	947	32	6598.0
683	774	32	8053.0
8	903	32	5565.0
888	971	32	9750.0
549	921	32	9578.0
76	897	32	8820.0
195	310	32	5790.0
490	603	32	6590.0
6	720	32	11252.0
511	628	32	10732.0
416	773	32	10551.0
579	856	32	2251.0
21	427	32	3697.0
548	771	32	14026.0
445	560	32	10055.0
560	836	32	4515.0
316	407	32	13175.0
472	868	32	6688.0
267	433	32	7611.0
479	518	32	3954.0
183	671	32	9671.0
263	647	32	4930.0
267	650	32	7677.0
175	855	32	9459.0
24	446	32	6887.0
397	671	32	11170.0
169	416	32	5001.0
87	594	32	4712.0
87	966	32	1784.0
594	966	32	16259.0
783	847	32	3203.0
655	789	32	9012.0
203	1000	32	5920.0
56	807	32	8255.0
504	904	32	10814.0
220	386	32	8773.0
124	541	32	7400.0
121	557	32	6367.0
87	490	32	7927.0
154	243	32	13051.0
200	307	32	8083.0
751	879	32	8060.0
10	957	32	8290.0
239	763	32	4281.0
44	586	32	12967.0
289	887	32	11830.0
275	507	32	15688.0
652	687	32	10792.0
424	467	32	5695.0
769	898	32	6955.0
617	640	32	10296.0
98	483	32	6842.0
161	890	32	8747.0
601	886	32	4783.0
351	550	32	14814.0
92	507	32	7782.0
20	270	32	7789.0
521	627	32	14521.0
579	784	32	9812.0
136	845	32	8015.0
111	817	32	8584.0
345	641	32	10651.0
34	925	32	2949.0
504	743	32	8799.0
389	507	32	10893.0
505	659	32	9085.0
237	276	32	11745.0
89	416	32	8475.0
496	967	32	10925.0
759	961	32	8130.0
93	802	32	7080.0
83	591	32	12622.0
725	866	32	9455.0
239	984	32	12174.0
618	850	32	11453.0
548	705	32	10958.0
727	957	32	12033.0
137	945	32	7537.0
190	320	32	11364.0
628	684	32	4090.0
566	575	32	4577.0
55	992	32	10594.0
218	960	32	12207.0
316	595	32	5991.0
424	595	32	8666.0
364	682	32	10872.0
58	181	32	12833.0
220	888	32	8799.0
680	757	32	11255.0
933	988	32	14200.0
385	957	32	11035.0
226	998	32	4785.0
158	748	32	4389.0
272	729	32	13785.0
541	744	32	6303.0
258	424	32	2391.0
745	783	32	6513.0
33	324	32	7955.0
266	483	32	13226.0
106	494	32	1483.0
430	780	32	10963.0
458	462	32	1453.0
40	445	32	5954.0
255	382	32	10720.0
345	925	32	11778.0
78	944	32	9991.0
486	921	32	7867.0
326	354	32	6826.0
169	447	32	7096.0
416	447	32	9959.0
615	766	32	8696.0
414	526	32	5536.0
309	807	32	12788.0
16	290	32	8158.0
422	657	32	8890.0
930	996	32	5980.0
305	324	32	8453.0
197	361	32	10510.0
349	592	32	10309.0
514	809	32	13331.0
557	991	32	16577.0
407	424	32	7533.0
12	328	32	8299.0
165	406	32	5098.0
298	447	32	10157.0
447	644	32	14666.0
753	858	32	7732.0
530	800	32	12210.0
566	823	32	8498.0
31	725	32	8809.0
225	364	32	12076.0
107	869	32	6345.0
407	595	32	3831.0
587	831	32	8392.0
51	687	32	7940.0
6	810	32	9797.0
241	810	32	8313.0
625	749	32	13662.0
111	953	32	8532.0
637	953	32	13190.0
344	512	32	11898.0
163	501	32	997.0
224	983	32	9431.0
618	624	32	10223.0
857	991	32	8542.0
184	241	32	12799.0
102	613	32	4525.0
98	910	32	6631.0
122	201	32	6642.0
813	857	32	8645.0
252	682	32	10872.0
698	780	32	10803.0
118	596	32	4929.0
406	765	32	5775.0
850	917	32	11467.0
372	751	32	8125.0
473	751	32	7141.0
164	723	32	5930.0
82	858	32	7690.0
5	927	32	12125.0
126	520	32	8950.0
144	293	32	10075.0
346	429	32	10599.0
333	367	32	9194.0
237	985	32	13991.0
89	478	32	6520.0
627	762	32	7487.0
458	783	32	8982.0
81	705	32	7848.0
645	795	32	12873.0
462	785	32	1482.0
822	890	32	9739.0
220	588	32	8808.0
588	888	32	9665.0
452	797	32	10442.0
362	623	32	8246.0
623	935	32	8032.0
453	491	32	11353.0
479	977	32	3848.0
93	653	32	7044.0
341	608	32	2198.0
598	774	32	9210.0
433	936	32	5264.0
150	751	32	7179.0
530	964	32	10405.0
167	338	32	3335.0
390	780	32	10383.0
132	277	32	6947.0
540	815	32	10019.0
526	682	32	5563.0
20	588	32	8197.0
628	768	32	10924.0
854	981	32	8181.0
395	458	32	1424.0
395	462	32	1397.0
395	714	32	1327.0
458	714	32	11901.0
462	714	32	1378.0
376	457	32	7904.0
748	840	32	10870.0
822	867	32	2270.0
225	254	32	5518.0
433	650	32	8835.0
575	694	32	10023.0
567	854	32	4036.0
597	739	32	10862.0
95	415	32	8638.0
425	654	32	4302.0
201	535	32	13914.0
448	467	32	10651.0
733	945	32	9446.0
362	979	32	10603.0
170	668	32	8255.0
81	197	32	7505.0
425	594	32	16358.0
511	777	32	12712.0
720	972	32	4555.0
140	994	32	13776.0
449	756	32	13601.0
118	837	32	7219.0
511	930	32	10834.0
505	978	32	13628.0
402	512	32	6031.0
290	916	32	12800.0
290	970	32	12909.0
916	970	32	13166.0
675	746	32	3166.0
181	955	32	15288.0
70	618	32	9009.0
326	406	32	5908.0
800	948	32	9925.0
163	489	32	7988.0
56	562	32	8236.0
56	309	32	8587.0
188	401	32	11027.0
384	457	32	12474.0
675	874	32	12416.0
454	897	32	11761.0
197	705	32	7923.0
683	775	32	13437.0
402	788	32	6314.0
402	944	32	5290.0
788	944	32	10816.0
50	623	32	7365.0
582	988	32	5707.0
812	876	32	11416.0
924	944	32	11770.0
113	923	32	11303.0
337	917	32	10915.0
442	465	32	11303.0
723	725	32	8085.0
235	977	32	6237.0
201	547	32	11277.0
783	785	32	7720.0
541	962	32	9135.0
42	368	32	10648.0
255	340	32	10359.0
568	640	32	4680.0
701	857	32	2370.0
858	906	32	9672.0
217	405	32	10195.0
405	518	32	4071.0
603	966	32	4275.0
341	531	32	8575.0
408	708	32	8843.0
11	588	32	6340.0
8	502	32	7429.0
245	494	32	2856.0
617	991	32	12954.0
14	83	32	5529.0
122	547	32	6674.0
122	715	32	6586.0
334	771	32	5296.0
423	639	32	11121.0
390	849	32	6306.0
385	796	32	12092.0
150	308	32	7050.0
504	901	32	5250.0
173	961	32	10763.0
233	390	32	11221.0
120	433	32	3576.0
622	769	32	7061.0
178	433	32	11259.0
105	420	32	8115.0
375	748	32	6477.0
221	501	32	10535.0
14	589	32	9528.0
194	749	32	13194.0
548	974	32	11317.0
137	961	32	7618.0
429	918	32	9080.0
759	968	32	7929.0
39	265	32	13032.0
615	860	32	19128.0
712	774	32	9647.0
100	527	32	10199.0
173	945	32	8899.0
622	898	32	9016.0
410	700	32	3265.0
54	263	32	4825.0
322	828	32	10612.0
621	859	32	11348.0
30	686	32	8701.0
596	1001	32	6482.0
280	469	32	9321.0
102	755	32	3571.0
613	755	32	11709.0
553	656	32	8781.0
413	589	32	5423.0
266	910	32	8289.0
23	316	32	6504.0
370	513	32	16922.0
173	886	32	11065.0
163	261	32	8009.0
229	926	32	5906.0
137	759	32	7474.0
333	495	32	7904.0
333	508	32	5862.0
141	267	32	6717.0
131	698	32	4877.0
419	524	32	5184.0
677	889	32	9456.0
334	724	32	6881.0
81	216	32	7389.0
648	709	32	9015.0
670	995	32	8932.0
700	977	32	4057.0
522	884	32	9110.0
833	988	32	17070.0
314	857	32	6446.0
127	514	32	8753.0
295	504	32	7714.0
155	760	32	14025.0
923	986	32	13889.0
443	464	32	6953.0
150	798	32	5913.0
308	798	32	6421.0
116	180	32	6335.0
178	267	32	7610.0
437	528	32	11912.0
824	869	32	10798.0
23	664	32	1195.0
542	892	32	7404.0
407	842	32	5177.0
505	841	32	1965.0
371	590	32	6841.0
40	560	32	5694.0
235	624	32	10450.0
494	814	32	4210.0
1	384	32	6472.0
188	914	32	10251.0
320	864	32	10359.0
251	335	32	10586.0
357	651	32	11396.0
312	513	32	10659.0
164	797	32	5873.0
303	484	32	9596.0
143	212	32	3862.0
265	779	32	10871.0
656	772	32	8561.0
590	682	32	2598.0
71	745	32	8086.0
375	909	32	8975.0
208	247	32	7660.0
247	359	32	5635.0
302	592	32	8858.0
79	795	32	11493.0
697	814	32	12872.0
28	580	32	11128.0
289	572	32	9736.0
572	856	32	10501.0
170	748	32	1746.0
285	349	32	10080.0
396	420	32	8766.0
126	819	32	9214.0
711	910	32	8867.0
181	271	32	15165.0
84	658	32	8528.0
84	882	32	8443.0
658	882	32	11285.0
31	164	32	6117.0
31	723	32	7028.0
642	800	32	9747.0
179	731	32	9514.0
108	519	32	3612.0
557	701	32	12326.0
141	433	32	7537.0
311	380	32	7733.0
586	748	32	10237.0
318	585	32	9617.0
157	743	32	6755.0
68	831	32	7403.0
112	665	32	3772.0
445	1001	32	7992.0
17	314	32	11265.0
37	775	32	5115.0
427	509	32	4671.0
362	984	32	7391.0
721	883	32	15019.0
132	658	32	8014.0
635	922	32	8859.0
79	319	32	3940.0
447	773	32	10011.0
197	771	32	6690.0
272	481	32	11333.0
191	328	32	9659.0
586	668	32	6390.0
586	691	32	6745.0
668	691	32	8604.0
184	728	32	5098.0
15	738	32	8892.0
21	345	32	8965.0
112	868	32	2888.0
165	765	32	4980.0
161	545	32	8238.0
214	837	32	8490.0
603	654	32	8829.0
105	629	32	8160.0
385	727	32	12047.0
24	340	32	7003.0
553	896	32	10423.0
531	674	32	5652.0
12	962	32	2409.0
399	730	32	11907.0
39	850	32	5376.0
57	957	32	6695.0
452	725	32	10250.0
693	922	32	7908.0
363	595	32	6201.0
375	646	32	11449.0
194	355	32	16536.0
158	675	32	10216.0
590	751	32	7140.0
607	705	32	12826.0
589	710	32	5657.0
589	754	32	9999.0
140	546	32	4421.0
600	875	32	10258.0
49	894	32	5678.0
234	338	32	3335.0
33	858	32	7977.0
387	422	32	8742.0
318	325	32	10916.0
8	215	32	7452.0
907	966	32	14089.0
70	405	32	4274.0
39	977	32	4098.0
100	633	32	9747.0
408	594	32	7848.0
324	858	32	8714.0
287	895	32	4811.0
10	57	32	7515.0
396	722	32	11753.0
40	596	32	12875.0
233	905	32	15307.0
135	485	32	7846.0
98	711	32	6758.0
862	961	32	7959.0
341	678	32	13967.0
234	285	32	3266.0
343	510	32	4788.0
305	753	32	7379.0
550	740	32	2927.0
551	689	32	10081.0
192	363	32	4982.0
150	591	32	1007.0
119	988	32	15915.0
384	458	32	11532.0
83	682	32	8647.0
757	914	32	10516.0
730	952	32	12715.0
526	754	32	9999.0
189	198	32	4824.0
386	971	32	11622.0
68	300	32	8297.0
323	501	32	11199.0
127	610	32	8530.0
598	775	32	6425.0
55	846	32	10831.0
132	503	32	7785.0
227	394	32	3244.0
574	986	32	9802.0
150	252	32	1176.0
345	509	32	11598.0
187	881	32	8167.0
603	898	32	10236.0
452	571	32	8136.0
314	557	32	12361.0
639	1000	32	13515.0
106	273	32	1599.0
778	950	32	15318.0
620	697	32	10707.0
140	966	32	13811.0
96	407	32	4480.0
385	584	32	12123.0
225	605	32	5063.0
561	852	32	7841.0
169	806	32	7240.0
71	458	32	6017.0
15	599	32	8807.0
948	964	32	9422.0
360	370	32	7729.0
401	680	32	11181.0
785	847	32	11394.0
186	395	32	13485.0
393	997	32	10794.0
819	908	32	12546.0
160	476	32	9241.0
298	806	32	10450.0
384	714	32	11639.0
445	578	32	6838.0
172	395	32	4356.0
172	915	32	1970.0
395	876	32	8328.0
395	915	32	14004.0
876	915	32	5858.0
647	713	32	8913.0
442	454	32	10086.0
360	513	32	8498.0
360	631	32	6482.0
467	664	32	5597.0
820	988	32	16804.0
620	929	32	4428.0
319	883	32	11394.0
363	424	32	6169.0
612	662	32	11944.0
598	675	32	7294.0
167	965	32	9984.0
520	819	32	8500.0
287	461	32	4800.0
437	559	32	11623.0
528	559	32	18836.0
127	655	32	6505.0
61	579	32	7577.0
199	207	32	10044.0
490	907	32	7004.0
378	533	32	8801.0
554	565	32	9865.0
167	592	32	3796.0
167	861	32	10130.0
592	861	32	3769.0
62	684	32	8007.0
358	440	32	9003.0
86	818	32	7599.0
96	467	32	4415.0
467	842	32	5177.0
362	763	32	3659.0
37	375	32	2261.0
4	903	32	12048.0
297	310	32	3184.0
290	801	32	11192.0
193	900	32	11069.0
848	900	32	10930.0
165	321	32	5119.0
617	813	32	9119.0
361	548	32	5883.0
261	323	32	11062.0
781	913	32	11200.0
334	607	32	4482.0
375	598	32	6468.0
375	746	32	2608.0
375	840	32	6598.0
598	746	32	5396.0
746	840	32	7000.0
180	938	32	9905.0
35	693	32	6468.0
352	832	32	8233.0
337	850	32	10742.0
254	526	32	10706.0
254	754	32	9999.0
612	614	32	12874.0
489	501	32	1442.0
248	489	32	10721.0
961	964	32	2037.0
331	615	32	10388.0
84	474	32	8320.0
70	624	32	8863.0
176	804	32	9951.0
311	626	32	5353.0
726	915	32	10146.0
98	438	32	6948.0
675	926	32	8352.0
542	995	32	8015.0
69	355	32	11346.0
404	742	32	12817.0
33	737	32	8194.0
294	656	32	3068.0
300	374	32	12657.0
323	415	32	12574.0
246	295	32	1880.0
743	904	32	9614.0
456	802	32	8714.0
375	712	32	5940.0
814	946	32	7703.0
119	582	32	5576.0
29	496	32	11157.0
121	314	32	6302.0
327	508	32	6472.0
369	681	32	10536.0
14	414	32	5592.0
436	744	32	10980.0
276	283	32	11805.0
476	612	32	8600.0
1	745	32	5479.0
319	721	32	12062.0
137	968	32	7424.0
93	561	32	7080.0
361	607	32	10043.0
432	627	32	2721.0
707	795	32	10185.0
237	736	32	15679.0
352	861	32	2242.0
40	304	32	11590.0
646	774	32	7701.0
712	746	32	6167.0
488	519	32	1245.0
11	20	32	6221.0
11	750	32	6475.0
20	750	32	7502.0
493	630	32	10205.0
408	490	32	8337.0
131	313	32	4794.0
75	613	32	5774.0
230	570	32	13113.0
143	930	32	2463.0
534	877	32	10561.0
68	481	32	8448.0
245	620	32	6527.0
245	697	32	13319.0
186	876	32	13628.0
407	467	32	11376.0
407	975	32	4532.0
467	975	32	12600.0
162	206	32	9522.0
190	731	32	15550.0
731	864	32	12643.0
6	537	32	3053.0
528	699	32	11883.0
305	987	32	6831.0
666	795	32	4545.0
8	661	32	7687.0
324	987	32	7666.0
642	968	32	10798.0
518	881	32	5438.0
672	892	32	7445.0
259	722	32	11613.0
125	905	32	9068.0
197	974	32	3261.0
923	939	32	10855.0
346	684	32	10799.0
276	736	32	12454.0
395	726	32	11156.0
438	910	32	8830.0
343	541	31	9845.0
197	216	31	10591.0
162	203	31	1711.0
92	540	31	7270.0
232	260	31	8100.0
225	252	31	12361.0
134	488	31	5877.0
62	918	31	7924.0
567	745	31	5526.0
408	603	31	8907.0
171	881	31	7152.0
167	234	31	11921.0
180	637	31	4503.0
128	997	31	7550.0
150	153	31	4791.0
153	751	31	5674.0
289	579	31	8450.0
493	616	31	12192.0
516	988	31	16318.0
288	496	31	10553.0
582	978	31	11061.0
252	798	31	6733.0
83	973	31	12977.0
80	475	31	12568.0
360	367	31	7786.0
576	951	31	4064.0
177	818	31	10866.0
613	616	31	1928.0
645	804	31	11624.0
302	349	31	8781.0
52	655	31	1104.0
101	426	31	8869.0
775	840	31	7986.0
219	228	31	4346.0
171	265	31	3610.0
265	410	31	3961.0
935	979	31	10603.0
561	653	31	8009.0
51	242	31	8057.0
886	961	31	13057.0
220	270	31	8370.0
157	504	31	6781.0
157	821	31	7570.0
184	972	31	6351.0
184	980	31	5963.0
385	686	31	14361.0
65	956	31	12020.0
797	866	31	7391.0
417	655	31	10510.0
263	269	31	8277.0
199	288	31	10572.0
725	797	31	9195.0
289	838	31	8359.0
343	488	31	7980.0
76	465	31	8899.0
961	968	31	12046.0
432	694	31	3019.0
339	870	31	10876.0
50	362	31	9521.0
511	684	31	8043.0
537	728	31	7795.0
564	935	31	11931.0
364	605	31	5063.0
636	975	31	11441.0
390	698	31	12383.0
582	659	31	9129.0
298	315	31	8320.0
81	934	31	7697.0
158	775	31	1428.0
645	883	31	10780.0
104	601	31	6266.0
180	531	31	7656.0
527	755	31	9501.0
274	303	31	9123.0
39	917	31	4517.0
676	967	31	11344.0
591	710	31	11241.0
530	862	31	9537.0
663	862	31	12243.0
158	229	31	7047.0
172	344	31	6996.0
647	812	31	12760.0
521	566	31	8697.0
160	612	31	10102.0
63	878	31	8021.0
187	632	31	9208.0
658	787	31	12999.0
706	776	31	12520.0
225	879	31	10432.0
539	887	31	6614.0
375	998	31	5777.0
100	808	31	10661.0
240	499	31	9000.0
564	835	31	11245.0
45	884	31	7918.0
376	660	31	6326.0
236	828	31	10051.0
121	857	31	7897.0
83	414	31	12725.0
83	526	31	5543.0
305	737	31	9386.0
204	813	31	8631.0
449	725	31	12804.0
714	783	31	10536.0
386	888	31	9482.0
768	777	31	13950.0
531	678	31	9161.0
287	494	31	4643.0
795	804	31	11947.0
197	213	31	5245.0
364	589	31	5424.0
341	817	31	13863.0
608	817	31	2267.0
868	912	31	3984.0
135	469	31	8203.0
334	548	31	5095.0
171	187	31	10006.0
347	896	31	10712.0
781	799	31	9572.0
158	998	31	3279.0
756	866	31	9130.0
0	515	31	4428.0
192	424	31	4986.0
282	285	31	3263.0
285	965	31	2306.0
234	965	31	13092.0
468	793	31	13418.0
448	636	31	10369.0
780	849	31	7915.0
375	774	31	7119.0
215	661	31	9701.0
594	708	31	4872.0
590	591	31	4131.0
357	855	31	9090.0
651	855	31	10263.0
171	518	31	11829.0
36	573	31	8052.0
416	478	31	6455.0
425	966	31	16517.0
560	949	31	9277.0
474	503	31	6997.0
52	251	31	4655.0
197	607	31	10059.0
598	786	31	9212.0
56	673	31	7869.0
584	727	31	10517.0
404	569	31	11800.0
38	700	31	2374.0
38	977	31	2422.0
509	969	31	11722.0
262	493	31	13573.0
591	751	31	1841.0
571	756	31	8605.0
252	879	31	9817.0
429	511	31	7260.0
147	421	31	5970.0
299	814	31	6884.0
34	641	31	2647.0
343	740	31	5929.0
160	834	31	10408.0
476	834	31	9512.0
620	814	31	11081.0
58	704	31	15663.0
118	486	31	1852.0
292	781	31	10257.0
65	714	31	1324.0
331	766	31	8696.0
252	591	31	12508.0
376	785	31	10154.0
590	879	31	9246.0
60	521	31	8857.0
912	922	31	8165.0
203	764	31	3686.0
1	783	31	7518.0
683	748	31	8742.0
316	842	31	5167.0
724	770	31	8313.0
57	385	31	7076.0
408	994	31	7770.0
490	994	31	4771.0
813	991	31	9103.0
274	822	31	2713.0
810	830	31	7423.0
592	717	31	1657.0
721	804	31	7133.0
21	925	31	8982.0
855	1002	30	10020.0
163	248	30	7871.0
539	856	30	6345.0
172	402	30	3442.0
172	944	30	6789.0
610	702	30	10079.0
291	297	30	3551.0
371	751	30	7678.0
267	369	30	6846.0
300	587	30	10864.0
376	714	30	7363.0
714	854	30	10455.0
90	595	30	2532.0
668	775	30	6929.0
319	795	30	4909.0
125	849	30	6247.0
739	748	30	2581.0
67	575	30	2155.0
123	998	30	2324.0
217	235	30	10069.0
235	618	30	8493.0
550	923	30	2428.0
939	986	30	11068.0
384	915	30	1092.0
528	927	30	15540.0
239	835	30	5918.0
43	960	30	10506.0
203	954	30	6993.0
194	696	30	13279.0
272	831	30	8396.0
665	912	30	7585.0
89	315	30	6697.0
160	614	30	11310.0
526	605	30	10737.0
407	843	30	6971.0
239	623	30	5342.0
244	435	30	10312.0
17	991	30	14290.0
768	930	30	11236.0
125	390	30	9134.0
463	544	30	8297.0
46	205	30	7804.0
231	456	30	10150.0
221	261	30	3386.0
684	996	30	11459.0
713	915	30	1694.0
688	985	30	11759.0
333	631	30	7210.0
431	787	30	12999.0
34	359	30	5444.0
338	986	30	3238.0
391	824	30	11452.0
301	846	30	13656.0
511	768	30	13121.0
177	767	30	10565.0
495	513	30	11111.0
449	452	30	13058.0
384	567	30	6556.0
144	236	30	9862.0
248	261	30	13178.0
235	850	30	8442.0
34	604	30	5340.0
516	833	30	15254.0
740	844	30	7746.0
2	464	30	4757.0
368	470	30	8646.0
253	603	30	6353.0
43	403	30	10524.0
412	635	30	11734.0
440	784	30	7916.0
326	706	30	5926.0
45	685	30	8257.0
524	880	30	6361.0
456	942	30	7640.0
62	511	30	5259.0
503	871	30	9508.0
244	288	30	3732.0
787	871	30	11923.0
162	572	30	9357.0
492	687	30	12059.0
359	427	30	3936.0
52	514	30	1130.0
465	811	30	12048.0
58	718	30	13474.0
578	949	30	8557.0
686	727	30	9362.0
837	949	30	7710.0
677	827	30	10139.0
490	594	30	4796.0
252	364	30	12553.0
213	216	30	4807.0
431	658	30	15648.0
268	673	30	10294.0
551	943	30	8962.0
245	929	30	4428.0
532	884	30	11296.0
152	549	30	10926.0
261	489	30	10700.0
391	770	30	8448.0
537	980	30	8626.0
743	821	30	8840.0
416	510	30	1032.0
510	773	30	1073.0
241	972	30	3991.0
660	847	30	6450.0
901	904	30	1699.0
334	770	30	7350.0
13	993	30	9249.0
10	796	30	11499.0
796	957	30	6682.0
672	995	30	9247.0
50	979	30	9573.0
111	531	30	8382.0
225	591	30	12778.0
222	853	30	10265.0
343	552	30	4197.0
178	380	30	12393.0
226	375	30	4764.0
375	926	30	5931.0
412	665	30	6852.0
311	369	30	7036.0
774	840	30	10942.0
340	382	30	10048.0
945	961	30	9513.0
203	887	30	6182.0
246	821	30	8766.0
189	555	30	2501.0
361	705	30	8083.0
366	415	30	5381.0
206	838	30	8741.0
227	294	30	2517.0
346	511	30	10305.0
694	883	30	1766.0
45	602	30	7492.0
178	625	30	1729.0
395	660	30	1344.0
462	660	30	1418.0
44	583	30	9647.0
423	1000	30	14788.0
17	568	30	12511.0
413	591	30	13293.0
601	964	30	10405.0
249	859	30	10468.0
601	948	30	12757.0
238	946	30	4263.0
80	839	30	11970.0
187	479	30	5052.0
511	996	30	9967.0
599	634	30	9673.0
576	592	30	1677.0
14	364	30	5668.0
173	759	30	7931.0
783	981	30	7982.0
941	971	30	3339.0
48	231	30	7169.0
237	283	30	12653.0
352	717	30	8532.0
236	322	30	9216.0
675	712	30	5620.0
300	729	30	13785.0
625	696	30	14017.0
108	923	30	3261.0
519	923	30	9598.0
642	733	30	14258.0
736	985	30	14453.0
691	748	30	3544.0
298	573	30	2050.0
174	222	30	8290.0
868	922	30	4657.0
364	710	30	10816.0
448	975	30	11002.0
735	929	30	4428.0
622	752	30	5481.0
30	385	30	9650.0
31	797	30	7529.0
461	895	30	4722.0
588	971	30	10683.0
477	755	30	2673.0
531	953	30	13726.0
498	905	30	9484.0
109	232	30	8052.0
95	323	30	8495.0
95	501	30	8208.0
61	440	30	7636.0
637	938	30	1347.0
712	909	30	2510.0
669	943	30	13545.0
113	338	30	1151.0
704	996	30	1714.0
31	571	30	8518.0
640	857	30	8645.0
479	700	30	4584.0
204	640	30	11615.0
312	508	30	6758.0
416	644	30	10868.0
11	270	30	5975.0
485	688	30	13677.0
150	973	30	5389.0
709	737	30	11402.0
499	741	30	8561.0
41	832	30	3283.0
838	954	30	6012.0
372	682	30	2436.0
131	390	30	4883.0
789	993	30	10077.0
131	780	30	6855.0
313	780	30	10289.0
215	353	30	11953.0
188	580	30	3486.0
624	779	30	6740.0
577	937	30	9680.0
197	548	30	5903.0
282	302	30	2910.0
462	525	29	13410.0
566	694	29	7068.0
259	396	29	10918.0
909	926	29	3431.0
252	589	29	5424.0
632	700	29	4795.0
785	854	29	13333.0
799	913	29	9160.0
465	573	29	4605.0
251	318	29	8287.0
30	57	29	7429.0
583	775	29	9601.0
596	836	29	11372.0
141	311	29	7388.0
158	712	29	3768.0
49	875	29	5799.0
746	774	29	8108.0
57	727	29	7071.0
369	936	29	10802.0
598	909	29	3743.0
346	996	29	13932.0
118	1001	29	6921.0
774	775	29	9438.0
29	199	29	6563.0
720	810	29	8923.0
318	335	29	8463.0
9	596	29	9853.0
358	784	29	7753.0
886	945	29	9446.0
334	869	29	6983.0
60	823	29	8588.0
845	983	29	9080.0
445	596	29	8876.0
189	776	29	3759.0
445	837	29	6701.0
583	712	29	6294.0
134	962	29	10092.0
849	905	29	11244.0
67	694	29	2096.0
62	346	29	8266.0
38	881	29	2402.0
291	310	29	3942.0
20	888	29	8194.0
723	990	29	7441.0
709	987	29	8627.0
753	987	29	8763.0
285	302	29	9168.0
285	717	29	1669.0
145	982	29	9908.0
278	999	29	4788.0
597	775	29	6590.0
304	445	29	3190.0
304	667	29	11902.0
447	806	29	12831.0
265	977	29	4744.0
357	863	29	9594.0
176	795	29	11258.0
149	766	29	6757.0
567	981	29	5949.0
23	407	29	6849.0
87	708	29	7846.0
1	660	29	7421.0
457	714	29	13869.0
545	570	29	3420.0
108	150	29	6865.0
308	751	29	7799.0
178	311	29	10511.0
7	891	29	11131.0
141	650	29	7609.0
368	671	29	9282.0
211	331	29	10304.0
693	912	29	6492.0
60	694	29	8584.0
384	726	29	1360.0
407	664	29	5597.0
449	797	29	10389.0
238	697	29	6510.0
616	630	29	10179.0
761	801	29	10519.0
203	539	29	4417.0
234	282	29	11717.0
347	772	29	12573.0
710	879	29	8703.0
653	802	29	9358.0
575	762	29	7486.0
582	933	29	2317.0
648	753	29	8264.0
156	838	29	4944.0
238	929	29	3432.0
745	785	29	14545.0
105	396	29	8437.0
733	961	29	13637.0
772	896	29	10744.0
214	836	29	11638.0
712	775	29	7209.0
108	879	29	6475.0
343	351	29	9197.0
414	591	29	13272.0
606	634	29	10147.0
635	868	29	6693.0
426	577	29	9186.0
327	360	29	3625.0
172	186	29	8689.0
125	430	29	8945.0
125	698	29	9166.0
277	503	29	7907.0
626	681	29	6958.0
13	655	29	8369.0
44	748	29	13519.0
124	510	29	7421.0
620	735	29	12160.0
136	224	29	7925.0
419	816	29	4088.0
367	515	29	12145.0
214	949	29	9277.0
72	804	29	1268.0
319	804	29	3263.0
97	964	29	7796.0
176	666	29	4859.0
303	822	29	10995.0
733	878	29	1499.0
26	529	29	6900.0
109	260	29	8009.0
46	136	29	7650.0
193	760	29	3416.0
441	812	29	9428.0
176	707	29	10142.0
473	879	29	10094.0
102	477	29	11973.0
322	932	29	9433.0
308	371	29	9535.0
234	861	29	12369.0
151	745	29	8292.0
124	844	29	7566.0
541	844	29	9829.0
178	194	29	1754.0
410	632	29	9091.0
582	820	29	5827.0
15	360	29	3064.0
508	513	29	10664.0
475	730	29	11905.0
521	940	29	11107.0
331	860	29	10524.0
200	877	29	4916.0
207	958	29	10606.0
231	760	29	3471.0
583	786	29	9376.0
527	613	29	11460.0
332	921	29	9515.0
42	183	29	10523.0
493	613	29	5167.0
442	897	29	11231.0
40	1001	29	2799.0
28	778	29	13364.0
110	791	29	11357.0
741	791	29	6902.0
714	981	29	10124.0
462	981	29	1041.0
97	886	29	5145.0
65	915	29	11400.0
557	617	29	10827.0
557	640	29	7332.0
570	867	29	14785.0
293	828	29	10933.0
225	751	29	1525.0
684	930	29	4162.0
567	783	29	11632.0
239	564	29	6682.0
16	801	29	8744.0
16	916	29	8517.0
346	930	29	6323.0
44	158	29	5230.0
281	418	29	7155.0
471	599	29	10612.0
232	383	29	9375.0
153	252	29	4139.0
571	723	29	7168.0
572	954	29	1988.0
601	642	29	12749.0
174	859	29	8134.0
209	712	29	7616.0
209	598	29	8107.0
338	576	29	1504.0
229	874	29	9160.0
347	553	29	10411.0
33	987	29	6737.0
162	887	29	9421.0
89	298	29	8650.0
137	948	29	1577.0
31	866	29	8566.0
675	840	29	6811.0
121	640	29	7962.0
183	397	29	9131.0
462	1000	29	14173.0
678	817	29	15245.0
141	369	29	7420.0
151	981	29	8653.0
336	499	29	9188.0
586	683	29	12174.0
17	557	29	14045.0
126	928	29	9427.0
605	879	29	3439.0
105	722	29	8359.0
438	483	29	8877.0
44	375	29	7217.0
44	646	29	7509.0
705	771	29	12970.0
176	279	29	5852.0
104	530	29	6062.0
104	964	29	6306.0
560	837	29	9560.0
355	696	29	14277.0
25	869	29	6350.0
172	924	29	7055.0
108	308	29	6721.0
786	840	29	10909.0
122	535	29	6308.0
262	630	29	10362.0
118	578	29	7104.0
612	834	29	12245.0
125	196	29	7116.0
384	854	29	8859.0
69	696	29	11133.0
777	930	29	11236.0
178	696	29	1738.0
337	618	29	10227.0
378	411	29	9389.0
115	157	29	1522.0
858	987	29	7163.0
352	592	29	2265.0
40	466	29	8886.0
304	466	29	6010.0
83	252	29	9524.0
256	292	29	9573.0
199	967	29	6434.0
626	650	29	7162.0
191	351	29	10592.0
159	889	29	7394.0
60	762	29	8544.0
505	790	29	6845.0
229	909	29	6791.0
240	336	29	11638.0
941	997	29	10828.0
425	546	29	4421.0
379	412	29	10491.0
412	472	29	12406.0
632	881	29	6500.0
69	749	29	11018.0
342	428	29	7200.0
200	388	28	4008.0
86	767	28	7333.0
709	858	28	10044.0
83	710	28	8914.0
521	823	28	11193.0
14	754	28	9257.0
44	668	28	6711.0
44	775	28	14227.0
12	744	28	8328.0
241	421	28	3802.0
583	746	28	8055.0
746	775	28	8090.0
167	282	28	11530.0
224	845	28	11840.0
608	678	28	2585.0
49	951	28	5536.0
544	638	28	11024.0
119	833	28	16055.0
40	949	28	3655.0
136	205	28	8014.0
126	908	28	9883.0
239	362	28	5253.0
608	674	28	12582.0
564	763	28	4281.0
763	935	28	4230.0
429	996	28	10710.0
347	851	28	2172.0
656	851	28	2406.0
289	358	28	6378.0
120	311	28	3754.0
110	698	28	6947.0
501	690	28	10792.0
327	370	28	6646.0
60	627	28	5957.0
445	949	28	8243.0
72	645	28	5760.0
84	277	28	8431.0
274	545	28	1608.0
59	274	28	10510.0
219	365	28	4434.0
17	857	28	5473.0
195	919	28	3148.0
320	731	28	11208.0
202	895	28	2472.0
443	901	28	9113.0
243	803	28	14021.0
31	990	28	8883.0
82	987	28	8849.0
571	725	28	8732.0
530	968	28	1238.0
110	780	28	6863.0
144	322	28	10638.0
468	760	28	12193.0
3	338	28	7658.0
628	996	28	5978.0
192	407	28	2965.0
949	1001	28	8936.0
38	187	28	2430.0
38	410	28	2381.0
550	744	28	17172.0
137	500	28	7039.0
150	825	28	1828.0
59	230	28	10704.0
96	420	28	1098.0
233	430	28	12927.0
79	883	28	7442.0
274	867	28	14390.0
34	208	28	5342.0
14	710	28	5656.0
50	835	28	9472.0
821	904	28	8821.0
108	371	28	6743.0
375	675	28	14794.0
594	907	28	17130.0
359	604	28	5533.0
40	214	28	12875.0
653	814	28	2942.0
670	672	28	11586.0
34	247	28	5371.0
698	791	28	4500.0
245	299	28	10463.0
607	715	28	3201.0
168	776	28	9358.0
546	994	28	4453.0
132	474	28	6021.0
383	487	28	9876.0
336	791	28	6900.0
97	173	28	2987.0
737	858	28	10332.0
804	883	28	6460.0
575	883	28	1711.0
137	663	28	2141.0
137	886	28	7383.0
737	906	28	9674.0
753	906	28	7763.0
304	836	28	11953.0
252	254	28	5518.0
413	754	28	5186.0
759	948	28	2494.0
384	745	28	10516.0
162	838	28	8021.0
610	655	28	8180.0
59	758	28	10798.0
268	309	28	10248.0
309	673	28	9223.0
878	943	28	13464.0
303	758	28	7235.0
570	758	28	12239.0
463	638	28	8477.0
175	357	28	9408.0
151	376	28	3950.0
665	693	28	7141.0
369	433	28	8173.0
663	948	28	12493.0
138	622	28	3491.0
417	789	28	10253.0
720	830	28	10541.0
354	776	28	12434.0
0	370	28	7912.0
192	316	28	5179.0
763	984	28	4348.0
412	693	28	9868.0
312	515	28	8567.0
293	932	28	8926.0
265	377	28	1867.0
229	998	28	5736.0
229	598	28	1135.0
85	975	28	10448.0
7	491	28	11246.0
479	881	28	5015.0
339	846	28	13682.0
158	840	28	4403.0
131	905	28	10473.0
172	788	28	7248.0
588	750	28	9203.0
863	1002	28	10370.0
5	699	28	11166.0
314	568	28	9672.0
717	861	28	1591.0
601	968	28	4022.0
288	967	28	11154.0
315	478	28	13614.0
1	567	28	7735.0
1	854	28	3966.0
597	691	28	8192.0
44	786	28	15579.0
319	707	28	4289.0
145	719	28	10104.0
139	199	28	8871.0
291	411	28	3998.0
291	529	28	4355.0
411	529	28	15548.0
307	532	28	2011.0
29	967	28	11254.0
360	515	28	7901.0
586	774	28	8846.0
462	764	28	14796.0
186	812	28	12066.0
498	780	28	5881.0
6	184	28	11502.0
752	898	28	6712.0
278	536	28	3095.0
464	504	28	3494.0
316	664	28	5597.0
575	627	28	4453.0
88	355	28	14271.0
41	398	28	3335.0
120	178	28	3643.0
203	856	28	4607.0
838	856	28	11094.0
415	501	28	10520.0
572	784	28	6918.0
309	562	28	10299.0
167	794	28	10806.0
230	274	28	13433.0
103	463	28	6852.0
661	903	28	8061.0
457	783	28	9676.0
274	758	28	12346.0
205	845	28	9089.0
654	907	28	9442.0
683	840	28	6560.0
701	991	28	12531.0
78	924	28	10442.0
267	311	28	7823.0
379	868	28	6694.0
169	478	28	7230.0
646	874	28	6709.0
473	590	28	9568.0
551	733	28	1509.0
589	978	28	2306.0
209	748	28	8070.0
363	407	28	3697.0
750	888	28	7734.0
334	824	28	7463.0
11	386	28	6237.0
346	628	28	6210.0
372	973	28	5390.0
390	498	28	4350.0
390	905	28	10033.0
15	634	28	8855.0
760	848	28	4162.0
346	777	28	8043.0
402	829	28	11155.0
795	883	28	7567.0
305	906	28	9156.0
185	388	28	4008.0
33	305	28	8055.0
156	423	28	1391.0
330	533	28	9095.0
294	347	28	2940.0
427	925	28	4710.0
55	301	28	11624.0
187	518	28	8098.0
474	787	28	7090.0
10	385	28	13014.0
364	754	28	5186.0
61	289	28	6133.0
323	690	28	9498.0
415	690	28	9954.0
499	791	28	6389.0
242	687	28	9179.0
338	349	28	10225.0
510	740	28	9011.0
4	902	28	14209.0
377	518	28	11264.0
158	646	28	9050.0
241	830	28	10626.0
490	708	28	8349.0
452	990	28	14854.0
490	654	28	8323.0
170	775	28	5597.0
46	845	28	7794.0
352	794	28	1402.0
191	744	28	11793.0
566	762	28	7640.0
603	999	28	9533.0
240	741	28	8332.0
336	741	28	12155.0
361	974	28	3243.0
227	553	28	2438.0
172	812	27	9084.0
263	812	27	9226.0
748	774	27	12292.0
494	620	27	4122.0
47	978	27	6208.0
329	448	27	9700.0
680	914	27	10491.0
153	364	27	4483.0
215	502	27	12037.0
353	502	27	12948.0
195	297	27	2947.0
254	414	27	5596.0
929	946	27	4450.0
159	827	27	8319.0
111	180	27	2658.0
311	650	27	7012.0
654	994	27	7094.0
87	408	27	7824.0
87	603	27	5914.0
642	964	27	9918.0
539	1000	27	3757.0
3	349	27	7615.0
369	650	27	8053.0
206	784	27	7240.0
530	642	27	9699.0
226	675	27	4848.0
33	648	27	6840.0
3	167	27	2793.0
619	982	27	10595.0
982	989	27	9149.0
828	932	27	12850.0
120	267	27	3578.0
308	590	27	6956.0
289	954	27	2368.0
72	883	27	8631.0
583	598	27	5563.0
488	744	27	15088.0
545	822	27	10179.0
578	667	27	6192.0
4	661	27	10600.0
514	610	27	9898.0
206	954	27	2761.0
539	954	27	4457.0
343	744	27	10858.0
164	756	27	5615.0
595	664	27	1900.0
275	389	27	10927.0
119	933	27	12622.0
159	404	27	1101.0
773	825	27	13129.0
213	607	27	5151.0
576	600	27	6892.0
423	525	27	12639.0
0	508	27	7685.0
71	847	27	7996.0
173	500	27	10130.0
500	961	27	10382.0
601	663	27	14048.0
338	609	27	10118.0
609	986	27	2126.0
466	560	27	8614.0
748	909	27	3768.0
223	264	27	6023.0
371	591	27	1376.0
87	425	27	1991.0
211	766	27	8696.0
480	812	27	6946.0
101	679	27	8810.0
384	847	27	6494.0
762	940	27	10223.0
521	762	27	9626.0
629	722	27	13108.0
112	693	27	3872.0
241	720	27	12587.0
653	942	27	7735.0
2	443	27	3623.0
443	703	27	4563.0
862	968	27	5730.0
713	812	27	8801.0
243	517	27	12752.0
542	670	27	7648.0
190	998	27	3139.0
328	351	27	9786.0
13	434	27	8907.0
279	721	27	12739.0
103	544	27	6535.0
148	278	27	5341.0
52	335	27	4809.0
17	121	27	5555.0
121	991	27	8071.0
21	969	27	8732.0
361	934	27	8025.0
78	512	27	10468.0
39	171	27	3588.0
167	894	27	1352.0
376	847	27	9877.0
458	847	27	6227.0
664	865	27	5023.0
575	940	27	7007.0
414	754	27	4628.0
639	838	27	8635.0
750	971	27	9882.0
699	927	27	12089.0
174	853	27	8202.0
186	647	27	11812.0
162	784	27	6776.0
575	666	27	1753.0
666	883	27	11845.0
39	217	27	10280.0
568	701	27	12417.0
312	370	27	9300.0
23	826	27	8235.0
184	537	27	7401.0
24	255	27	6902.0
85	448	27	9986.0
70	235	27	7728.0
380	936	27	7266.0
458	745	27	10621.0
5	559	27	12986.0
233	780	27	11928.0
780	905	27	11602.0
458	981	27	10124.0
19	628	27	10821.0
441	876	27	4041.0
583	683	27	8721.0
76	442	27	8656.0
107	724	27	6250.0
163	323	27	8024.0
29	643	27	11593.0
60	940	27	8858.0
156	539	27	5827.0
865	899	27	5250.0
271	718	27	10800.0
478	592	27	1344.0
471	606	27	9250.0
257	806	27	9228.0
152	332	27	11243.0
332	549	27	10829.0
223	428	27	5592.0
360	508	27	5261.0
842	865	27	4180.0
237	688	27	11640.0
369	380	27	9812.0
416	806	27	9378.0
537	830	27	3691.0
589	605	27	10737.0
179	320	27	9560.0
393	971	27	3347.0
462	954	27	3248.0
198	776	27	13809.0
50	984	27	5506.0
36	742	27	7776.0
146	555	27	6286.0
380	626	27	9452.0
71	660	27	5829.0
205	224	27	9336.0
189	706	27	1645.0
651	943	27	1958.0
239	979	27	4512.0
623	979	27	7356.0
278	782	27	1039.0
255	317	27	10176.0
46	224	27	7715.0
46	983	27	7919.0
23	885	27	1512.0
47	505	27	6149.0
778	805	27	14594.0
189	765	27	6889.0
510	962	27	3972.0
150	473	27	6942.0
156	856	27	4359.0
328	436	27	4508.0
134	351	27	7969.0
733	862	27	8918.0
72	795	27	2909.0
158	774	27	4901.0
367	495	27	6196.0
308	473	27	7326.0
285	352	27	2337.0
564	979	27	9938.0
209	229	27	9166.0
134	541	27	6550.0
258	407	27	8101.0
364	798	27	7079.0
371	798	27	6316.0
260	383	27	7815.0
948	968	27	4151.0
0	306	27	3953.0
306	495	27	5531.0
133	272	27	7205.0
176	883	27	8581.0
258	664	27	2424.0
837	1001	27	7475.0
82	648	27	8424.0
650	936	27	5049.0
178	626	27	9452.0
460	891	27	11171.0
423	838	27	1939.0
217	337	27	3533.0
502	661	27	9163.0
886	948	27	5001.0
67	627	27	2238.0
773	806	27	8798.0
436	740	27	3655.0
729	831	27	8396.0
344	402	27	5953.0
497	603	27	3812.0
483	910	27	7582.0
225	372	27	3783.0
746	786	27	7902.0
531	938	27	4514.0
603	752	27	6975.0
252	605	27	5063.0
12	286	27	8151.0
705	715	27	3201.0
715	771	27	3387.0
79	279	27	5007.0
707	804	27	9442.0
712	748	27	9528.0
80	952	27	14311.0
655	993	27	10739.0
639	764	27	11595.0
649	841	27	11751.0
477	630	27	10052.0
567	714	27	8483.0
561	942	27	7948.0
179	864	27	9865.0
269	480	27	9190.0
86	402	27	7675.0
113	592	27	1917.0
316	843	27	6833.0
399	839	27	9169.0
402	818	27	8850.0
516	820	27	15725.0
457	458	27	12040.0
605	682	27	5194.0
30	957	27	9515.0
443	504	27	1944.0
14	225	27	5759.0
87	253	27	7949.0
558	793	27	12105.0
77	913	27	11447.0
183	368	27	8476.0
594	603	27	7029.0
376	783	27	3200.0
14	526	27	9646.0
609	861	27	4539.0
31	449	27	8742.0
328	744	27	9670.0
478	773	27	6717.0
48	900	27	7336.0
79	721	27	7635.0
223	342	27	5805.0
598	683	26	4744.0
285	581	26	9775.0
668	683	26	9497.0
663	945	26	3139.0
252	526	26	5543.0
526	589	26	14115.0
526	879	26	3337.0
697	735	26	14243.0
457	785	26	11549.0
801	970	26	11512.0
245	735	26	10235.0
246	904	26	8756.0
44	746	26	7148.0
209	998	26	7754.0
223	482	26	6101.0
552	962	26	3464.0
185	307	26	2919.0
349	609	26	9850.0
213	361	26	4993.0
313	905	26	9938.0
1	457	26	8019.0
189	321	26	7532.0
527	872	26	7999.0
47	659	26	5921.0
718	955	26	12660.0
871	882	26	6572.0
410	479	26	3121.0
99	338	26	8971.0
586	598	26	5819.0
226	229	26	5029.0
566	940	26	8865.0
97	862	26	11455.0
734	760	26	15747.0
120	141	26	3043.0
42	671	26	11357.0
137	182	26	8078.0
57	584	26	7155.0
546	966	26	4474.0
7	460	26	10909.0
216	771	26	7447.0
847	854	26	10538.0
267	681	26	3945.0
9	1001	26	8921.0
599	606	26	9516.0
856	954	26	4777.0
44	683	26	12476.0
204	557	26	6572.0
234	794	26	10880.0
820	933	26	13518.0
17	640	26	6326.0
280	736	26	2079.0
649	827	26	9475.0
412	868	26	6672.0
8	348	26	7150.0
124	962	26	2321.0
507	815	26	13879.0
541	859	26	2208.0
36	569	26	7860.0
488	541	26	3628.0
326	765	26	7127.0
6	972	26	2011.0
188	680	26	11284.0
595	865	26	1097.0
691	775	26	7398.0
104	948	26	5485.0
817	953	26	11265.0
645	666	26	7515.0
480	647	26	1872.0
522	602	26	7973.0
431	882	26	9301.0
132	431	26	7922.0
450	544	26	7178.0
16	395	26	2812.0
415	489	26	1849.0
450	463	26	7606.0
31	756	26	8818.0
545	890	26	12602.0
188	757	26	11165.0
196	430	26	10749.0
557	813	26	6952.0
697	929	26	4428.0
156	203	26	4959.0
463	924	26	6991.0
372	710	26	2056.0
601	961	26	5590.0
486	549	26	9119.0
291	919	26	3787.0
70	337	26	8973.0
614	834	26	13493.0
97	945	26	3605.0
385	692	26	8412.0
372	590	26	9379.0
229	375	26	9209.0
570	890	26	2988.0
403	534	26	10644.0
314	701	26	8125.0
374	729	26	10517.0
315	825	26	12447.0
23	85	26	1693.0
206	639	26	5440.0
92	275	26	7701.0
234	352	26	2278.0
315	416	26	6698.0
483	711	26	8071.0
367	513	26	7856.0
90	192	26	2523.0
386	750	26	8294.0
64	688	26	8463.0
227	347	26	3602.0
462	854	26	1471.0
0	367	26	4175.0
645	707	26	10052.0
667	1001	26	7059.0
431	474	26	8863.0
269	441	26	9257.0
197	255	26	2069.0
235	337	26	8100.0
844	962	26	2338.0
248	415	26	3322.0
733	800	26	3836.0
583	840	26	7114.0
24	382	26	6779.0
189	326	26	9362.0
216	607	26	10780.0
471	634	26	9389.0
206	579	26	1463.0
579	887	26	3180.0
345	427	26	3787.0
427	641	26	4907.0
870	992	26	10987.0
139	244	26	8923.0
316	363	26	5797.0
50	239	26	4383.0
79	645	26	11519.0
71	783	26	2937.0
576	894	26	8114.0
151	854	26	6258.0
261	296	26	3520.0
764	954	26	4911.0
637	678	26	12680.0
686	796	26	12053.0
43	534	26	10352.0
412	912	26	6869.0
200	532	26	5308.0
6	830	26	9233.0
739	775	26	6435.0
387	657	26	11017.0
384	660	26	11585.0
979	984	26	6144.0
691	786	26	5693.0
222	249	26	9051.0
222	859	26	10355.0
117	225	26	9544.0
95	221	26	8861.0
262	613	26	3938.0
405	624	26	7032.0
461	494	26	4089.0
78	402	26	4798.0
125	780	26	9107.0
601	733	26	6546.0
254	589	26	13208.0
25	391	26	6453.0
282	794	26	10299.0
217	917	26	4174.0
369	626	26	9453.0
642	961	26	12619.0
410	881	26	4562.0
548	934	26	10002.0
838	1000	26	4582.0
131	233	26	12058.0
477	613	26	3565.0
351	436	26	9320.0
862	948	26	12532.0
536	603	26	7617.0
171	700	26	4795.0
158	209	26	8645.0
16	970	26	8603.0
471	738	26	11044.0
0	333	26	5962.0
9	445	26	10412.0
282	592	26	3799.0
592	965	26	1798.0
500	968	26	10541.0
363	970	26	1656.0
606	738	26	10475.0
597	683	26	9845.0
240	791	26	6845.0
351	488	26	13623.0
835	984	26	7628.0
213	934	26	5380.0
512	944	26	10948.0
294	394	26	3543.0
294	851	26	2789.0
166	423	26	11547.0
466	578	26	6095.0
642	663	26	11159.0
364	973	26	16309.0
879	973	26	13841.0
478	644	26	10187.0
495	515	26	6585.0
141	178	26	7680.0
400	803	26	13705.0
592	986	26	3965.0
241	537	26	5053.0
296	690	26	9614.0
4	215	26	12404.0
596	667	26	15383.0
457	745	26	11124.0
248	501	26	2452.0
756	990	26	12954.0
726	785	26	1414.0
258	843	26	9588.0
23	467	26	7061.0
119	516	26	15134.0
516	582	26	4936.0
397	470	26	8692.0
554	732	26	8853.0
456	653	26	10313.0
602	884	26	10133.0
60	432	26	2945.0
740	744	26	3449.0
252	413	26	9818.0
178	936	26	7323.0
251	325	26	7523.0
398	717	26	6762.0
607	974	26	10498.0
275	540	26	11786.0
748	874	26	1118.0
117	710	25	9707.0
61	784	25	7555.0
675	909	25	8836.0
153	225	25	3785.0
198	765	25	2680.0
37	583	25	5603.0
733	968	25	12295.0
762	823	25	10596.0
267	626	25	6239.0
370	631	25	13868.0
182	759	25	7371.0
556	579	25	10641.0
572	639	25	5303.0
948	961	25	5721.0
247	604	25	8136.0
404	465	25	3732.0
327	367	25	2717.0
954	1000	25	7198.0
683	746	25	7614.0
100	755	25	8535.0
373	383	25	9539.0
689	878	25	10544.0
212	365	25	5632.0
198	406	25	2653.0
203	639	25	7260.0
472	665	25	8764.0
144	932	25	11293.0
173	862	25	4952.0
199	643	25	6183.0
203	423	25	3320.0
424	970	25	4493.0
147	980	25	6017.0
366	501	25	4410.0
366	690	25	2623.0
458	854	25	9164.0
311	433	25	9438.0
259	420	25	9531.0
129	835	25	1875.0
467	865	25	11016.0
180	674	25	10960.0
300	481	25	11333.0
204	991	25	8557.0
113	574	25	11374.0
411	533	25	10357.0
185	213	25	4463.0
771	934	25	11578.0
578	837	25	12639.0
734	793	25	12765.0
620	818	25	2402.0
431	871	25	12329.0
51	492	25	7940.0
430	791	25	4471.0
562	673	25	8164.0
166	764	25	11588.0
379	912	25	4623.0
379	922	25	5309.0
254	605	25	10180.0
332	486	25	10941.0
5	528	25	13449.0
225	682	25	10872.0
53	223	25	3828.0
343	436	25	11124.0
35	912	25	3868.0
348	353	25	11605.0
190	926	25	1369.0
681	936	25	11452.0
95	261	25	1448.0
261	501	25	3927.0
172	713	25	8813.0
330	529	25	10376.0
37	598	25	5478.0
668	739	25	9065.0
503	658	25	10503.0
296	366	25	4098.0
605	710	25	5255.0
3	302	25	7871.0
62	996	25	7889.0
48	193	25	7421.0
221	690	25	9578.0
22	312	25	6798.0
54	546	25	4779.0
682	879	25	9178.0
209	226	25	4881.0
707	721	25	8184.0
118	560	25	6802.0
497	773	25	1481.0
763	979	25	2904.0
911	956	25	13294.0
375	583	25	2758.0
120	936	25	3814.0
265	618	25	3998.0
137	642	25	7331.0
806	825	25	13391.0
906	987	25	7165.0
225	754	25	5186.0
414	589	25	5422.0
453	891	25	15547.0
184	421	25	6125.0
467	636	25	10004.0
214	304	25	11013.0
272	587	25	10856.0
429	777	25	4858.0
429	930	25	3250.0
500	862	25	4596.0
76	811	25	8941.0
109	383	25	7732.0
137	601	25	2223.0
14	605	25	9156.0
372	798	25	8832.0
590	798	25	9017.0
764	1000	25	15810.0
89	644	25	8621.0
494	568	25	1455.0
118	214	25	5770.0
306	312	25	3828.0
99	285	25	9052.0
453	460	25	11127.0
519	986	25	10834.0
390	791	25	4483.0
158	226	25	2833.0
600	894	25	12390.0
27	864	25	9099.0
654	708	25	8843.0
3	285	25	7783.0
172	512	25	7095.0
133	374	25	7062.0
316	865	25	10646.0
733	948	25	6770.0
394	553	25	2134.0
367	370	25	6744.0
259	629	25	11382.0
67	432	25	2130.0
146	706	25	6215.0
436	962	25	11090.0
89	447	25	8364.0
34	509	25	2882.0
316	899	25	10891.0
95	690	25	8348.0
700	881	25	4843.0
35	412	25	6486.0
35	665	25	3647.0
116	953	25	6151.0
488	550	25	16348.0
737	987	25	8295.0
535	547	25	10213.0
116	938	25	6087.0
170	739	25	6986.0
50	935	25	9537.0
608	953	25	9469.0
296	415	25	10700.0
376	745	25	9948.0
66	388	25	1324.0
646	909	25	9329.0
802	852	25	14106.0
740	962	25	6186.0
715	747	25	10624.0
252	372	25	4283.0
252	751	25	2015.0
424	865	25	4945.0
853	859	25	10199.0
86	177	25	7743.0
546	907	25	4527.0
469	611	25	11056.0
177	402	25	9857.0
286	488	25	13913.0
129	362	25	1724.0
129	623	25	1931.0
129	935	25	1728.0
151	785	25	7913.0
334	391	25	7073.0
315	644	25	11510.0
37	586	25	4905.0
88	119	25	3024.0
646	748	25	7055.0
295	904	25	4182.0
285	861	25	3220.0
163	415	25	1820.0
313	498	25	4236.0
167	285	25	3263.0
311	936	25	3799.0
78	344	25	10269.0
766	860	25	8708.0
120	380	25	2985.0
542	672	25	7914.0
358	556	25	9397.0
441	480	25	14079.0
473	682	25	4021.0
613	931	25	6400.0
39	624	25	6253.0
23	258	25	6876.0
54	269	25	4907.0
3	99	25	6856.0
597	748	25	2735.0
9	578	25	10208.0
466	836	25	6974.0
44	598	25	9163.0
295	743	25	2011.0
85	258	25	3990.0
264	428	25	6410.0
230	758	25	11915.0
425	708	25	2188.0
576	965	25	3138.0
697	946	25	7703.0
108	986	25	3480.0
510	541	25	11201.0
376	395	25	1003.0
660	745	25	10735.0
52	318	25	4802.0
170	583	25	1221.0
39	518	25	6916.0
469	485	25	11897.0
209	746	25	4252.0
209	786	25	8426.0
47	790	25	6053.0
107	771	25	9322.0
714	956	25	1335.0
216	705	25	8691.0
308	372	25	8418.0
217	779	25	10607.0
512	788	25	11745.0
601	945	25	3236.0
728	980	25	10038.0
328	962	25	3751.0
414	973	25	13948.0
178	355	25	1739.0
660	854	25	9241.0
497	999	25	4465.0
34	427	25	6185.0
106	287	25	1487.0
105	259	25	8176.0
751	798	25	6766.0
1	714	25	7544.0
474	871	25	6237.0
788	924	25	10628.0
364	590	25	4678.0
264	342	25	6595.0
3	581	25	6752.0
660	981	25	10124.0
827	841	25	8225.0
8	902	25	8170.0
510	744	25	1292.0
63	733	25	1509.0
689	733	25	1509.0
27	179	25	9501.0
432	823	25	3004.0
541	550	25	5571.0
225	710	25	11237.0
107	715	25	3200.0
36	404	25	8296.0
84	787	25	6662.0
9	837	25	9269.0
560	578	25	9695.0
727	796	25	7735.0
209	375	25	14123.0
209	646	25	11635.0
881	977	25	5311.0
313	390	25	13207.0
79	707	25	9636.0
225	371	25	1087.0
19	930	25	11021.0
35	472	25	6614.0
229	774	25	1856.0
875	894	24	10054.0
185	200	24	6811.0
52	325	24	4959.0
648	906	24	6469.0
103	638	24	6716.0
370	508	24	9832.0
413	710	24	9629.0
343	962	24	13081.0
488	962	24	7866.0
707	883	24	7854.0
14	682	24	5585.0
154	517	24	11393.0
253	594	24	4564.0
569	573	24	10933.0
421	830	24	2371.0
830	980	24	2265.0
252	710	24	11261.0
72	79	24	1953.0
88	988	24	3002.0
114	542	24	7133.0
728	972	24	7680.0
270	971	24	11925.0
548	715	24	3201.0
434	655	24	11799.0
248	323	24	9544.0
235	405	24	10987.0
67	566	24	2102.0
360	599	24	3574.0
381	719	24	11760.0
381	989	24	9096.0
180	953	24	9980.0
1	785	24	5612.0
252	308	24	1621.0
546	594	24	4483.0
108	372	24	6869.0
252	754	24	4869.0
255	446	24	9420.0
104	642	24	6242.0
173	182	24	12060.0
245	946	24	7703.0
252	590	24	4322.0
93	456	24	6011.0
395	647	24	5259.0
468	734	24	13484.0
568	617	24	8376.0
132	882	24	6217.0
620	946	24	5846.0
485	611	24	15604.0
71	915	24	1080.0
578	1001	24	7584.0
591	973	24	16262.0
704	955	24	15417.0
30	796	24	6932.0
329	975	24	11177.0
520	928	24	8687.0
819	928	24	12383.0
204	857	24	8645.0
212	228	24	4426.0
233	849	24	12446.0
556	784	24	7605.0
945	948	24	3337.0
9	214	24	11117.0
277	787	24	8024.0
154	803	24	12390.0
214	560	24	11765.0
23	448	24	2672.0
39	618	24	4503.0
823	940	24	11006.0
214	667	24	16981.0
515	631	24	5855.0
694	940	24	9496.0
299	697	24	11043.0
866	990	24	8847.0
494	895	24	4239.0
273	461	24	4770.0
108	574	24	2533.0
375	775	24	3621.0
376	981	24	5341.0
48	848	24	7151.0
475	952	24	12343.0
155	734	24	14263.0
1	376	24	1115.0
151	458	24	8551.0
153	308	24	5208.0
114	670	24	7087.0
113	581	24	8256.0
204	568	24	4032.0
261	690	24	2141.0
257	298	24	8354.0
265	405	24	10052.0
156	572	24	1511.0
440	579	24	9107.0
855	863	24	9953.0
71	854	24	8123.0
423	847	24	1502.0
97	663	24	11120.0
408	966	24	4929.0
586	746	24	8044.0
481	729	24	10468.0
99	349	24	8732.0
902	903	24	10969.0
129	564	24	1893.0
134	550	24	8881.0
503	787	24	10450.0
225	798	24	5864.0
609	965	24	2560.0
627	940	24	8732.0
891	893	24	14778.0
37	683	24	4795.0
607	934	24	11660.0
537	810	24	1755.0
62	429	24	7927.0
527	633	24	11566.0
567	785	24	5666.0
59	570	24	10253.0
196	780	24	8742.0
16	761	24	8442.0
182	945	24	8580.0
518	700	24	4155.0
374	481	24	11333.0
65	423	24	1410.0
818	829	24	9885.0
661	695	24	9175.0
153	798	24	8000.0
118	949	24	7052.0
229	646	24	6547.0
568	991	24	17291.0
945	968	24	9268.0
714	847	24	7517.0
440	556	24	9230.0
663	964	24	10405.0
143	684	24	2438.0
306	508	24	4147.0
408	654	24	13410.0
701	813	24	2866.0
394	772	24	2685.0
708	907	24	7186.0
400	455	24	11419.0
34	345	24	2865.0
12	488	24	7940.0
209	675	24	16956.0
502	903	24	10975.0
253	654	24	8027.0
253	708	24	8056.0
134	510	24	1521.0
44	597	24	5816.0
687	963	24	11388.0
301	992	24	11345.0
892	995	24	7732.0
120	369	24	3041.0
71	785	24	8265.0
67	762	24	2074.0
235	632	24	4425.0
341	953	24	11216.0
787	882	24	6936.0
214	466	24	11638.0
894	965	24	1381.0
496	676	24	10639.0
117	372	24	1917.0
586	597	24	5656.0
233	791	24	4369.0
328	343	24	4062.0
343	550	24	10075.0
2	295	24	3647.0
83	754	24	5186.0
642	862	24	13459.0
289	440	24	6577.0
148	150	24	1378.0
420	722	24	11661.0
286	436	24	7896.0
840	909	24	3913.0
68	272	24	8286.0
642	945	24	9055.0
663	733	24	6447.0
117	591	24	8464.0
30	692	24	4719.0
413	798	24	2994.0
414	798	24	2953.0
798	973	24	8564.0
742	897	24	1875.0
242	652	24	10124.0
498	698	24	4815.0
284	655	24	8439.0
184	830	24	10637.0
229	786	24	1887.0
229	840	24	1321.0
786	874	24	1716.0
840	874	24	1127.0
644	773	24	11508.0
153	710	24	2127.0
666	694	24	1817.0
395	713	24	4207.0
143	219	24	4076.0
617	701	24	6725.0
518	779	24	4326.0
413	879	24	7077.0
761	916	24	10499.0
550	574	24	6029.0
414	605	24	5063.0
200	213	24	4463.0
663	961	24	5491.0
167	302	24	2910.0
280	611	24	9802.0
611	688	24	13549.0
112	472	24	3840.0
264	482	24	6969.0
441	546	24	7371.0
399	952	24	14126.0
353	695	24	9707.0
221	323	24	10755.0
628	777	24	11308.0
281	732	24	7859.0
38	479	24	2482.0
794	861	24	8924.0
794	965	24	9737.0
93	852	23	6930.0
196	849	23	11667.0
37	786	23	4891.0
462	887	23	1064.0
644	806	23	11848.0
500	733	23	13880.0
500	886	23	10708.0
44	739	23	5780.0
65	186	23	7524.0
48	456	23	7239.0
651	863	23	12674.0
60	67	23	1337.0
67	823	23	2071.0
253	490	23	8052.0
465	742	23	3169.0
918	996	23	10106.0
307	388	23	2763.0
500	945	23	8506.0
303	890	23	9634.0
434	993	23	10762.0
862	886	23	7078.0
862	945	23	5601.0
97	642	23	11333.0
720	980	23	4169.0
28	873	23	12606.0
108	590	23	6052.0
519	574	23	12072.0
473	976	23	1155.0
227	656	23	3212.0
227	896	23	2661.0
35	635	23	6673.0
49	600	23	5350.0
252	414	23	9904.0
774	786	23	12851.0
173	523	23	5060.0
327	515	23	3053.0
674	938	23	11213.0
539	639	23	6729.0
252	973	23	11990.0
308	973	23	3181.0
35	868	23	6421.0
642	759	23	6482.0
456	558	23	1818.0
419	880	23	5842.0
16	65	23	2583.0
97	961	23	5956.0
69	194	23	11064.0
500	642	23	9029.0
225	589	23	5422.0
27	320	23	9718.0
188	805	23	1805.0
47	582	23	6163.0
455	803	23	11264.0
19	777	23	12412.0
279	645	23	8358.0
347	394	23	3687.0
530	733	23	3759.0
353	661	23	11220.0
265	518	23	7556.0
640	991	23	9318.0
339	992	23	11345.0
225	413	23	9355.0
277	431	23	10052.0
467	843	23	10328.0
466	667	23	11462.0
560	667	23	9076.0
205	350	23	9746.0
190	675	23	2017.0
58	996	23	1827.0
567	660	23	9250.0
494	735	23	4358.0
131	498	23	10555.0
302	861	23	2827.0
408	425	23	5082.0
141	681	23	3937.0
97	182	23	3023.0
270	750	23	9170.0
673	807	23	11875.0
742	841	23	1464.0
118	466	23	4661.0
66	185	23	1411.0
669	689	23	9234.0
357	1002	23	5738.0
493	755	23	4179.0
279	666	23	12656.0
75	527	23	4338.0
26	330	23	7205.0
78	172	23	6858.0
764	856	23	1078.0
164	866	23	5480.0
242	963	23	9928.0
375	586	23	2921.0
70	779	23	4024.0
337	779	23	3238.0
36	298	23	2013.0
329	636	23	11977.0
23	636	23	1366.0
752	999	23	1553.0
70	863	23	4962.0
655	809	23	8240.0
465	897	23	12166.0
221	296	23	9802.0
296	501	23	10805.0
285	794	23	3096.0
127	809	23	8144.0
646	675	23	12440.0
646	786	23	7624.0
191	286	23	10211.0
494	946	23	2070.0
297	919	23	4000.0
120	650	23	3708.0
576	875	23	4976.0
162	639	23	4722.0
162	954	23	2043.0
153	682	23	2517.0
122	747	23	6914.0
10	30	23	8713.0
81	974	23	2967.0
153	372	23	8018.0
69	88	23	9409.0
117	605	23	4264.0
117	754	23	4374.0
213	974	23	2724.0
216	974	23	3975.0
43	877	23	10357.0
268	562	23	8803.0
256	781	23	10467.0
17	617	23	9859.0
641	925	23	9796.0
110	240	23	8793.0
29	676	23	11089.0
841	889	23	8383.0
69	625	23	11165.0
598	646	23	6765.0
275	815	23	13879.0
370	515	23	7243.0
279	694	23	1716.0
110	390	23	6931.0
75	872	23	5688.0
97	523	23	12658.0
384	525	23	1475.0
525	726	23	1360.0
83	254	23	5517.0
216	548	23	6613.0
345	969	23	8947.0
640	701	23	3163.0
121	204	23	8686.0
623	763	23	3600.0
666	707	23	3928.0
18	227	23	2624.0
529	533	23	10357.0
164	571	23	5780.0
302	352	23	2267.0
457	567	23	7813.0
54	480	23	5007.0
764	838	23	2311.0
349	352	23	2337.0
349	965	23	1250.0
436	552	23	1254.0
77	292	23	12031.0
334	974	23	5314.0
65	525	23	1444.0
333	513	23	9543.0
277	871	23	7178.0
571	797	23	7687.0
800	961	23	2709.0
7	453	23	11040.0
294	553	23	1328.0
3	717	23	1664.0
3	861	23	2702.0
478	510	23	1032.0
108	751	23	6840.0
909	998	23	3306.0
12	134	23	1652.0
691	774	23	2006.0
597	668	23	9736.0
315	773	23	7047.0
123	229	23	2423.0
640	813	23	9119.0
231	900	23	10514.0
282	338	23	3335.0
282	576	23	4592.0
258	842	23	2370.0
235	265	23	13135.0
9	560	23	12516.0
381	619	23	12001.0
429	768	23	5557.0
351	962	23	8797.0
26	533	23	6982.0
660	1000	23	1389.0
70	917	23	8776.0
675	748	23	6754.0
609	923	23	3382.0
41	717	23	3520.0
18	656	23	9079.0
23	843	23	7162.0
83	117	23	7551.0
254	710	23	5666.0
215	348	23	8668.0
14	879	23	3098.0
675	774	23	7410.0
674	953	23	7692.0
286	541	23	3103.0
436	541	23	6801.0
22	360	23	6608.0
466	596	23	11689.0
117	364	23	9417.0
164	449	23	5817.0
214	1001	23	8761.0
83	225	23	8746.0
83	605	23	5063.0
402	767	23	9785.0
372	591	23	3969.0
662	834	23	16091.0
199	496	23	5952.0
214	578	23	9435.0
170	597	23	7867.0
413	473	23	2235.0
125	131	23	4973.0
10	459	23	9764.0
344	788	23	11688.0
436	510	23	1810.0
225	526	23	5543.0
197	340	23	1593.0
283	688	23	9692.0
150	644	23	1567.0
686	957	23	8388.0
938	953	23	6614.0
279	319	23	12203.0
393	792	23	11271.0
648	737	23	8613.0
648	858	23	6219.0
155	793	23	13006.0
4	348	23	9479.0
282	861	22	9376.0
162	539	22	3370.0
162	856	22	9849.0
83	589	22	5417.0
83	879	22	6891.0
526	710	22	5641.0
589	682	22	5584.0
3	234	22	2732.0
175	1002	22	9448.0
6	980	22	1597.0
708	966	22	2070.0
408	907	22	10162.0
215	695	22	9707.0
182	886	22	10749.0
96	595	22	1314.0
256	913	22	12405.0
257	315	22	9315.0
257	447	22	9115.0
125	233	22	8685.0
401	757	22	11222.0
445	466	22	9029.0
426	937	22	9680.0
523	800	22	9318.0
925	969	22	9064.0
653	852	22	10744.0
714	915	22	1088.0
367	631	22	5445.0
70	651	22	5131.0
758	867	22	11758.0
538	679	22	13468.0
107	197	22	1731.0
876	956	22	3484.0
655	702	22	7752.0
581	923	22	11937.0
467	899	22	6560.0
225	308	22	1150.0
225	973	22	11382.0
412	922	22	8712.0
40	578	22	2262.0
460	491	22	12912.0
215	902	22	13501.0
253	907	22	6767.0
127	284	22	7796.0
689	943	22	9301.0
418	554	22	7482.0
530	886	22	1977.0
196	390	22	7235.0
196	698	22	7692.0
117	682	22	9366.0
80	764	22	1247.0
379	472	22	9182.0
586	786	22	12407.0
500	759	22	7758.0
77	781	22	11055.0
146	657	22	6292.0
452	756	22	12156.0
305	648	22	7048.0
315	806	22	9556.0
289	539	22	3680.0
210	442	22	3008.0
525	1000	22	12480.0
480	546	22	7902.0
112	912	22	3755.0
16	726	22	2825.0
733	964	22	3229.0
168	189	22	1689.0
235	917	22	8446.0
71	981	22	5074.0
775	786	22	13034.0
384	423	22	1491.0
414	710	22	9614.0
414	879	22	7045.0
779	917	22	4682.0
52	702	22	1267.0
147	184	22	4574.0
147	720	22	2732.0
260	373	22	7946.0
197	934	22	8043.0
256	799	22	8550.0
146	776	22	6809.0
759	945	22	8058.0
153	563	22	5064.0
263	546	22	6851.0
213	388	22	3989.0
830	972	22	2660.0
652	963	22	11570.0
91	299	22	1298.0
6	421	22	1800.0
62	930	22	1220.0
27	731	22	8798.0
411	919	22	5129.0
523	886	22	6738.0
523	961	22	7608.0
846	992	22	10614.0
725	756	22	11741.0
165	326	22	5054.0
172	441	22	3335.0
186	441	22	5484.0
441	647	22	4893.0
616	755	22	1284.0
212	451	22	7698.0
279	575	22	1628.0
252	371	22	1555.0
371	473	22	7324.0
514	702	22	12752.0
349	581	22	8818.0
425	603	22	4326.0
116	608	22	6271.0
282	609	22	4400.0
695	902	22	10362.0
450	924	22	6892.0
626	936	22	7080.0
341	637	22	11499.0
88	749	22	12974.0
147	728	22	5958.0
844	859	22	2153.0
198	326	22	8709.0
524	816	22	4090.0
110	336	22	9078.0
4	8	22	7440.0
343	844	22	3207.0
712	786	22	9583.0
263	876	22	3842.0
931	959	22	8659.0
4	695	22	9707.0
204	701	22	2398.0
51	652	22	8107.0
181	704	22	9261.0
462	639	22	9811.0
768	996	22	8281.0
295	821	22	1824.0
522	685	22	8354.0
602	685	22	10042.0
129	603	22	971.0
583	691	22	3066.0
583	739	22	2007.0
739	786	22	4771.0
748	786	22	13027.0
814	929	22	4428.0
481	831	22	8396.0
420	629	22	10216.0
282	349	22	3176.0
131	196	22	10574.0
182	500	22	10172.0
574	939	22	11305.0
353	902	22	14209.0
65	981	22	1033.0
423	714	22	1343.0
423	981	22	1066.0
525	714	22	1348.0
525	981	22	1040.0
292	913	22	9998.0
432	762	22	3004.0
171	779	22	1035.0
114	672	22	6773.0
530	961	22	2698.0
50	129	22	1947.0
458	726	22	1356.0
462	726	22	1372.0
660	726	22	1358.0
714	726	22	1314.0
99	717	22	1663.0
99	861	22	1696.0
360	738	22	6069.0
492	652	22	10731.0
555	776	22	13419.0
186	713	22	8913.0
171	479	22	5052.0
297	529	22	3793.0
238	494	22	4107.0
527	931	22	6642.0
348	661	22	10922.0
148	999	22	3887.0
140	408	22	4281.0
649	978	22	2060.0
123	675	22	2308.0
151	567	22	5913.0
638	924	22	7519.0
423	954	22	4566.0
135	688	22	7945.0
191	962	22	6007.0
338	581	22	10043.0
423	458	22	1518.0
170	586	22	4716.0
14	117	22	4715.0
639	856	22	7582.0
72	279	22	9777.0
470	671	22	8784.0
372	563	22	7399.0
594	654	22	7012.0
407	899	22	8537.0
447	478	22	12909.0
229	748	22	1279.0
226	874	22	4887.0
37	44	22	4319.0
421	720	22	4298.0
37	712	22	5486.0
254	591	22	5555.0
254	879	22	3840.0
404	677	22	1441.0
646	746	22	3192.0
646	840	22	7181.0
298	742	22	2004.0
328	488	22	9236.0
321	406	22	5612.0
465	539	22	4347.0
39	779	22	11408.0
66	200	22	1246.0
360	634	22	3896.0
167	352	22	2278.0
427	969	22	3296.0
150	497	22	1676.0
497	644	22	1482.0
455	517	22	10846.0
485	985	22	3196.0
188	950	22	5758.0
234	717	22	1675.0
573	897	21	3635.0
127	702	21	8751.0
363	664	21	1670.0
484	867	21	1706.0
238	814	21	6138.0
149	211	21	6701.0
502	902	21	12161.0
115	821	21	1486.0
364	372	21	4640.0
934	974	21	6608.0
591	798	21	6568.0
8	695	21	7318.0
675	683	21	2663.0
466	949	21	6715.0
65	876	21	2938.0
175	863	21	9220.0
199	676	21	7143.0
508	515	21	4955.0
59	867	21	10300.0
37	840	21	5520.0
198	321	21	4404.0
885	975	21	11583.0
360	606	21	4134.0
428	482	21	9323.0
137	862	21	4535.0
141	936	21	4781.0
101	937	21	9154.0
581	609	21	9142.0
169	298	21	6844.0
378	529	21	8141.0
583	668	21	2650.0
164	452	21	5874.0
545	867	21	1795.0
225	590	21	3824.0
424	899	21	10340.0
441	713	21	3262.0
581	986	21	11101.0
325	335	21	7447.0
117	590	21	2031.0
590	710	21	2215.0
68	133	21	6610.0
133	300	21	7082.0
292	799	21	9689.0
71	726	21	1357.0
726	847	21	1408.0
264	967	21	1766.0
238	735	21	6396.0
605	973	21	5177.0
104	663	21	6274.0
65	462	21	1397.0
254	790	21	2433.0
391	934	21	2020.0
824	934	21	3618.0
96	722	21	3793.0
457	981	21	10055.0
669	878	21	13640.0
449	990	21	13566.0
118	667	21	5384.0
222	621	21	9809.0
285	576	21	1410.0
304	560	21	2975.0
32	419	21	4281.0
4	353	21	14495.0
601	759	21	2373.0
88	625	21	14679.0
298	478	21	8217.0
698	849	21	6752.0
886	964	21	1453.0
224	444	21	9584.0
284	809	21	10112.0
836	1001	21	2058.0
182	642	21	9300.0
311	681	21	4333.0
53	264	21	3600.0
371	563	21	7399.0
563	751	21	7328.0
173	948	21	2791.0
265	337	21	3381.0
377	977	21	10743.0
166	525	21	11742.0
178	681	21	7142.0
70	1002	21	5382.0
651	1002	21	11142.0
862	964	21	9061.0
85	885	21	10344.0
448	885	21	9822.0
661	902	21	10878.0
434	789	21	9033.0
589	591	21	5548.0
664	899	21	5760.0
17	204	21	6060.0
121	617	21	7906.0
27	190	21	8962.0
654	966	21	4256.0
337	405	21	3546.0
109	487	21	8364.0
460	893	21	13199.0
586	739	21	5482.0
258	448	21	5118.0
523	663	21	12096.0
151	384	21	8510.0
171	235	21	6414.0
559	699	21	11881.0
230	303	21	7862.0
695	903	21	7684.0
67	940	21	2134.0
202	461	21	2358.0
46	350	21	8123.0
209	583	21	4404.0
133	831	21	7307.0
683	786	21	11560.0
39	70	21	3618.0
129	984	21	1933.0
108	939	21	3654.0
399	764	21	3686.0
148	497	21	4333.0
166	1000	21	11077.0
107	607	21	8766.0
107	705	21	6372.0
81	107	21	1347.0
197	382	21	2210.0
395	812	21	5921.0
285	986	21	2931.0
574	581	21	5653.0
613	808	21	12769.0
808	931	21	5961.0
12	436	21	3240.0
405	618	21	5274.0
782	999	21	3302.0
136	350	21	8330.0
87	140	21	1198.0
660	764	21	1458.0
485	736	21	6087.0
53	428	21	3759.0
577	679	21	11893.0
169	644	21	7198.0
19	429	21	4080.0
684	768	21	6468.0
329	843	21	4603.0
139	207	21	8789.0
3	352	21	2337.0
113	550	21	5239.0
550	986	21	3266.0
684	777	21	5796.0
121	568	21	3832.0
568	813	21	4455.0
568	857	21	3984.0
599	738	21	11076.0
117	252	21	9336.0
462	847	21	1475.0
777	996	21	7409.0
647	654	21	2359.0
104	800	21	6186.0
526	973	21	5533.0
478	806	21	9223.0
65	384	21	1413.0
682	798	21	5053.0
421	728	21	8301.0
12	343	21	2778.0
550	962	21	10079.0
583	646	21	3244.0
39	405	21	10567.0
742	952	21	1006.0
116	674	21	6357.0
865	975	21	4903.0
745	847	21	10063.0
18	896	21	10032.0
286	962	21	7338.0
213	705	21	4988.0
156	954	21	4887.0
387	716	21	11604.0
200	685	21	8120.0
435	958	21	10606.0
125	791	21	3510.0
407	865	21	10747.0
582	790	21	7848.0
24	317	21	7674.0
434	610	21	2382.0
477	633	21	3635.0
493	633	21	4846.0
646	998	21	3335.0
856	1000	21	3387.0
227	851	21	1586.0
72	707	21	2420.0
77	799	21	10821.0
393	941	21	15950.0
705	934	21	11653.0
89	169	21	4908.0
150	773	21	1619.0
85	843	21	4981.0
84	431	21	8477.0
186	726	21	8148.0
186	956	21	9573.0
597	786	21	4921.0
41	352	20	3588.0
302	581	20	7768.0
303	867	20	8029.0
792	920	20	9226.0
426	679	20	12252.0
186	915	20	11716.0
131	849	20	11507.0
156	1000	20	3231.0
843	975	20	8073.0
57	796	20	7110.0
525	785	20	1455.0
95	366	20	1987.0
209	775	20	5273.0
663	800	20	11836.0
708	994	20	4950.0
258	826	20	10727.0
269	546	20	7610.0
103	543	20	7090.0
57	686	20	7178.0
352	609	20	2181.0
107	216	20	2373.0
26	411	20	6835.0
152	921	20	10212.0
129	239	20	1909.0
281	554	20	7136.0
22	327	20	2011.0
22	495	20	5565.0
22	631	20	4805.0
108	798	20	5512.0
467	885	20	9401.0
418	732	20	7547.0
310	919	20	3241.0
188	778	20	2134.0
466	837	20	5175.0
123	874	20	2358.0
90	363	20	2575.0
159	654	20	1044.0
330	411	20	9846.0
169	825	20	8199.0
733	943	20	1506.0
805	873	20	13696.0
147	972	20	5992.0
918	930	20	1710.0
71	457	20	7620.0
592	794	20	3642.0
230	867	20	12633.0
325	585	20	9234.0
238	299	20	2918.0
362	802	20	3264.0
457	660	20	12860.0
108	153	20	4393.0
360	471	20	2183.0
234	302	20	2910.0
302	965	20	1044.0
87	994	20	4709.0
251	585	20	8942.0
102	630	20	10349.0
97	104	20	4364.0
217	977	20	1163.0
509	641	20	10697.0
199	435	20	8776.0
364	751	20	2363.0
335	585	20	9149.0
476	614	20	10317.0
284	417	20	1535.0
284	610	20	9011.0
417	809	20	1646.0
610	809	20	9863.0
19	768	20	11938.0
110	430	20	6241.0
209	586	20	4479.0
110	233	20	7323.0
180	678	20	3082.0
760	900	20	3063.0
377	410	20	9658.0
62	777	20	2734.0
157	904	20	6635.0
182	733	20	10817.0
613	630	20	1283.0
448	843	20	5948.0
321	765	20	5612.0
44	712	20	9526.0
364	526	20	5543.0
102	527	20	1379.0
346	918	20	9651.0
107	824	20	8043.0
203	572	20	2007.0
812	915	20	3537.0
646	926	20	3462.0
123	375	20	2302.0
456	760	20	5443.0
299	929	20	3925.0
156	442	20	1598.0
136	444	20	7376.0
258	975	20	7120.0
611	736	20	5967.0
502	695	20	9293.0
683	691	20	9075.0
691	746	20	1645.0
457	847	20	7398.0
92	815	20	7860.0
754	973	20	5288.0
414	473	20	2211.0
473	591	20	5357.0
22	367	20	6907.0
22	370	20	6127.0
22	515	20	6638.0
39	410	20	3420.0
525	854	20	1463.0
726	854	20	1414.0
576	861	20	2416.0
444	983	20	9560.0
168	326	20	5818.0
99	592	20	8976.0
312	327	20	5252.0
642	948	20	11818.0
448	865	20	3546.0
683	739	20	9805.0
405	779	20	11264.0
19	511	20	11649.0
288	676	20	11467.0
65	458	20	1424.0
395	423	20	1407.0
395	525	20	1435.0
395	981	20	1036.0
458	525	20	1541.0
458	956	20	1362.0
462	956	20	1383.0
525	956	20	1366.0
956	981	20	1034.0
297	411	20	3620.0
99	167	20	1761.0
167	717	20	1675.0
342	482	20	7432.0
5	437	20	11766.0
683	712	20	5761.0
628	918	20	1650.0
777	918	20	3059.0
250	306	20	12513.0
241	728	20	2760.0
459	584	20	10548.0
480	876	20	1569.0
469	688	20	9436.0
633	755	20	9665.0
204	617	20	9528.0
4	502	20	14923.0
116	531	20	3144.0
212	219	20	3489.0
426	538	20	11351.0
457	726	20	1359.0
429	684	20	10655.0
720	728	20	3334.0
543	638	20	8419.0
494	697	20	3777.0
284	702	20	7879.0
150	364	20	1530.0
526	591	20	5543.0
23	899	20	1931.0
258	899	20	3152.0
384	462	20	1445.0
35	379	20	6612.0
35	922	20	4621.0
63	943	20	8049.0
571	990	20	8811.0
911	915	20	10694.0
405	917	20	5287.0
326	776	20	8108.0
94	418	20	6425.0
352	478	20	1298.0
316	975	20	4382.0
106	461	20	1517.0
177	829	20	10883.0
404	889	20	1381.0
86	829	20	6884.0
767	818	20	13716.0
767	829	20	9984.0
751	973	20	4340.0
466	1001	20	6575.0
53	342	20	3803.0
668	748	20	3063.0
294	896	20	1538.0
394	896	20	2347.0
2	504	20	2593.0
404	841	20	1421.0
71	395	20	1368.0
384	395	20	1395.0
481	587	20	10355.0
419	947	20	6642.0
167	576	20	3792.0
742	889	20	1401.0
785	956	20	1379.0
847	956	20	1350.0
510	859	20	4862.0
143	511	20	2420.0
143	996	20	2492.0
329	885	20	11222.0
115	904	20	1507.0
592	609	20	10564.0
44	675	20	7903.0
808	872	20	6560.0
25	334	20	4240.0
75	755	20	6480.0
75	931	20	6077.0
405	850	20	6135.0
143	228	20	3834.0
384	1000	19	1389.0
89	825	19	9918.0
70	357	19	3204.0
213	307	19	2805.0
159	573	19	1097.0
35	112	19	2758.0
25	770	19	6208.0
407	826	19	8044.0
234	894	19	1389.0
313	849	19	6129.0
334	705	19	2088.0
44	909	19	4602.0
525	639	19	7943.0
216	934	19	8868.0
539	838	19	6601.0
396	629	19	13099.0
102	808	19	1907.0
173	663	19	2569.0
558	734	19	13239.0
458	567	19	7048.0
116	637	19	1569.0
768	918	19	3947.0
847	981	19	5403.0
873	950	19	13136.0
308	563	19	7399.0
563	879	19	6462.0
71	956	19	1379.0
380	681	19	7070.0
376	726	19	984.0
96	899	19	4475.0
147	241	19	2186.0
329	467	19	9246.0
467	826	19	13688.0
377	632	19	10789.0
349	478	19	1320.0
146	422	19	6281.0
258	885	19	3920.0
724	934	19	2825.0
210	742	19	10879.0
234	576	19	3850.0
146	387	19	6178.0
117	414	19	7953.0
265	632	19	2282.0
140	654	19	3520.0
295	443	19	4728.0
110	498	19	1282.0
148	773	19	1158.0
317	340	19	9334.0
123	158	19	1314.0
395	911	19	12320.0
774	874	19	1718.0
314	617	19	10871.0
19	996	19	6886.0
422	716	19	11269.0
110	196	19	4137.0
196	233	19	12467.0
143	628	19	2462.0
643	676	19	10727.0
622	999	19	1566.0
108	473	19	6309.0
39	632	19	1621.0
97	500	19	2471.0
500	523	19	4522.0
523	862	19	13992.0
546	812	19	4332.0
54	441	19	4966.0
573	811	19	2852.0
107	548	19	8856.0
73	273	19	3668.0
73	895	19	1295.0
702	809	19	11934.0
653	697	19	2733.0
726	764	19	1378.0
764	847	19	1474.0
346	768	19	8639.0
85	316	19	1219.0
432	940	19	3095.0
719	982	19	15040.0
75	100	19	5748.0
843	865	19	8209.0
561	802	19	8015.0
593	940	19	7774.0
117	526	19	4706.0
90	424	19	2490.0
25	724	19	6075.0
101	577	19	8541.0
125	498	19	4302.0
233	698	19	11783.0
430	498	19	8361.0
425	490	19	2007.0
302	609	19	8521.0
152	392	19	12625.0
491	893	19	12078.0
18	347	19	10255.0
780	791	19	4544.0
294	772	19	1984.0
3	923	19	1060.0
710	798	19	4255.0
128	941	19	8047.0
173	601	19	2650.0
457	525	19	1498.0
457	854	19	10345.0
156	639	19	5012.0
551	669	19	9666.0
138	752	19	3573.0
3	965	19	1078.0
168	555	19	8853.0
633	931	19	6038.0
146	716	19	6445.0
538	937	19	9603.0
88	933	19	3121.0
376	567	19	1178.0
207	435	19	10436.0
377	405	19	962.0
373	487	19	10488.0
348	902	19	10609.0
225	473	19	5863.0
308	591	19	1497.0
284	434	19	2214.0
53	482	19	3777.0
39	337	19	3882.0
254	364	19	5555.0
361	382	19	1277.0
235	779	19	11215.0
779	850	19	5541.0
717	965	19	1046.0
544	944	19	2467.0
269	647	19	1396.0
69	178	19	1724.0
148	536	19	3161.0
196	905	19	12343.0
195	529	19	3764.0
123	226	19	2331.0
257	416	19	6493.0
285	609	19	10034.0
566	593	19	8319.0
52	585	19	5197.0
101	538	19	8497.0
213	548	19	4852.0
148	603	19	2829.0
278	603	19	3189.0
728	830	19	1423.0
276	688	19	10162.0
608	637	19	4021.0
463	543	19	8294.0
169	773	19	5315.0
364	473	19	6732.0
282	894	19	1362.0
9	949	19	9276.0
523	948	19	12277.0
735	946	19	7703.0
755	808	19	9846.0
547	747	19	10624.0
505	649	19	1156.0
543	544	19	9773.0
660	956	19	1365.0
9	118	19	6555.0
167	478	19	1298.0
790	978	19	9643.0
307	685	19	4744.0
383	517	19	1965.0
589	790	19	4973.0
704	718	19	12311.0
348	502	19	8826.0
316	448	19	2307.0
298	569	19	2055.0
146	326	19	2300.0
279	804	19	3973.0
254	682	19	5587.0
107	361	19	1690.0
920	941	19	17237.0
358	887	19	1092.0
99	923	19	3360.0
167	581	19	2125.0
282	581	19	2125.0
201	747	19	10314.0
129	763	19	1914.0
139	435	19	8059.0
108	563	19	6831.0
51	963	19	7974.0
569	889	19	1479.0
497	825	19	2439.0
196	313	19	6887.0
110	313	19	6244.0
387	473	19	1066.0
422	473	19	1066.0
151	660	19	8436.0
279	795	19	5595.0
42	470	19	11038.0
94	281	18	6702.0
40	118	18	1952.0
459	727	18	10417.0
595	842	18	1500.0
594	647	18	3300.0
241	980	18	3607.0
168	198	18	8769.0
107	334	18	11190.0
349	861	18	3212.0
500	601	18	2289.0
253	994	18	4540.0
812	956	18	1150.0
235	410	18	6135.0
242	492	18	8745.0
44	840	18	10718.0
573	841	18	1265.0
692	796	18	10774.0
62	768	18	3468.0
682	973	18	10723.0
196	498	18	10140.0
258	636	18	4083.0
22	333	18	6969.0
65	911	18	9731.0
88	194	18	14557.0
404	827	18	1530.0
96	258	18	1736.0
191	436	18	5427.0
168	354	18	8955.0
135	736	18	1390.0
169	257	18	7481.0
705	974	18	8294.0
395	1000	18	1270.0
210	569	18	9640.0
429	628	18	3208.0
239	514	18	2377.0
190	874	18	3809.0
779	977	18	1540.0
128	792	18	7812.0
151	457	18	8048.0
512	544	18	1019.0
450	543	18	7776.0
192	664	18	1132.0
816	947	18	4583.0
535	715	18	11150.0
96	865	18	4245.0
143	429	18	1692.0
3	609	18	7372.0
646	775	18	4200.0
110	849	18	3138.0
300	934	18	1145.0
170	683	18	7695.0
803	913	18	2631.0
89	257	18	6884.0
95	296	18	7817.0
296	323	18	9578.0
636	885	18	12041.0
786	909	18	4456.0
221	248	18	1852.0
778	873	18	13677.0
18	772	18	10172.0
117	413	18	7824.0
375	683	18	2153.0
573	677	18	1274.0
573	827	18	1324.0
593	694	18	6314.0
182	961	18	10426.0
234	478	18	1298.0
393	920	18	14616.0
842	899	18	5200.0
133	729	18	7178.0
771	974	18	11130.0
453	893	18	12684.0
633	872	18	5491.0
205	444	18	8516.0
444	845	18	10008.0
271	704	18	9157.0
187	235	18	2587.0
253	425	18	1804.0
169	315	18	7029.0
85	407	18	1406.0
97	137	18	2591.0
523	642	18	11439.0
71	151	18	3382.0
257	478	18	9470.0
192	899	18	5371.0
363	899	18	6446.0
595	899	18	6459.0
492	963	18	10829.0
168	706	18	8725.0
162	579	18	989.0
16	915	18	3277.0
376	462	18	1015.0
187	377	18	10775.0
379	665	18	4396.0
182	968	18	10593.0
18	294	18	1658.0
321	776	18	3314.0
316	885	18	1170.0
407	885	18	1318.0
93	942	18	6987.0
338	478	18	1320.0
133	481	18	7367.0
21	34	18	1295.0
572	1000	18	1322.0
238	620	18	6118.0
125	313	18	8948.0
423	785	18	1448.0
473	973	18	7123.0
367	508	18	4302.0
521	593	18	6796.0
19	684	18	4968.0
65	764	18	1383.0
384	764	18	1458.0
764	981	18	1040.0
348	695	18	8937.0
151	847	18	3931.0
102	633	18	4899.0
253	966	18	1658.0
210	573	18	11286.0
8	353	18	7722.0
115	506	18	13193.0
920	971	18	3023.0
800	886	18	1986.0
590	973	18	7827.0
23	975	18	4689.0
404	573	18	11398.0
611	985	18	3038.0
158	786	18	5035.0
112	412	18	3529.0
226	909	18	2308.0
654	742	18	1388.0
63	669	18	8580.0
123	926	18	2355.0
110	125	18	6050.0
525	954	18	1626.0
603	994	18	7115.0
25	824	18	6496.0
209	840	18	8236.0
519	550	18	5979.0
666	804	18	2880.0
436	488	18	7977.0
279	707	17	4943.0
279	883	17	11908.0
9	304	17	4097.0
281	565	17	7967.0
30	459	17	7938.0
57	459	17	5832.0
209	926	17	7936.0
302	923	17	2139.0
88	516	17	3033.0
523	759	17	4366.0
567	847	17	1190.0
274	890	17	1104.0
46	444	17	6303.0
377	479	17	4791.0
120	681	17	3693.0
663	968	17	3923.0
306	370	17	7294.0
459	686	17	11365.0
596	837	17	5079.0
521	575	17	7209.0
9	466	17	10043.0
664	843	17	1166.0
715	974	17	3279.0
686	692	17	10065.0
3	794	17	2554.0
202	287	17	2923.0
809	993	17	1589.0
7	893	17	12365.0
532	685	17	15908.0
843	899	17	1257.0
209	874	17	10795.0
589	973	17	5554.0
83	798	17	2800.0
85	329	17	9833.0
41	356	17	3295.0
527	959	17	10749.0
44	209	17	8229.0
377	700	17	2041.0
847	911	17	1267.0
110	131	17	2324.0
852	942	17	9723.0
726	981	17	1033.0
36	210	17	7307.0
310	529	17	3852.0
182	601	17	2333.0
182	663	17	2245.0
156	764	17	1748.0
539	764	17	1453.0
478	825	17	12377.0
641	969	17	8204.0
816	880	17	4584.0
517	803	17	13199.0
257	644	17	8339.0
202	557	17	5005.0
202	991	17	7906.0
302	478	17	1320.0
302	794	17	2527.0
338	794	17	3146.0
478	794	17	1305.0
717	794	17	1397.0
148	644	17	1291.0
104	523	17	5792.0
167	349	17	3178.0
138	769	17	3998.0
473	798	17	10442.0
869	934	17	2021.0
843	885	17	4832.0
169	510	17	1028.0
447	510	17	1028.0
350	845	17	9243.0
140	647	17	3307.0
603	647	17	2544.0
694	721	17	1011.0
94	732	17	6717.0
206	1000	17	1464.0
167	609	17	4409.0
442	573	17	2146.0
583	597	17	2056.0
166	639	17	7741.0
349	986	17	1931.0
669	733	17	1493.0
565	771	17	3115.0
221	366	17	3858.0
65	457	17	1455.0
395	457	17	1452.0
423	457	17	1552.0
457	462	17	1446.0
457	956	17	1366.0
572	579	17	1132.0
134	328	17	3000.0
59	303	17	6655.0
580	873	17	10386.0
71	462	17	1443.0
44	874	17	1862.0
171	377	17	13436.0
117	973	17	8672.0
316	826	17	6463.0
473	657	17	1107.0
9	667	17	9588.0
219	451	17	4462.0
25	107	17	3825.0
180	817	17	2770.0
317	446	17	10014.0
133	587	17	6259.0
418	565	17	7563.0
473	710	17	3192.0
385	459	17	10811.0
76	210	17	1691.0
210	465	17	6072.0
140	708	17	1409.0
375	786	17	6474.0
406	776	17	1262.0
79	666	17	3602.0
525	745	17	1481.0
134	191	17	5851.0
76	539	17	2666.0
529	919	17	5139.0
765	776	17	1368.0
794	894	17	1362.0
124	343	17	3319.0
448	826	17	8270.0
67	521	17	2222.0
237	611	17	3570.0
153	973	17	6442.0
563	590	17	6566.0
138	603	17	3604.0
648	987	17	7785.0
191	488	17	10119.0
138	898	17	3278.0
800	968	17	1249.0
156	206	17	1515.0
887	1000	17	5066.0
792	997	17	8963.0
10	692	17	10273.0
156	811	17	1954.0
329	826	16	3720.0
826	843	16	9514.0
216	340	16	1093.0
182	948	16	2460.0
9	836	16	5523.0
284	514	16	9216.0
457	1000	16	1400.0
523	964	16	8798.0
321	706	16	1231.0
257	773	16	6841.0
395	785	16	1431.0
667	837	16	5691.0
667	949	16	7237.0
77	256	16	11024.0
735	818	16	2333.0
156	573	16	1942.0
523	601	16	12220.0
826	842	16	1148.0
0	22	16	4023.0
182	523	16	4595.0
18	553	16	9888.0
231	734	16	1962.0
898	999	16	2887.0
404	897	16	1869.0
161	570	16	2753.0
23	842	16	1143.0
334	934	16	3252.0
88	178	16	1747.0
210	404	16	9626.0
62	628	16	1165.0
459	796	16	9879.0
37	209	16	3793.0
16	956	16	3310.0
209	774	16	8468.0
306	515	16	2484.0
306	327	16	3797.0
66	213	16	1380.0
362	852	16	1342.0
258	329	16	3460.0
289	639	16	5047.0
563	798	16	6012.0
377	881	16	6699.0
586	646	16	3491.0
22	508	16	3576.0
129	979	16	1701.0
75	808	16	2660.0
117	879	16	8526.0
764	887	16	2765.0
668	774	16	1538.0
115	246	16	1323.0
115	743	16	1502.0
143	451	16	3940.0
675	775	16	4173.0
235	377	16	6260.0
150	563	16	7278.0
233	313	16	10075.0
186	911	16	8145.0
317	382	16	9059.0
755	959	16	8453.0
384	956	16	1383.0
145	381	16	8744.0
23	424	16	1177.0
37	675	16	2999.0
117	254	16	4731.0
209	909	16	8653.0
156	887	16	4904.0
404	649	16	1428.0
836	949	16	2285.0
573	952	16	1020.0
573	654	16	1189.0
633	959	16	1786.0
465	569	16	2163.0
106	895	16	1621.0
99	609	16	8554.0
523	733	16	8502.0
257	825	16	10917.0
685	884	16	10172.0
899	970	16	1459.0
146	473	16	983.0
180	341	16	2727.0
639	784	16	1823.0
130	294	16	952.0
792	971	16	2334.0
425	647	16	3300.0
405	977	16	1239.0
83	473	16	2023.0
376	423	16	995.0
191	541	16	1573.0
543	944	16	2645.0
459	957	16	8834.0
424	843	16	1151.0
140	253	16	1020.0
791	849	16	1497.0
96	363	16	1155.0
609	794	16	4285.0
376	956	16	1000.0
494	991	16	1387.0
226	646	16	2332.0
493	527	16	2008.0
255	361	16	1143.0
108	364	16	1145.0
108	973	16	3742.0
262	808	16	1582.0
321	354	16	1349.0
456	734	16	3577.0
282	717	16	1675.0
196	791	16	2685.0
170	786	16	3188.0
535	747	16	9165.0
872	959	16	8772.0
130	227	16	993.0
493	808	16	2022.0
634	738	16	10202.0
142	529	16	1051.0
649	654	16	1376.0
523	968	16	5523.0
117	589	16	4644.0
140	490	16	1249.0
195	411	16	3394.0
523	530	16	9121.0
381	982	16	10436.0
14	252	16	5556.0
107	974	15	9065.0
826	865	15	7120.0
152	486	15	10101.0
791	905	15	4129.0
159	569	15	1118.0
321	555	15	1295.0
734	848	15	1723.0
473	563	15	5876.0
9	40	15	7139.0
442	539	15	3057.0
99	986	15	2109.0
368	611	15	1367.0
73	735	15	9622.0
285	478	15	1320.0
227	772	15	2684.0
202	701	15	4860.0
207	288	15	2082.0
38	171	15	2409.0
637	674	15	2528.0
759	862	15	3811.0
23	329	15	1175.0
52	434	15	1154.0
434	702	15	1855.0
143	768	15	2496.0
576	794	15	3614.0
115	327	15	6835.0
99	581	15	8429.0
350	444	15	8846.0
316	970	15	1205.0
609	717	15	1665.0
593	762	15	4263.0
306	631	15	7848.0
404	654	15	1346.0
772	851	15	1223.0
117	153	15	1910.0
282	478	15	1298.0
266	764	15	996.0
434	514	15	1911.0
178	749	15	1713.0
808	959	15	2329.0
230	545	15	1414.0
647	915	15	2794.0
108	113	15	3416.0
18	394	15	2409.0
654	677	15	1394.0
262	633	15	3568.0
363	467	15	1792.0
202	568	15	7942.0
234	790	15	1976.0
99	282	15	1751.0
100	959	15	9686.0
186	269	15	1551.0
65	812	15	2066.0
32	816	15	3940.0
19	62	15	2019.0
19	918	15	2553.0
250	513	15	1442.0
306	513	15	4369.0
663	759	15	2269.0
842	843	15	1083.0
348	903	15	7036.0
115	738	15	1329.0
583	675	15	3456.0
209	683	15	3664.0
538	577	15	11566.0
117	473	15	3745.0
200	403	15	1243.0
123	909	15	1281.0
692	727	15	3999.0
263	713	15	3050.0
142	195	15	1048.0
142	310	15	1129.0
654	841	15	1383.0
47	234	15	1221.0
28	188	15	1478.0
91	946	15	1351.0
22	513	15	5675.0
668	786	15	5242.0
88	820	15	3089.0
467	595	15	2058.0
115	250	15	7998.0
488	574	15	1329.0
646	683	15	2691.0
363	842	15	1273.0
539	897	15	3139.0
647	966	15	3061.0
60	593	15	5963.0
593	627	15	6283.0
569	649	15	1446.0
569	654	15	1363.0
649	742	15	1457.0
654	889	15	1333.0
75	633	15	2119.0
536	898	15	1268.0
99	234	15	1719.0
310	411	14	3447.0
115	631	14	7554.0
500	948	14	2414.0
39	377	14	3950.0
714	764	14	1429.0
500	663	14	2200.0
454	539	14	2497.0
726	1000	14	1323.0
52	610	14	1090.0
826	885	14	3187.0
234	581	14	2125.0
457	915	14	1089.0
115	504	14	1417.0
90	899	14	2781.0
159	742	14	1136.0
65	376	14	1022.0
142	291	14	1093.0
142	297	14	1045.0
52	809	14	1042.0
17	202	14	3247.0
395	745	14	1433.0
745	1000	14	1400.0
71	1000	14	1399.0
395	847	14	1393.0
847	1000	14	1394.0
956	1000	14	1322.0
91	245	14	1309.0
143	346	14	2557.0
802	942	14	9776.0
576	609	14	1668.0
660	911	14	1280.0
726	745	14	1413.0
107	934	14	10277.0
745	764	14	1479.0
108	581	14	3182.0
376	764	14	1020.0
130	394	14	910.0
252	563	14	1365.0
66	307	14	1312.0
715	934	14	3666.0
329	865	14	2135.0
123	646	14	1266.0
459	692	14	5379.0
3	478	14	1320.0
514	984	14	1234.0
847	915	14	1085.0
94	565	14	6729.0
565	732	14	10149.0
156	897	14	1922.0
90	316	14	2698.0
525	660	14	1412.0
166	954	14	1290.0
633	808	14	8874.0
349	923	14	3193.0
739	774	14	1024.0
65	660	14	1344.0
395	764	14	1383.0
423	660	14	1411.0
457	764	14	1460.0
458	764	14	1468.0
764	956	14	1357.0
65	785	14	1419.0
812	911	14	1140.0
274	484	14	1451.0
143	777	14	2536.0
473	716	14	1074.0
826	975	14	5791.0
73	287	14	3190.0
792	941	14	11507.0
865	885	14	1505.0
210	298	14	2013.0
216	382	14	1733.0
618	779	14	4957.0
254	973	14	5609.0
407	448	14	2456.0
65	854	14	1419.0
99	352	14	1733.0
166	660	14	1406.0
157	295	14	1356.0
250	360	14	2614.0
250	471	14	2177.0
854	956	14	1385.0
349	794	14	2939.0
364	563	14	1724.0
191	343	14	6452.0
