140	594	32	13840.0
564	979	32	9938.0
248	261	32	13178.0
248	415	32	3322.0
261	415	32	4858.0
97	601	32	11242.0
72	176	32	3145.0
72	319	32	9332.0
176	319	32	5145.0
56	562	32	8236.0
505	659	32	9085.0
748	775	32	10934.0
176	795	32	11258.0
232	373	32	10260.0
824	869	32	10798.0
675	998	32	8828.0
368	470	32	8646.0
407	843	32	6971.0
670	892	32	7443.0
399	475	32	11041.0
737	858	32	10332.0
737	906	32	9674.0
858	906	32	9672.0
45	532	32	7850.0
124	552	32	7315.0
344	924	32	11374.0
344	944	32	11524.0
924	944	32	11770.0
50	835	32	9472.0
233	390	32	11221.0
414	591	32	13272.0
376	458	32	5349.0
607	771	32	15217.0
425	654	32	4302.0
570	890	32	2988.0
399	730	32	11907.0
82	753	32	9106.0
892	995	32	7732.0
253	408	32	8008.0
228	365	32	5092.0
598	840	32	9221.0
312	367	32	8479.0
33	858	32	7977.0
149	766	32	6757.0
541	962	32	9135.0
300	374	32	12657.0
289	572	32	9736.0
534	877	32	10561.0
458	785	32	10876.0
167	861	32	10130.0
414	682	32	8808.0
358	556	32	9397.0
141	650	32	7609.0
102	613	32	4525.0
179	731	32	9514.0
615	860	32	19128.0
874	998	32	9817.0
201	547	32	11277.0
208	604	32	7331.0
314	857	32	6446.0
575	823	32	8572.0
653	852	32	10744.0
564	763	32	4281.0
324	906	32	8786.0
347	772	32	12573.0
153	372	32	8018.0
123	226	32	2331.0
231	848	32	10571.0
425	594	32	16358.0
817	953	32	11265.0
20	750	32	7502.0
417	655	32	10510.0
31	449	32	8742.0
110	905	32	6793.0
391	770	32	8448.0
503	882	32	7417.0
591	879	32	8862.0
838	856	32	11094.0
598	774	32	9210.0
36	742	32	7776.0
21	509	32	8905.0
433	650	32	8835.0
360	513	32	8498.0
392	549	32	10940.0
649	978	32	2060.0
145	989	32	8980.0
31	723	32	7028.0
178	433	32	11259.0
591	710	32	11241.0
628	930	32	10919.0
176	721	32	8812.0
174	621	32	7951.0
582	659	32	9129.0
280	485	32	9295.0
551	943	32	8962.0
437	699	32	11009.0
156	856	32	4359.0
83	526	32	5543.0
723	725	32	8085.0
414	754	32	4628.0
406	765	32	5775.0
584	796	32	9071.0
326	555	32	6867.0
17	557	32	14045.0
239	935	32	11125.0
445	837	32	6701.0
294	851	32	2789.0
458	660	32	11758.0
156	954	32	4887.0
583	774	32	8585.0
134	744	32	9661.0
135	280	32	7964.0
665	922	32	8107.0
137	961	32	7618.0
723	756	32	7944.0
2	504	32	2593.0
520	908	32	11247.0
600	875	32	10258.0
505	582	32	10896.0
495	508	32	8778.0
120	650	32	3708.0
92	507	32	7782.0
329	975	32	11177.0
714	785	32	12183.0
121	314	32	6302.0
385	584	32	12123.0
282	302	32	2910.0
907	994	32	16937.0
157	246	32	7571.0
705	771	32	12970.0
532	602	32	9534.0
44	598	32	9163.0
267	369	32	6846.0
272	300	32	17348.0
97	759	32	2733.0
270	386	32	11067.0
516	933	32	15013.0
327	495	32	6715.0
0	327	32	6692.0
835	979	32	10303.0
206	572	32	10132.0
252	682	32	10872.0
109	373	32	7861.0
740	962	32	6186.0
717	832	32	6934.0
566	627	32	8425.0
103	924	32	6460.0
226	229	32	5029.0
226	909	32	2308.0
229	909	32	6791.0
477	808	32	1194.0
173	968	32	10906.0
598	775	32	6425.0
838	954	32	6012.0
740	844	32	7746.0
759	886	32	7901.0
85	975	32	10448.0
111	678	32	8617.0
140	603	32	3555.0
649	677	32	10364.0
83	413	32	12643.0
15	606	32	8655.0
390	780	32	10383.0
10	385	32	13014.0
12	351	32	8427.0
234	965	32	13092.0
196	905	32	12343.0
162	289	32	9511.0
308	590	32	6956.0
203	1000	32	5920.0
108	574	32	2533.0
315	806	32	9556.0
370	508	32	9832.0
458	714	32	11901.0
183	368	32	8476.0
84	658	32	8528.0
174	222	32	8290.0
267	380	32	7348.0
423	462	32	13957.0
105	259	32	8176.0
783	854	32	6126.0
351	962	32	8797.0
772	896	32	10744.0
318	335	32	8463.0
770	869	32	8373.0
371	372	32	8302.0
371	879	32	8879.0
372	879	32	10677.0
835	935	32	11449.0
308	879	32	8451.0
537	972	32	8899.0
33	709	32	7732.0
70	618	32	9009.0
39	405	32	10567.0
456	802	32	8714.0
456	852	32	11026.0
802	852	32	14106.0
442	454	32	10086.0
423	764	32	15447.0
423	1000	32	14788.0
764	1000	32	15810.0
305	709	32	8343.0
850	917	32	11467.0
358	440	32	9003.0
20	386	32	8174.0
300	729	32	13785.0
84	882	32	8443.0
150	590	32	6463.0
479	518	32	3954.0
235	624	32	10450.0
468	760	32	12193.0
293	322	32	9594.0
291	297	32	3551.0
314	557	32	12361.0
733	964	32	3229.0
389	507	32	10893.0
550	740	32	2927.0
354	555	32	11706.0
205	983	32	13132.0
146	198	32	6248.0
97	800	32	8377.0
512	924	32	10795.0
221	415	32	10681.0
72	666	32	9436.0
136	983	32	8029.0
263	647	32	4930.0
229	926	32	5906.0
479	632	32	4990.0
571	866	32	8315.0
571	990	32	8811.0
866	990	32	8847.0
145	619	32	9670.0
141	369	32	7420.0
432	566	32	2855.0
0	495	32	8006.0
399	952	32	14126.0
316	407	32	13175.0
316	467	32	11225.0
316	664	32	5597.0
407	467	32	11376.0
407	664	32	5597.0
467	664	32	5597.0
680	757	32	11255.0
285	352	32	2337.0
155	734	32	14263.0
591	682	32	10847.0
150	879	32	6771.0
553	656	32	8781.0
571	723	32	7168.0
246	504	32	8581.0
460	891	32	11171.0
608	953	32	9469.0
548	771	32	14026.0
907	966	32	14089.0
39	235	32	13360.0
499	741	32	8561.0
141	380	32	7310.0
114	892	32	6844.0
267	650	32	7677.0
427	925	32	4710.0
530	663	32	11938.0
647	713	32	8913.0
401	757	32	11222.0
64	283	32	11428.0
3	581	32	6752.0
477	493	32	11809.0
413	591	32	13293.0
12	550	32	8205.0
385	796	32	12092.0
385	957	32	11035.0
796	957	32	6682.0
886	968	32	12283.0
126	409	32	10087.0
768	930	32	11236.0
194	355	32	16536.0
380	433	32	10861.0
224	983	32	9431.0
408	708	32	8843.0
0	370	32	7912.0
83	364	32	12560.0
282	352	32	2278.0
112	868	32	2888.0
112	922	32	3940.0
868	922	32	4657.0
362	835	32	10871.0
206	838	32	8741.0
216	361	32	10510.0
748	774	32	12292.0
504	901	32	5250.0
504	904	32	10814.0
901	904	32	1699.0
386	888	32	9482.0
404	742	32	12817.0
500	948	32	2414.0
105	722	32	8359.0
647	876	32	10727.0
531	678	32	9161.0
781	799	32	9572.0
440	784	32	7916.0
56	807	32	8255.0
252	473	32	6387.0
253	490	32	8052.0
50	935	32	9537.0
698	780	32	10803.0
82	987	32	8849.0
343	962	32	13081.0
253	907	32	6767.0
285	592	32	11304.0
246	821	32	8766.0
441	480	32	14079.0
80	839	32	11970.0
80	952	32	14311.0
839	952	32	12828.0
954	1000	32	7198.0
583	598	32	5563.0
583	748	32	9400.0
583	840	32	7114.0
598	748	32	9077.0
748	840	32	10870.0
89	825	32	9918.0
341	531	32	8575.0
679	937	32	9680.0
375	926	32	5931.0
200	877	32	4916.0
204	617	32	9528.0
462	764	32	14796.0
462	1000	32	14173.0
126	520	32	8950.0
409	520	32	10512.0
172	876	32	9143.0
375	598	32	6468.0
12	286	32	8151.0
12	328	32	8299.0
286	328	32	9659.0
333	495	32	7904.0
714	854	32	10455.0
785	854	32	13333.0
837	1001	32	7475.0
364	605	32	5063.0
436	744	32	10980.0
352	717	32	8532.0
172	788	32	7248.0
345	509	32	11598.0
635	912	32	7846.0
291	919	32	3787.0
645	804	32	11624.0
363	424	32	6169.0
285	581	32	9775.0
368	671	32	9282.0
218	877	32	12569.0
295	504	32	7714.0
754	879	32	3337.0
174	249	32	8219.0
28	950	32	13643.0
375	746	32	2608.0
375	840	32	6598.0
746	840	32	7000.0
555	706	32	11988.0
162	784	32	6776.0
26	378	32	7199.0
184	980	32	5963.0
862	886	32	7078.0
175	855	32	9459.0
217	518	32	3961.0
311	380	32	7733.0
273	494	32	4188.0
6	241	32	10773.0
766	860	32	8708.0
572	838	32	8455.0
87	654	32	7746.0
141	433	32	7537.0
413	414	32	14365.0
413	682	32	8831.0
171	479	32	5052.0
805	950	32	15013.0
414	973	32	13948.0
234	861	32	12369.0
339	870	32	10876.0
872	931	32	10219.0
623	935	32	8032.0
216	771	32	7447.0
131	698	32	4877.0
524	947	32	7272.0
374	831	32	8396.0
288	496	32	10553.0
414	526	32	5536.0
298	416	32	8471.0
76	897	32	8820.0
1	458	32	6873.0
151	384	32	8510.0
151	854	32	6258.0
384	854	32	8859.0
324	987	32	7666.0
114	995	32	7183.0
263	269	32	8277.0
618	624	32	10223.0
32	880	32	4318.0
24	255	32	6902.0
258	424	32	2391.0
137	886	32	7383.0
95	221	32	8861.0
50	979	32	9573.0
512	788	32	11745.0
582	933	32	2317.0
208	427	32	4657.0
226	998	32	4785.0
159	649	32	7462.0
128	941	32	8047.0
64	276	32	10522.0
504	703	32	3956.0
452	723	32	8232.0
421	537	32	8710.0
497	603	32	3812.0
344	402	32	5953.0
582	820	32	5827.0
430	905	32	13237.0
933	988	32	14200.0
583	775	32	9601.0
443	464	32	6953.0
189	198	32	4824.0
656	851	32	2406.0
591	754	32	5164.0
564	935	32	11931.0
783	847	32	3203.0
301	339	32	14698.0
562	807	32	10076.0
496	676	32	10639.0
153	252	32	4139.0
82	324	32	8250.0
4	215	32	12404.0
303	890	32	9634.0
299	946	32	6411.0
173	733	32	11132.0
244	958	32	10606.0
522	884	32	9110.0
262	493	32	13573.0
535	715	32	11150.0
391	724	32	11042.0
409	928	32	12529.0
592	923	32	5179.0
759	968	32	7929.0
170	739	32	6986.0
237	985	32	13991.0
112	379	32	3690.0
757	914	32	10516.0
12	744	32	8328.0
339	846	32	13682.0
390	905	32	10033.0
617	701	32	6725.0
351	436	32	9320.0
171	518	32	11829.0
548	974	32	11317.0
449	723	32	8232.0
338	592	32	11683.0
70	855	32	5080.0
143	365	32	3922.0
518	632	32	9962.0
149	331	32	6607.0
246	295	32	1880.0
542	672	32	7914.0
87	408	32	7824.0
743	904	32	9614.0
46	224	32	7715.0
526	605	32	10737.0
391	869	32	11049.0
582	833	32	5630.0
452	756	32	12156.0
452	797	32	10442.0
756	797	32	10330.0
200	388	32	4008.0
270	888	32	9650.0
13	417	32	9087.0
29	496	32	11157.0
121	557	32	6367.0
201	715	32	12216.0
39	850	32	5376.0
36	465	32	2380.0
286	744	32	14421.0
353	661	32	11220.0
173	945	32	8899.0
306	327	32	3797.0
188	914	32	10251.0
295	703	32	6522.0
603	898	32	10236.0
582	988	32	5707.0
134	351	32	7969.0
351	744	32	14961.0
875	951	32	7641.0
530	733	32	3759.0
472	693	32	9884.0
403	534	32	10644.0
20	220	32	8206.0
28	580	32	11128.0
28	805	32	13119.0
580	805	32	11347.0
427	604	32	4670.0
50	362	32	9521.0
50	984	32	5506.0
362	984	32	7391.0
785	847	32	11394.0
871	882	32	6572.0
163	261	32	8009.0
399	839	32	9169.0
505	978	32	13628.0
820	833	32	17243.0
457	745	32	11124.0
257	806	32	9228.0
308	372	32	8418.0
206	579	32	1463.0
392	486	32	11557.0
193	231	32	10770.0
410	632	32	9091.0
6	421	32	1800.0
198	406	32	2653.0
70	235	32	7728.0
698	905	32	10462.0
305	858	32	8564.0
584	727	32	10517.0
29	199	32	6563.0
29	967	32	11254.0
199	967	32	6434.0
102	755	32	3571.0
44	158	32	5230.0
781	913	32	11200.0
603	769	32	7061.0
109	232	32	8052.0
15	599	32	8807.0
271	955	32	18514.0
20	888	32	8194.0
416	773	32	10551.0
704	955	32	15417.0
261	489	32	10700.0
364	413	32	13004.0
76	442	32	8656.0
425	994	32	14733.0
355	749	32	13641.0
293	828	32	10933.0
274	758	32	12346.0
199	496	32	5952.0
3	349	32	7615.0
238	494	32	4107.0
170	748	32	1746.0
163	248	32	7871.0
277	882	32	11285.0
70	405	32	4274.0
510	541	32	11201.0
729	831	32	8396.0
204	991	32	8557.0
55	870	32	10534.0
407	826	32	8044.0
10	584	32	10788.0
490	966	32	1897.0
211	331	32	10304.0
211	860	32	19569.0
331	860	32	10524.0
583	712	32	6294.0
552	962	32	3464.0
275	507	32	15688.0
550	744	32	17172.0
416	825	32	12250.0
203	639	32	7260.0
287	895	32	4811.0
422	976	32	8557.0
619	989	32	9500.0
39	217	32	10280.0
519	574	32	12072.0
103	638	32	6716.0
198	354	32	10987.0
198	706	32	10971.0
354	706	32	10791.0
640	857	32	8645.0
124	740	32	7224.0
552	740	32	8516.0
529	533	32	10357.0
5	699	32	11166.0
595	664	32	1900.0
595	842	32	1500.0
664	842	32	5177.0
419	816	32	4088.0
376	384	32	6579.0
384	458	32	11532.0
187	700	32	4795.0
677	889	32	9456.0
583	586	32	9319.0
1	660	32	7421.0
235	265	32	13135.0
39	618	32	4503.0
327	631	32	6893.0
750	888	32	7734.0
140	425	32	13872.0
412	472	32	12406.0
726	915	32	10146.0
972	980	32	8483.0
96	424	32	4393.0
632	977	32	9935.0
496	643	32	13820.0
653	735	32	3032.0
621	853	32	9998.0
298	447	32	10157.0
654	994	32	7094.0
266	711	32	8788.0
183	671	32	9671.0
195	919	32	3148.0
43	218	32	10533.0
43	877	32	10357.0
229	646	32	6547.0
179	190	32	9708.0
255	382	32	10720.0
668	691	32	8604.0
369	650	32	8053.0
655	809	32	8240.0
580	778	32	10977.0
127	514	32	8753.0
158	712	32	3768.0
334	770	32	7350.0
0	360	32	4988.0
467	842	32	5177.0
29	288	32	11391.0
242	652	32	10124.0
30	57	32	7429.0
111	531	32	8382.0
111	953	32	8532.0
531	953	32	13726.0
603	907	32	9074.0
286	343	32	7610.0
190	731	32	15550.0
33	753	32	7261.0
137	948	32	1577.0
717	861	32	1591.0
135	485	32	7846.0
334	824	32	7463.0
9	118	32	6555.0
112	635	32	3837.0
112	665	32	3772.0
635	665	32	7865.0
84	503	32	6580.0
197	382	32	2210.0
739	775	32	6435.0
178	936	32	7323.0
583	746	32	8055.0
243	803	32	14021.0
419	880	32	5842.0
184	810	32	10376.0
107	824	32	8043.0
107	869	32	6345.0
375	646	32	11449.0
624	917	32	10173.0
34	641	32	2647.0
352	832	32	8233.0
182	733	32	10817.0
650	681	32	4969.0
598	712	32	8760.0
610	655	32	8180.0
146	326	32	2300.0
580	950	32	13491.0
7	460	32	10909.0
624	850	32	11081.0
637	953	32	13190.0
121	857	32	7897.0
10	796	32	11499.0
189	406	32	5908.0
752	898	32	6712.0
158	926	32	3357.0
552	844	32	7873.0
712	748	32	9528.0
162	856	32	9849.0
848	900	32	10930.0
171	187	32	10006.0
171	977	32	11841.0
187	977	32	8071.0
86	402	32	7675.0
172	924	32	7055.0
237	276	32	11745.0
618	850	32	11453.0
264	967	32	1766.0
287	461	32	4800.0
352	398	32	7992.0
111	637	32	8074.0
586	774	32	8846.0
181	955	32	15288.0
547	715	32	12143.0
64	985	32	10845.0
644	806	32	11848.0
183	470	32	10274.0
467	975	32	12600.0
386	971	32	11622.0
110	741	32	8869.0
218	534	32	10644.0
161	303	32	8530.0
170	775	32	5597.0
561	653	32	8009.0
97	948	32	11300.0
450	924	32	6892.0
65	395	32	12126.0
567	783	32	11632.0
494	620	32	4122.0
135	469	32	8203.0
74	914	32	11574.0
724	770	32	8313.0
724	824	32	11319.0
770	824	32	9286.0
668	775	32	6929.0
408	594	32	7848.0
63	689	32	7893.0
165	198	32	2074.0
165	326	32	5054.0
198	326	32	8709.0
432	521	32	3200.0
61	579	32	7577.0
132	658	32	8014.0
132	871	32	7857.0
658	871	32	12329.0
45	602	32	7492.0
364	414	32	13101.0
226	926	32	4862.0
60	566	32	6057.0
733	945	32	9446.0
813	857	32	8645.0
362	564	32	10557.0
589	591	32	5548.0
159	841	32	7869.0
158	375	32	9512.0
4	8	32	7440.0
276	283	32	11805.0
252	591	32	12508.0
31	866	32	8566.0
414	879	32	7045.0
2	703	32	4764.0
334	548	32	5095.0
413	526	32	5522.0
131	849	32	11507.0
396	722	32	11753.0
62	511	32	5259.0
471	599	32	10612.0
190	320	32	11364.0
162	206	32	9522.0
206	289	32	10263.0
415	489	32	1849.0
660	783	32	11457.0
252	710	32	11261.0
530	601	32	11315.0
180	817	32	2770.0
610	809	32	9863.0
19	346	32	7349.0
203	539	32	4417.0
57	385	32	7076.0
220	386	32	8773.0
285	609	32	10034.0
16	970	32	8603.0
774	909	32	4459.0
134	286	32	5828.0
243	400	32	15668.0
37	748	32	4260.0
498	849	32	10197.0
146	976	32	6392.0
567	854	32	4036.0
659	978	32	9257.0
16	290	32	8158.0
423	539	32	1116.0
691	775	32	7398.0
150	371	32	7081.0
760	793	32	12284.0
15	471	32	8532.0
405	624	32	7032.0
520	928	32	8687.0
572	784	32	6918.0
620	929	32	4428.0
158	874	32	6889.0
302	338	32	8855.0
723	797	32	7067.0
187	479	32	5052.0
252	414	32	9904.0
252	526	32	5543.0
10	57	32	7515.0
118	667	32	5384.0
26	533	32	6982.0
8	903	32	5565.0
127	655	32	6505.0
242	492	32	8745.0
784	856	32	8259.0
797	990	32	10402.0
425	907	32	14362.0
12	191	32	8139.0
703	901	32	6198.0
314	813	32	6907.0
445	836	32	4538.0
290	761	32	10236.0
612	614	32	12874.0
594	966	32	16259.0
620	697	32	10707.0
530	948	32	9916.0
733	948	32	6770.0
468	558	32	11572.0
559	927	32	15540.0
199	958	32	9318.0
273	287	32	4865.0
856	887	32	13424.0
586	748	32	10237.0
398	832	32	9926.0
352	356	32	7921.0
409	819	32	14897.0
229	375	32	9209.0
27	190	32	8962.0
888	971	32	9750.0
285	338	32	11273.0
461	895	32	4722.0
458	981	32	10124.0
403	877	32	14916.0
340	446	32	9435.0
262	616	32	11850.0
507	540	32	10722.0
183	397	32	9131.0
384	714	32	11639.0
785	981	32	9789.0
160	662	32	10204.0
605	754	32	9885.0
655	993	32	10739.0
207	244	32	11786.0
24	317	32	7674.0
908	928	32	12534.0
590	751	32	7140.0
308	371	32	9535.0
371	590	32	6841.0
137	968	32	7424.0
61	784	32	7555.0
596	836	32	11372.0
327	360	32	3625.0
38	977	32	2422.0
647	915	32	2794.0
557	701	32	12326.0
78	924	32	10442.0
297	310	32	3184.0
494	814	32	4210.0
1	384	32	6472.0
475	730	32	11905.0
584	957	32	9538.0
213	771	32	5085.0
110	233	32	7323.0
346	511	32	10305.0
756	866	32	9130.0
206	784	32	7240.0
167	965	32	9984.0
647	812	32	12760.0
432	694	32	3019.0
144	293	32	10075.0
326	706	32	5926.0
804	883	32	6460.0
720	830	32	10541.0
426	679	32	12252.0
74	680	32	11536.0
526	589	32	14115.0
364	879	32	11299.0
67	694	32	2096.0
56	268	32	8216.0
612	662	32	11944.0
607	715	32	3201.0
369	380	32	9812.0
178	650	32	8826.0
746	774	32	8108.0
445	560	32	10055.0
472	868	32	6688.0
840	909	32	3913.0
262	477	32	11968.0
245	697	32	13319.0
488	744	32	15088.0
740	744	32	3449.0
155	558	32	13178.0
299	620	32	4466.0
437	528	32	11912.0
167	285	32	3263.0
167	352	32	2278.0
167	592	32	3796.0
167	717	32	1675.0
285	717	32	1669.0
352	592	32	2265.0
592	717	32	1657.0
71	714	32	7094.0
10	727	32	9187.0
13	655	32	8369.0
13	789	32	8875.0
655	789	32	9012.0
948	964	32	9422.0
44	840	32	10718.0
915	956	32	11690.0
412	665	32	6852.0
378	533	32	8801.0
452	571	32	8136.0
518	977	32	12379.0
526	879	32	3337.0
367	513	32	7856.0
229	675	32	9375.0
229	874	32	9160.0
675	874	32	12416.0
31	452	32	8155.0
30	584	32	9802.0
337	624	32	8592.0
490	708	32	8349.0
420	722	32	11661.0
151	783	32	7862.0
197	974	32	3261.0
390	698	32	12383.0
735	814	32	13783.0
778	950	32	15318.0
649	841	32	11751.0
667	836	32	13346.0
553	772	32	10456.0
74	401	32	12339.0
464	901	32	8545.0
421	980	32	9103.0
305	753	32	7379.0
139	958	32	8990.0
402	944	32	5290.0
137	759	32	7474.0
613	755	32	11709.0
613	931	32	6400.0
755	931	32	5077.0
521	627	32	14521.0
320	864	32	10359.0
639	764	32	11595.0
443	703	32	4563.0
81	771	32	6396.0
623	835	32	8031.0
215	353	32	11953.0
110	336	32	9078.0
665	868	32	3682.0
76	465	32	8899.0
368	397	32	9312.0
375	712	32	5940.0
295	901	32	8104.0
175	651	32	10096.0
120	267	32	3578.0
120	369	32	3041.0
429	511	32	7260.0
3	99	32	6856.0
97	862	32	11455.0
723	990	32	7441.0
245	299	32	10463.0
688	736	32	14832.0
122	547	32	6674.0
479	700	32	4584.0
645	883	32	10780.0
113	986	32	12581.0
6	537	32	3053.0
452	725	32	10250.0
275	540	32	11786.0
199	288	32	10572.0
696	749	32	13623.0
550	986	32	3266.0
44	583	32	9647.0
44	746	32	7148.0
81	607	32	7618.0
267	936	32	4062.0
305	324	32	8453.0
154	243	32	13051.0
875	894	32	10054.0
39	779	32	11408.0
110	390	32	6931.0
126	908	32	9883.0
84	277	32	8431.0
509	925	32	11982.0
490	994	32	4771.0
68	300	32	8297.0
303	570	32	8684.0
113	574	32	11374.0
236	828	32	10051.0
259	629	32	11382.0
498	780	32	5881.0
234	592	32	3799.0
246	743	32	8933.0
326	354	32	6826.0
366	489	32	10721.0
82	737	32	8901.0
541	552	32	8712.0
584	686	32	10876.0
632	881	32	6500.0
176	645	32	11680.0
313	698	32	12200.0
160	834	32	10408.0
617	857	32	8645.0
189	555	32	2501.0
189	706	32	1645.0
173	642	32	11787.0
115	246	32	1323.0
288	643	32	10988.0
530	800	32	12210.0
135	611	32	8126.0
736	985	32	14453.0
205	224	32	9336.0
478	825	32	12377.0
102	493	32	13081.0
314	701	32	8125.0
640	813	32	9119.0
596	949	32	6619.0
541	744	32	6303.0
338	581	32	10043.0
566	823	32	8498.0
370	513	32	16922.0
394	851	32	7151.0
569	742	32	12361.0
413	605	32	5046.0
162	539	32	3370.0
206	539	32	4085.0
153	225	32	3785.0
203	206	32	2455.0
449	797	32	10389.0
557	991	32	16577.0
157	743	32	6755.0
452	990	32	14854.0
620	735	32	12160.0
929	946	32	4450.0
84	431	32	8477.0
809	993	32	1589.0
842	899	32	5200.0
232	383	32	9375.0
198	555	32	11071.0
542	995	32	8015.0
132	882	32	6217.0
567	785	32	5666.0
134	740	32	3648.0
203	856	32	4607.0
6	720	32	11252.0
104	530	32	6062.0
104	964	32	6306.0
530	964	32	10405.0
13	993	32	9249.0
880	947	32	6598.0
144	828	32	12645.0
277	658	32	12219.0
311	681	32	4333.0
419	524	32	5184.0
313	390	32	13207.0
601	800	32	11071.0
395	647	32	5259.0
17	640	32	6326.0
450	638	32	7362.0
393	997	32	10794.0
38	479	32	2482.0
82	906	32	7775.0
384	726	32	1360.0
179	320	32	9560.0
33	82	32	7091.0
618	917	32	11453.0
211	615	32	19167.0
465	573	32	4605.0
173	961	32	10763.0
795	804	32	11947.0
578	837	32	12639.0
485	688	32	13677.0
136	224	32	7925.0
438	711	32	9593.0
189	354	32	2441.0
192	595	32	4958.0
539	572	32	3819.0
659	790	32	7228.0
324	858	32	8714.0
494	735	32	4358.0
311	369	32	7036.0
614	662	32	13132.0
265	779	32	10871.0
650	936	32	5049.0
268	673	32	10294.0
579	784	32	9812.0
106	273	32	1599.0
458	847	32	6227.0
660	847	32	6450.0
433	626	32	7523.0
801	970	32	11512.0
236	932	32	10166.0
463	544	32	8297.0
589	879	32	3837.0
0	631	32	8201.0
190	864	32	12676.0
119	582	32	5576.0
97	964	32	7796.0
158	774	32	4901.0
273	895	32	4811.0
385	727	32	12047.0
20	588	32	8197.0
144	322	32	10638.0
704	996	32	1714.0
184	972	32	6351.0
156	1000	32	3231.0
458	783	32	8982.0
178	681	32	7142.0
233	849	32	12446.0
380	626	32	9452.0
186	876	32	13628.0
365	451	32	7407.0
203	423	32	3320.0
70	651	32	5131.0
364	589	32	5424.0
364	710	32	10816.0
413	589	32	5423.0
413	710	32	9629.0
589	710	32	5657.0
663	862	32	12243.0
666	883	32	11845.0
371	751	32	7678.0
71	745	32	8086.0
71	847	32	7996.0
745	847	32	10063.0
194	749	32	13194.0
597	739	32	10862.0
545	890	32	12602.0
58	271	32	12825.0
187	518	32	8098.0
424	595	32	8666.0
445	578	32	6838.0
316	595	32	5991.0
217	235	32	10069.0
158	748	32	4389.0
364	591	32	16716.0
330	533	32	9095.0
663	800	32	11836.0
322	828	32	10612.0
322	932	32	9433.0
828	932	32	12850.0
140	966	32	13811.0
17	617	32	9859.0
316	843	32	6833.0
319	721	32	12062.0
408	654	32	13410.0
265	337	32	3381.0
265	618	32	3998.0
337	618	32	10227.0
95	323	32	8495.0
437	927	32	11775.0
146	555	32	6286.0
372	473	32	10035.0
372	751	32	8125.0
473	751	32	7141.0
222	621	32	9809.0
680	914	32	10491.0
682	754	32	5266.0
161	822	32	8707.0
693	868	32	6309.0
71	376	32	8114.0
136	205	32	8014.0
237	485	32	2687.0
80	399	32	11487.0
126	819	32	9214.0
338	349	32	10225.0
163	489	32	7988.0
500	886	32	10708.0
220	888	32	8799.0
192	363	32	4982.0
149	615	32	6701.0
333	515	32	8713.0
355	625	32	17287.0
403	960	32	12207.0
401	680	32	11181.0
277	474	32	10861.0
525	764	32	13463.0
173	862	32	4952.0
862	945	32	5601.0
38	881	32	2402.0
532	884	32	11296.0
0	312	32	6653.0
522	602	32	7973.0
441	546	32	7371.0
178	311	32	10511.0
311	650	32	7012.0
44	748	32	13519.0
23	865	32	7329.0
726	876	32	2079.0
876	915	32	5858.0
236	322	32	9216.0
225	682	32	10872.0
106	494	32	1483.0
544	924	32	9126.0
31	756	32	8818.0
730	839	32	10136.0
495	631	32	10159.0
508	631	32	10500.0
99	285	32	9052.0
265	518	32	7556.0
289	579	32	8450.0
197	361	32	10510.0
139	199	32	8871.0
370	495	32	10810.0
833	933	32	13785.0
847	915	32	1085.0
475	839	32	10718.0
961	964	32	2037.0
295	464	32	6377.0
33	906	32	7992.0
697	735	32	14243.0
180	938	32	9905.0
313	905	32	9938.0
274	570	32	15767.0
274	867	32	14390.0
570	867	32	14785.0
594	654	32	7012.0
283	985	32	12084.0
252	413	32	9818.0
39	624	32	6253.0
384	847	32	6494.0
6	830	32	9233.0
637	938	32	1347.0
171	632	32	10998.0
472	922	32	8859.0
181	271	32	15165.0
180	608	32	12608.0
640	991	32	9318.0
857	991	32	8542.0
10	957	32	8290.0
649	889	32	9016.0
425	966	32	16517.0
31	990	32	8883.0
376	785	32	10154.0
527	931	32	6642.0
42	470	32	11038.0
132	277	32	6947.0
140	408	32	4281.0
290	801	32	11192.0
239	835	32	5918.0
360	367	32	7786.0
149	860	32	6809.0
192	424	32	4986.0
564	984	32	8411.0
408	603	32	8907.0
79	795	32	11493.0
81	548	32	5591.0
854	981	32	8181.0
125	905	32	9068.0
70	863	32	4962.0
651	863	32	12674.0
96	722	32	3793.0
150	473	32	6942.0
311	936	32	3799.0
456	848	32	14089.0
594	994	32	17428.0
280	611	32	9802.0
11	888	32	6287.0
97	733	32	6918.0
261	366	32	13210.0
475	952	32	12343.0
590	682	32	2598.0
247	427	32	4657.0
70	850	32	8838.0
302	352	32	2267.0
289	887	32	11830.0
237	283	32	12653.0
431	882	32	9301.0
126	928	32	9427.0
586	712	32	6544.0
70	624	32	8863.0
675	909	32	8836.0
206	887	32	10642.0
94	554	32	6622.0
726	956	32	11136.0
100	755	32	8535.0
356	717	32	6809.0
24	446	32	6887.0
324	648	32	7875.0
245	620	32	6527.0
164	725	32	5826.0
195	310	32	5790.0
490	594	32	4796.0
643	967	32	11027.0
155	468	32	12790.0
174	859	32	8134.0
272	374	32	11597.0
683	775	32	13437.0
100	527	32	10199.0
288	967	32	11154.0
191	541	32	1573.0
589	605	32	10737.0
50	763	32	2733.0
513	631	32	13868.0
238	929	32	3432.0
675	926	32	8352.0
737	753	32	8696.0
652	687	32	10792.0
364	973	32	16309.0
220	750	32	7887.0
719	989	32	9535.0
266	483	32	13226.0
107	974	32	9065.0
11	588	32	6340.0
672	995	32	9247.0
376	714	32	7363.0
376	854	32	9974.0
32	524	32	4039.0
238	620	32	6118.0
458	854	32	9164.0
586	775	32	13430.0
745	785	32	14545.0
745	854	32	12968.0
214	445	32	10411.0
214	578	32	9435.0
380	650	32	8622.0
140	907	32	13607.0
548	607	32	13166.0
376	847	32	9877.0
711	910	32	8867.0
706	776	32	12520.0
503	871	32	9508.0
103	543	32	7090.0
315	478	32	13614.0
598	746	32	5396.0
516	833	32	15254.0
164	990	32	5890.0
660	854	32	9241.0
382	446	32	11967.0
769	898	32	6955.0
160	476	32	9241.0
861	965	32	11476.0
222	249	32	9051.0
194	625	32	16355.0
560	1001	32	8943.0
118	596	32	4929.0
511	628	32	10732.0
330	378	32	8775.0
37	375	32	2261.0
50	564	32	9471.0
408	907	32	10162.0
654	907	32	9442.0
120	380	32	2985.0
98	266	32	6918.0
98	711	32	6758.0
385	686	32	14361.0
2	295	32	3647.0
587	831	32	8392.0
935	984	32	12974.0
276	985	32	12336.0
409	908	32	14808.0
642	759	32	6482.0
581	861	32	1389.0
495	513	32	11111.0
345	969	32	8947.0
361	974	32	3243.0
97	886	32	5145.0
601	886	32	4783.0
203	954	32	6993.0
580	873	32	10386.0
557	857	32	6488.0
620	946	32	5846.0
240	499	32	9000.0
481	831	32	8396.0
454	811	32	11966.0
723	866	32	6712.0
0	513	32	8424.0
141	267	32	6717.0
56	309	32	8587.0
728	980	32	10038.0
449	866	32	9455.0
527	872	32	7999.0
33	324	32	7955.0
162	887	32	9421.0
429	684	32	10655.0
37	775	32	5115.0
204	314	32	6506.0
526	754	32	9999.0
425	490	32	2007.0
55	846	32	10831.0
356	832	32	10261.0
622	769	32	7061.0
531	817	32	8826.0
541	740	32	11193.0
83	414	32	12725.0
445	596	32	8876.0
34	359	32	5444.0
862	948	32	12532.0
68	374	32	8189.0
510	773	32	1073.0
402	924	32	4941.0
102	630	32	10349.0
607	974	32	10498.0
255	446	32	9420.0
225	879	32	10432.0
682	879	32	9178.0
346	996	32	13932.0
150	308	32	7050.0
521	694	32	9713.0
203	887	32	6182.0
113	923	32	11303.0
288	676	32	11467.0
431	474	32	8863.0
46	205	32	7804.0
46	983	32	7919.0
938	953	32	6614.0
51	242	32	8057.0
51	652	32	8107.0
518	700	32	4155.0
371	473	32	7324.0
712	774	32	9647.0
1	457	32	8019.0
431	658	32	15648.0
391	824	32	11452.0
467	636	32	10004.0
179	864	32	9865.0
362	623	32	8246.0
96	407	32	4480.0
534	960	32	10736.0
356	398	31	10137.0
167	234	31	11921.0
526	682	31	5563.0
752	769	31	5452.0
113	519	31	13020.0
57	584	31	7155.0
197	771	31	6690.0
318	325	31	10916.0
344	788	31	11688.0
449	756	31	13601.0
185	213	31	4463.0
103	463	31	6852.0
603	999	31	9533.0
160	612	31	10102.0
528	699	31	11883.0
151	714	31	8538.0
223	342	31	5805.0
843	975	31	8073.0
46	136	31	7650.0
227	851	31	1586.0
192	316	31	5179.0
192	407	31	2965.0
192	467	31	1259.0
192	664	31	1132.0
654	708	31	8843.0
330	529	31	10376.0
351	488	31	13623.0
395	956	31	13348.0
299	814	31	6884.0
479	977	31	3848.0
549	921	31	9578.0
83	682	31	8647.0
364	682	31	10872.0
800	964	31	10405.0
204	813	31	8631.0
733	862	31	8918.0
328	744	31	9670.0
153	682	31	2517.0
778	805	31	14594.0
314	991	31	12109.0
68	587	31	8239.0
87	603	31	5914.0
225	414	31	9464.0
651	855	31	10263.0
400	455	31	11419.0
387	422	31	8742.0
700	881	31	4843.0
38	518	31	2382.0
38	632	31	2351.0
64	736	31	11683.0
935	979	31	10603.0
159	677	31	7510.0
474	658	31	11097.0
217	850	31	5014.0
367	370	31	6744.0
833	988	31	17070.0
191	550	31	10490.0
764	981	31	1040.0
645	795	31	12873.0
87	490	31	7927.0
727	796	31	7735.0
625	749	31	13662.0
571	756	31	8605.0
589	682	31	5584.0
105	396	31	8437.0
877	960	31	12173.0
421	972	31	7685.0
60	762	31	8544.0
797	866	31	7391.0
373	487	31	10488.0
178	355	31	1739.0
241	720	31	12587.0
165	765	31	4980.0
557	568	31	14094.0
227	294	31	2517.0
218	403	31	13509.0
311	433	31	9438.0
110	499	31	8857.0
591	605	31	4066.0
289	838	31	8359.0
173	759	31	7931.0
594	603	31	7029.0
323	501	31	11199.0
712	840	31	9667.0
172	812	31	9084.0
642	961	31	12619.0
234	338	31	3335.0
136	845	31	8015.0
784	887	31	8941.0
733	886	31	13242.0
60	694	31	8584.0
0	508	31	7685.0
594	907	31	17130.0
507	815	31	13879.0
378	529	31	8141.0
199	207	31	10044.0
326	406	31	5908.0
425	546	31	4421.0
68	481	31	8448.0
395	915	31	14004.0
635	922	31	8859.0
465	897	31	12166.0
146	354	31	6406.0
422	657	31	8890.0
151	376	31	3950.0
376	783	31	3200.0
315	416	31	6698.0
40	596	31	12875.0
215	903	31	10306.0
353	903	31	11969.0
72	645	31	5760.0
484	890	31	11657.0
81	213	31	5553.0
862	968	31	5730.0
979	984	31	6144.0
95	261	31	1448.0
221	261	31	3386.0
331	766	31	8696.0
471	606	31	9250.0
530	642	31	9699.0
642	800	31	9747.0
118	445	31	6429.0
337	917	31	10915.0
567	981	31	5949.0
309	673	31	9223.0
374	587	31	10866.0
484	822	31	9966.0
384	785	31	11061.0
238	735	31	6396.0
560	837	31	9560.0
364	754	31	5186.0
799	913	31	9160.0
119	516	31	15134.0
516	582	31	4936.0
40	118	31	1952.0
560	596	31	8846.0
155	760	31	14025.0
505	790	31	6845.0
794	861	31	8924.0
300	481	31	11333.0
410	977	31	11116.0
137	173	31	7368.0
11	386	31	6237.0
255	340	31	10359.0
8	215	31	7452.0
780	905	31	11602.0
187	881	31	8167.0
40	304	31	11590.0
240	741	31	8332.0
65	726	31	10594.0
65	876	31	2938.0
65	915	31	11400.0
514	655	31	7651.0
213	607	31	5151.0
1	745	31	5479.0
153	798	31	8000.0
341	953	31	11216.0
761	801	31	10519.0
713	876	31	8819.0
231	900	31	10514.0
394	656	31	3860.0
238	697	31	6510.0
384	660	31	11585.0
567	660	31	9250.0
28	778	31	13364.0
774	775	31	9438.0
619	719	31	11921.0
450	544	31	7178.0
240	336	31	11638.0
814	929	31	4428.0
380	936	31	7266.0
336	741	31	12155.0
389	540	31	8855.0
320	731	31	11208.0
248	489	31	10721.0
217	624	31	5896.0
332	549	31	10829.0
193	900	31	11069.0
725	990	31	11123.0
447	825	31	16310.0
256	292	31	9573.0
433	681	31	5169.0
8	353	31	7722.0
558	760	31	13720.0
564	835	31	11245.0
874	926	31	8350.0
315	447	31	13298.0
510	740	31	9011.0
590	879	31	9246.0
519	923	31	9598.0
3	338	31	7658.0
120	433	31	3576.0
305	906	31	9156.0
99	581	31	8429.0
172	344	31	6996.0
338	352	31	2315.0
369	626	31	9453.0
566	575	31	4577.0
76	454	31	8804.0
454	897	31	11761.0
189	765	31	6889.0
251	325	31	7523.0
116	608	31	6271.0
587	729	31	9836.0
39	917	31	4517.0
58	181	31	12833.0
245	735	31	10235.0
478	806	31	9223.0
213	548	31	4852.0
125	390	30	9134.0
639	1000	30	13515.0
154	400	30	12775.0
153	879	30	7872.0
205	350	30	9746.0
215	695	30	9707.0
362	935	30	12316.0
184	537	30	7401.0
665	693	30	7141.0
693	922	30	7908.0
44	774	30	12848.0
34	604	30	5340.0
173	886	30	11065.0
69	625	30	11165.0
657	976	30	10896.0
724	869	30	11191.0
42	183	30	10523.0
42	368	30	10648.0
369	936	30	10802.0
89	416	30	8475.0
389	815	30	10933.0
709	858	30	10044.0
822	890	30	9739.0
141	178	30	7680.0
178	369	30	10052.0
62	346	30	8266.0
670	995	30	8932.0
645	666	30	7515.0
222	853	30	10265.0
784	838	30	5269.0
230	758	30	11915.0
323	489	30	8456.0
194	696	30	13279.0
89	298	30	8650.0
637	817	30	12299.0
613	616	30	1928.0
119	820	30	16559.0
445	667	30	9210.0
539	856	30	6345.0
514	809	30	13331.0
664	865	30	5023.0
14	364	30	5668.0
397	671	30	11170.0
170	691	30	7240.0
87	594	30	4712.0
341	678	30	13967.0
557	813	30	6952.0
712	746	30	6167.0
233	780	30	11928.0
473	879	30	10094.0
835	984	30	7628.0
42	671	30	11357.0
433	936	30	5264.0
261	323	30	11062.0
774	840	30	10942.0
118	949	30	7052.0
653	814	30	2942.0
282	285	30	3263.0
605	879	30	3439.0
329	448	30	9700.0
416	806	30	9378.0
603	654	30	8829.0
150	751	30	7179.0
234	717	30	1675.0
161	890	30	8747.0
314	617	30	10871.0
352	581	30	2116.0
658	882	30	11285.0
608	938	30	11213.0
108	308	30	6721.0
39	632	30	1621.0
500	945	30	8506.0
683	739	30	9805.0
51	687	30	7940.0
305	987	30	6831.0
299	735	30	8042.0
252	364	30	12553.0
227	394	30	3244.0
676	967	30	11344.0
10	30	30	8713.0
128	920	30	8063.0
462	525	30	13410.0
312	495	30	8745.0
733	759	30	7929.0
324	737	30	9431.0
158	226	30	2833.0
486	921	30	7867.0
372	563	30	7399.0
234	282	30	11717.0
429	918	30	9080.0
524	880	30	6361.0
254	589	30	13208.0
258	407	30	8101.0
941	971	30	3339.0
193	848	30	12193.0
289	539	30	3680.0
282	965	30	9200.0
11	220	30	6255.0
811	897	30	15659.0
812	876	30	11416.0
184	720	30	14169.0
78	512	30	10468.0
697	814	30	12872.0
454	465	30	10135.0
528	559	30	18836.0
112	472	30	3840.0
504	821	30	8517.0
58	955	30	19443.0
361	607	30	10043.0
361	771	30	7722.0
45	685	30	8257.0
535	547	30	10213.0
492	687	30	12059.0
3	592	30	7669.0
709	753	30	9045.0
97	530	30	8135.0
441	647	30	4893.0
744	962	30	10643.0
669	689	30	9234.0
162	572	30	9357.0
131	430	30	8984.0
721	883	30	15019.0
13	434	30	8907.0
132	503	30	7785.0
109	383	30	7732.0
421	720	30	4298.0
617	991	30	12954.0
135	688	30	7945.0
244	435	30	10312.0
44	786	30	15579.0
367	515	30	12145.0
341	817	30	13863.0
74	757	30	11776.0
712	909	30	2510.0
598	683	30	4744.0
763	984	30	4348.0
572	887	30	10092.0
372	973	30	5390.0
375	774	30	7119.0
154	455	30	11419.0
477	616	30	10448.0
586	668	30	6390.0
586	691	30	6745.0
267	626	30	6239.0
497	536	30	3722.0
531	608	30	7264.0
145	719	30	10104.0
131	905	30	10473.0
119	988	30	15915.0
622	752	30	5481.0
601	961	30	5590.0
333	508	30	5862.0
333	631	30	7210.0
39	265	30	13032.0
39	518	30	6916.0
0	333	30	5962.0
763	835	30	4230.0
170	668	30	8255.0
207	958	30	10606.0
294	347	30	2940.0
234	349	30	3176.0
401	914	30	12044.0
85	448	30	9986.0
17	857	30	5473.0
4	661	30	10600.0
65	186	30	7524.0
546	994	30	4453.0
714	981	30	10124.0
361	705	30	8083.0
96	865	30	4245.0
14	526	30	9646.0
691	746	30	1645.0
416	478	30	6455.0
289	784	30	14119.0
731	864	30	12643.0
426	937	30	9680.0
164	756	30	5615.0
225	591	30	12778.0
225	754	30	5186.0
102	616	30	10534.0
27	179	30	9501.0
601	733	30	6546.0
571	797	30	7687.0
175	863	30	9220.0
743	821	30	8840.0
666	721	30	11711.0
258	975	30	7120.0
319	883	30	11394.0
249	853	30	8901.0
16	956	30	3310.0
61	358	30	7571.0
202	273	30	2436.0
260	373	30	7946.0
466	1001	30	6575.0
104	862	30	5580.0
104	948	30	5485.0
7	491	30	11246.0
71	384	30	6295.0
823	940	30	11006.0
45	522	30	8010.0
925	969	29	9064.0
657	716	29	11243.0
396	420	29	8766.0
199	244	29	11837.0
23	316	29	6504.0
298	806	29	10450.0
667	949	29	7237.0
771	974	29	11130.0
366	690	29	2623.0
414	589	29	5422.0
750	971	29	9882.0
340	382	29	10048.0
575	627	29	4453.0
384	783	29	8477.0
83	591	29	12622.0
526	591	29	5543.0
363	595	29	6201.0
54	812	29	3261.0
308	751	29	7799.0
69	355	29	11346.0
237	688	29	11640.0
286	351	29	13743.0
568	640	29	4680.0
174	853	29	8202.0
108	519	29	3612.0
134	436	29	9205.0
111	608	29	2119.0
92	540	29	7270.0
159	569	29	1118.0
95	415	29	8638.0
395	876	29	8328.0
894	951	29	7641.0
34	427	29	6185.0
694	823	29	10975.0
449	571	29	8659.0
204	557	29	6572.0
557	617	29	10827.0
753	987	29	8763.0
3	285	29	7783.0
32	419	29	4281.0
33	987	29	6737.0
186	647	29	11812.0
519	986	29	10834.0
188	950	29	5758.0
345	925	29	11778.0
343	351	29	9197.0
677	841	29	10219.0
764	952	29	4661.0
362	979	29	10603.0
40	836	29	12797.0
464	504	29	3494.0
393	920	29	14616.0
131	390	29	4883.0
636	843	29	4228.0
103	450	29	6882.0
239	623	29	5342.0
185	307	29	2919.0
177	402	29	9857.0
589	754	29	9999.0
20	971	29	8132.0
235	850	29	8442.0
81	934	29	7697.0
445	1001	29	7992.0
469	688	29	9436.0
819	928	29	12383.0
60	823	29	8588.0
762	823	29	10596.0
58	704	29	15663.0
193	456	29	12300.0
417	993	29	11792.0
169	416	29	5001.0
167	609	29	4409.0
230	274	29	13433.0
332	392	29	12571.0
923	939	29	10855.0
131	780	29	6855.0
191	744	29	11793.0
324	753	29	8136.0
264	342	29	6595.0
85	636	29	10933.0
669	878	29	13640.0
285	302	29	9168.0
334	607	29	4482.0
916	970	29	13166.0
814	946	29	7703.0
649	827	29	9475.0
95	501	29	8208.0
226	375	29	4764.0
4	353	29	14495.0
180	637	29	4503.0
386	588	29	9806.0
414	605	29	5063.0
856	954	29	4777.0
81	361	29	7690.0
92	815	29	7860.0
184	830	29	10637.0
783	981	29	7982.0
350	983	29	9544.0
613	872	29	6337.0
464	703	29	6130.0
63	551	29	7867.0
254	682	29	5587.0
678	817	29	15245.0
21	641	29	9262.0
606	738	29	10475.0
208	359	29	5635.0
314	568	29	9672.0
651	943	29	1958.0
61	289	29	6133.0
200	307	29	8083.0
23	407	29	6849.0
780	849	29	7915.0
879	973	29	13841.0
369	433	29	8173.0
443	504	29	1944.0
528	927	29	15540.0
611	688	29	13549.0
40	837	29	2127.0
536	603	29	7617.0
334	869	29	6983.0
544	944	29	2467.0
730	952	29	12715.0
376	457	29	7904.0
709	987	29	8627.0
269	441	29	9257.0
107	770	29	7465.0
212	365	29	5632.0
620	814	29	11081.0
800	886	29	1986.0
375	748	29	6477.0
966	994	29	14652.0
17	701	29	10991.0
591	973	29	16262.0
176	666	29	4859.0
1	785	29	5612.0
304	596	29	10086.0
672	892	29	7445.0
474	503	29	6997.0
267	433	29	7611.0
355	696	29	14277.0
588	888	29	9665.0
554	732	29	8853.0
601	862	29	12339.0
800	862	29	9544.0
453	491	29	11353.0
61	440	29	7636.0
70	175	29	4852.0
71	525	29	1504.0
525	745	29	1481.0
525	847	29	1474.0
235	518	29	9647.0
608	817	29	2267.0
169	806	29	7240.0
176	804	29	9951.0
312	508	29	6758.0
72	883	29	8631.0
176	883	29	8581.0
375	874	29	9201.0
441	812	29	9428.0
221	501	29	10535.0
294	772	29	1984.0
239	514	29	2377.0
405	917	29	5287.0
266	438	29	9719.0
71	785	29	8265.0
551	689	29	10081.0
360	370	29	7729.0
328	351	29	9786.0
305	737	29	9386.0
601	945	29	3236.0
125	698	29	9166.0
193	760	29	3416.0
122	535	29	6308.0
97	663	29	11120.0
97	968	29	4380.0
560	667	29	9076.0
402	829	29	11155.0
