505	978	32	13628.0
635	868	32	6693.0
80	399	32	11487.0
68	587	32	8239.0
68	831	32	7403.0
587	831	32	8392.0
364	413	32	13004.0
251	318	32	8287.0
251	335	32	10586.0
318	335	32	8463.0
361	771	32	7722.0
107	334	32	11190.0
107	391	32	6420.0
334	391	32	7073.0
161	890	32	8747.0
577	679	32	11893.0
746	748	32	7908.0
693	868	32	6309.0
813	991	32	9103.0
522	602	32	7973.0
201	547	32	11277.0
99	285	32	9052.0
265	518	32	7556.0
137	968	32	7424.0
119	933	32	12622.0
74	401	32	12339.0
59	570	32	10253.0
42	368	32	10648.0
216	771	32	7447.0
328	351	32	9786.0
188	680	32	11284.0
188	914	32	10251.0
680	914	32	10491.0
72	645	32	5760.0
231	760	32	3471.0
176	883	32	8581.0
417	655	32	10510.0
0	360	32	4988.0
415	489	32	1849.0
770	824	32	9286.0
206	856	32	11111.0
206	887	32	10642.0
856	887	32	13424.0
65	876	32	2938.0
880	947	32	6598.0
125	780	32	9107.0
39	217	32	10280.0
421	972	32	7685.0
525	764	32	13463.0
162	887	32	9421.0
452	571	32	8136.0
452	723	32	8232.0
452	797	32	10442.0
571	723	32	7168.0
571	797	32	7687.0
723	797	32	7067.0
50	362	32	9521.0
337	917	32	10915.0
316	407	32	13175.0
203	838	32	5736.0
267	433	32	7611.0
599	606	32	9516.0
645	804	32	11624.0
504	703	32	3956.0
598	840	32	9221.0
28	950	32	13643.0
211	331	32	10304.0
412	635	32	11734.0
820	933	32	13518.0
660	981	32	10124.0
564	979	32	9938.0
389	815	32	10933.0
119	582	32	5576.0
234	965	32	13092.0
181	955	32	15288.0
19	628	32	10821.0
429	930	32	3250.0
341	531	32	8575.0
341	678	32	13967.0
531	678	32	9161.0
344	944	32	11524.0
399	730	32	11907.0
769	898	32	6955.0
64	237	32	11593.0
64	276	32	10522.0
237	276	32	11745.0
290	970	32	12909.0
380	626	32	9452.0
888	971	32	9750.0
778	950	32	15318.0
238	814	32	6138.0
109	373	32	7861.0
52	251	32	4655.0
245	620	32	6527.0
245	929	32	4428.0
620	929	32	4428.0
392	549	32	10940.0
162	289	32	9511.0
531	817	32	8826.0
659	978	32	9257.0
70	235	32	7728.0
295	504	32	7714.0
295	901	32	8104.0
504	901	32	5250.0
245	697	32	13319.0
20	386	32	8174.0
134	550	32	8881.0
735	929	32	4428.0
534	877	32	10561.0
391	724	32	11042.0
159	649	32	7462.0
632	977	32	9935.0
617	701	32	6725.0
15	738	32	8892.0
770	869	32	8373.0
231	848	32	10571.0
8	903	32	5565.0
71	660	32	5829.0
72	176	32	3145.0
263	812	32	9226.0
323	501	32	11199.0
362	564	32	10557.0
299	735	32	8042.0
413	682	32	8831.0
40	596	32	12875.0
456	848	32	14089.0
20	270	32	7789.0
58	955	32	19443.0
140	603	32	3555.0
89	416	32	8475.0
293	322	32	9594.0
918	996	32	10106.0
103	924	32	6460.0
50	984	32	5506.0
311	626	32	5353.0
65	395	32	12126.0
839	952	32	12828.0
652	687	32	10792.0
766	860	32	8708.0
532	884	32	11296.0
392	486	32	11557.0
317	340	32	9334.0
158	748	32	4389.0
206	572	32	10132.0
378	533	32	8801.0
24	382	32	6779.0
162	856	32	9849.0
550	744	32	17172.0
416	825	32	12250.0
203	639	32	7260.0
319	666	32	11975.0
371	473	32	7324.0
371	751	32	7678.0
473	751	32	7141.0
172	647	32	8971.0
172	812	32	9084.0
647	812	32	12760.0
84	503	32	6580.0
594	994	32	17428.0
54	263	32	4825.0
311	650	32	7012.0
97	104	32	4364.0
367	513	32	7856.0
273	287	32	4865.0
709	906	32	9626.0
49	875	32	5799.0
49	951	32	5536.0
875	951	32	7641.0
300	587	32	10864.0
58	704	32	15663.0
234	285	32	3266.0
234	338	32	3335.0
285	338	32	11273.0
40	836	32	12797.0
592	965	32	1798.0
263	441	32	12104.0
60	575	32	6173.0
522	884	32	9110.0
583	775	32	9601.0
158	229	32	7047.0
2	295	32	3647.0
2	504	32	2593.0
179	864	32	9865.0
619	989	32	9500.0
530	601	32	11315.0
15	471	32	8532.0
436	740	32	3655.0
684	930	32	4162.0
236	293	32	8770.0
584	686	32	10876.0
440	784	32	7916.0
622	769	32	7061.0
240	499	32	9000.0
265	779	32	10871.0
181	704	32	9261.0
239	935	32	11125.0
442	897	32	11231.0
874	926	32	8350.0
190	864	32	12676.0
276	283	32	11805.0
318	585	32	9617.0
341	608	32	2198.0
537	980	32	8626.0
608	938	32	11213.0
598	774	32	9210.0
273	494	32	4188.0
100	527	32	10199.0
314	701	32	8125.0
237	985	32	13991.0
262	616	32	11850.0
391	869	32	11049.0
252	364	32	12553.0
541	740	32	11193.0
249	621	32	10003.0
302	338	32	8855.0
553	772	32	10456.0
464	901	32	8545.0
60	566	32	6057.0
733	945	32	9446.0
813	857	32	8645.0
620	735	32	12160.0
177	402	32	9857.0
60	694	32	8584.0
205	983	32	13132.0
31	723	32	7028.0
612	662	32	11944.0
132	658	32	8014.0
510	552	32	8712.0
319	721	32	12062.0
408	654	32	13410.0
265	337	32	3381.0
265	618	32	3998.0
337	618	32	10227.0
95	323	32	8495.0
126	409	32	10087.0
457	783	32	9676.0
313	430	32	9147.0
375	712	32	5940.0
287	461	32	4800.0
111	637	32	8074.0
21	925	32	8982.0
252	526	32	5543.0
252	754	32	4869.0
526	754	32	9999.0
277	658	32	12219.0
394	851	32	7151.0
174	621	32	7951.0
464	504	32	3494.0
327	495	32	6715.0
603	898	32	10236.0
288	496	32	10553.0
144	293	32	10075.0
511	628	32	10732.0
1	567	32	7735.0
21	345	32	8965.0
180	817	32	2770.0
237	736	32	15679.0
34	604	32	5340.0
384	714	32	11639.0
384	854	32	8859.0
714	854	32	10455.0
128	920	32	8063.0
197	382	32	2210.0
366	489	32	10721.0
772	896	32	10744.0
183	397	32	9131.0
583	746	32	8055.0
583	774	32	8585.0
746	774	32	8108.0
437	699	32	11009.0
362	979	32	10603.0
712	748	32	9528.0
229	675	32	9375.0
229	874	32	9160.0
675	874	32	12416.0
233	698	32	11783.0
566	823	32	8498.0
396	420	32	8766.0
313	498	32	4236.0
313	849	32	6129.0
498	849	32	10197.0
150	153	32	4791.0
366	690	32	2623.0
425	594	32	16358.0
365	451	32	7407.0
308	879	32	8451.0
157	246	32	7571.0
1	854	32	3966.0
119	833	32	16055.0
29	967	32	11254.0
600	894	32	12390.0
208	359	32	5635.0
23	316	32	6504.0
746	840	32	7000.0
282	592	32	3799.0
282	965	32	9200.0
176	645	32	11680.0
68	300	32	8297.0
308	473	32	7326.0
465	573	32	4605.0
263	269	32	8277.0
783	785	32	7720.0
33	753	32	7261.0
170	739	32	6986.0
39	850	32	5376.0
189	765	32	6889.0
875	894	32	10054.0
759	886	32	7901.0
493	616	32	12192.0
596	836	32	11372.0
40	118	32	1952.0
92	815	32	7860.0
96	407	32	4480.0
155	558	32	13178.0
20	220	32	8206.0
385	584	32	12123.0
368	470	32	8646.0
680	757	32	11255.0
555	706	32	11988.0
78	924	32	10442.0
752	898	32	6712.0
858	987	32	7163.0
511	777	32	12712.0
419	880	32	5842.0
113	519	32	13020.0
187	479	32	5052.0
44	583	32	9647.0
162	784	32	6776.0
886	968	32	12283.0
401	914	32	12044.0
746	775	32	8090.0
31	866	32	8566.0
141	433	32	7537.0
230	822	32	2504.0
170	597	32	7867.0
603	654	32	8829.0
892	995	32	7732.0
608	674	32	12582.0
497	603	32	3812.0
369	433	32	8173.0
560	578	32	9695.0
206	579	32	1463.0
17	857	32	5473.0
490	594	32	4796.0
838	1000	32	4582.0
158	598	32	4264.0
158	712	32	3768.0
598	712	32	8760.0
372	563	32	7399.0
586	774	32	8846.0
109	232	32	8052.0
505	582	32	10896.0
582	978	32	11061.0
854	981	32	8181.0
552	740	32	8516.0
701	857	32	2370.0
153	371	32	5141.0
334	770	32	7350.0
370	513	32	16922.0
462	1000	32	14173.0
242	652	32	10124.0
64	985	32	10845.0
141	369	32	7420.0
384	458	32	11532.0
70	850	32	8838.0
505	659	32	9085.0
413	879	32	7077.0
355	696	32	14277.0
586	598	32	5819.0
132	277	32	6947.0
183	671	32	9671.0
97	948	32	11300.0
371	590	32	6841.0
218	877	32	12569.0
311	369	32	7036.0
979	984	32	6144.0
50	835	32	9472.0
98	711	32	6758.0
158	375	32	9512.0
725	990	32	11123.0
348	353	32	11605.0
208	247	32	7660.0
110	499	32	8857.0
543	924	32	9317.0
874	909	32	6594.0
311	433	32	9438.0
433	650	32	8835.0
198	354	32	10987.0
696	749	32	13623.0
495	508	32	8778.0
26	378	32	7199.0
82	737	32	8901.0
15	599	32	8807.0
227	851	32	1586.0
376	714	32	7363.0
42	671	32	11357.0
312	631	32	8074.0
432	566	32	2855.0
697	929	32	4428.0
405	618	32	5274.0
47	659	32	5921.0
598	748	32	9077.0
199	958	32	9318.0
698	905	32	10462.0
199	643	32	6183.0
188	757	32	11165.0
178	311	32	10511.0
178	650	32	8826.0
248	489	32	10721.0
158	226	32	2833.0
527	613	32	11460.0
248	366	32	11691.0
584	727	32	10517.0
723	866	32	6712.0
781	913	32	11200.0
275	507	32	15688.0
586	712	32	6544.0
583	598	32	5563.0
575	694	32	10023.0
179	731	32	9514.0
731	864	32	12643.0
520	819	32	8500.0
74	188	32	13248.0
153	591	32	4045.0
312	333	32	10423.0
615	766	32	8696.0
644	825	32	17471.0
359	604	32	5533.0
248	261	32	13178.0
251	585	32	8942.0
262	477	32	11968.0
327	508	32	6472.0
572	954	32	1988.0
29	496	32	11157.0
173	601	32	2650.0
283	985	32	12084.0
647	876	32	10727.0
437	528	32	11912.0
528	699	32	11883.0
28	580	32	11128.0
134	286	32	5828.0
299	697	32	11043.0
367	370	32	6744.0
207	244	32	11786.0
748	840	32	10870.0
723	725	32	8085.0
570	822	32	4565.0
62	346	32	8266.0
679	937	32	9680.0
566	575	32	4577.0
730	839	32	10136.0
340	382	32	10048.0
544	924	32	9126.0
537	972	32	8899.0
235	618	32	8493.0
11	386	32	6237.0
60	627	32	5957.0
566	627	32	8425.0
102	616	32	10534.0
656	896	32	9122.0
694	823	32	10975.0
479	881	32	5015.0
395	726	32	11156.0
586	840	32	6824.0
279	721	32	12739.0
61	784	32	7555.0
802	852	32	14106.0
513	631	32	13868.0
165	406	32	5098.0
707	804	32	9442.0
557	568	32	14094.0
717	832	32	6934.0
485	688	32	13677.0
50	239	32	4383.0
170	668	32	8255.0
302	965	32	1044.0
312	360	32	8471.0
756	797	32	10330.0
155	793	32	13006.0
84	658	32	8528.0
124	740	32	7224.0
187	700	32	4795.0
174	249	32	8219.0
461	895	32	4722.0
759	948	32	2494.0
474	871	32	6237.0
197	607	32	10059.0
149	331	32	6607.0
622	898	32	9016.0
473	710	32	3192.0
384	745	32	10516.0
384	785	32	11061.0
745	785	32	14545.0
13	655	32	8369.0
938	953	32	6614.0
314	991	32	12109.0
173	759	32	7931.0
173	968	32	10906.0
759	968	32	7929.0
137	759	32	7474.0
360	495	32	7216.0
150	308	32	7050.0
830	972	32	2660.0
589	754	32	9999.0
160	662	32	10204.0
215	661	32	9701.0
395	647	32	5259.0
471	606	32	9250.0
274	758	32	12346.0
39	624	32	6253.0
360	513	32	8498.0
530	964	32	10405.0
103	450	32	6882.0
74	914	32	11574.0
132	871	32	7857.0
172	395	32	4356.0
172	876	32	9143.0
172	915	32	1970.0
395	876	32	8328.0
395	915	32	14004.0
876	915	32	5858.0
735	814	32	13783.0
837	949	32	7710.0
647	713	32	8913.0
56	562	32	8236.0
402	788	32	6314.0
402	944	32	5290.0
788	944	32	10816.0
693	912	32	6492.0
608	817	32	2267.0
445	1001	32	7992.0
132	503	32	7785.0
504	904	32	10814.0
430	905	32	13237.0
81	771	32	6396.0
372	590	32	9379.0
894	965	32	1381.0
98	266	32	6918.0
800	964	32	10405.0
295	464	32	6377.0
81	197	32	7505.0
17	557	32	14045.0
649	889	32	9016.0
72	666	32	9436.0
413	591	32	13293.0
420	722	32	11661.0
726	956	32	11136.0
298	416	32	8471.0
730	764	32	1291.0
756	866	32	9130.0
300	729	32	13785.0
331	860	32	10524.0
380	650	32	8622.0
490	708	32	8349.0
659	790	32	7228.0
721	883	32	15019.0
518	632	32	9962.0
866	990	32	8847.0
43	403	32	10524.0
274	303	32	9123.0
126	908	32	9883.0
84	474	32	8320.0
291	297	32	3551.0
605	754	32	9885.0
282	352	32	2278.0
144	322	32	10638.0
178	267	32	7610.0
527	808	32	11582.0
105	420	32	8115.0
127	514	32	8753.0
211	615	32	19167.0
228	365	32	5092.0
208	604	32	7331.0
180	608	32	12608.0
343	436	32	11124.0
398	832	32	9926.0
163	261	32	8009.0
238	299	32	2918.0
555	776	32	13419.0
188	950	32	5758.0
126	520	32	8950.0
546	994	32	4453.0
40	667	32	14005.0
238	245	32	5183.0
583	840	32	7114.0
401	757	32	11222.0
286	436	32	7896.0
966	994	32	14652.0
507	540	32	10722.0
653	735	32	3032.0
425	994	32	14733.0
0	508	32	7685.0
179	320	32	9560.0
134	962	32	10092.0
400	803	32	13705.0
230	867	32	12633.0
409	908	32	14808.0
171	977	32	11841.0
238	929	32	3432.0
280	485	32	9295.0
552	962	32	3464.0
204	617	32	9528.0
140	594	32	13840.0
39	405	32	10567.0
10	686	32	13177.0
10	727	32	9187.0
686	727	32	9362.0
507	815	32	13879.0
666	721	32	11711.0
31	797	32	7529.0
31	990	32	8883.0
797	990	32	10402.0
553	896	32	10423.0
733	964	32	3229.0
58	271	32	12825.0
511	930	32	10834.0
526	589	32	14115.0
430	780	32	10963.0
358	579	32	9087.0
450	544	32	7178.0
408	603	32	8907.0
118	667	32	5384.0
286	550	32	14352.0
781	799	32	9572.0
361	934	32	8025.0
286	328	32	9659.0
93	653	32	7044.0
220	750	32	7887.0
226	229	32	5029.0
226	646	32	2332.0
229	646	32	6547.0
155	468	32	12790.0
0	306	32	3953.0
0	327	32	6692.0
0	495	32	8006.0
306	327	32	3797.0
306	495	32	5531.0
33	324	32	7955.0
114	672	32	6773.0
140	907	32	13607.0
87	708	32	7846.0
157	821	32	7570.0
716	976	32	12738.0
583	748	32	9400.0
364	591	32	16716.0
423	954	32	4566.0
0	312	32	6653.0
320	864	32	10359.0
267	650	32	7677.0
519	574	32	12072.0
346	511	32	10305.0
427	604	32	4670.0
414	879	32	7045.0
298	825	32	11756.0
17	701	32	10991.0
422	976	32	8557.0
338	592	32	11683.0
286	962	32	7338.0
79	795	32	11493.0
847	854	32	10538.0
367	515	32	12145.0
245	814	32	9000.0
620	814	32	11081.0
17	314	32	11265.0
40	304	32	11590.0
83	589	32	5417.0
730	952	32	12715.0
134	351	32	7969.0
134	744	32	9661.0
351	744	32	14961.0
127	610	32	8530.0
407	842	32	5177.0
157	743	32	6755.0
462	745	32	1491.0
45	532	32	7850.0
45	884	32	7918.0
68	481	32	8448.0
28	778	32	13364.0
19	511	32	11649.0
174	222	32	8290.0
304	596	32	10086.0
122	201	32	6642.0
660	714	32	13519.0
500	642	32	9029.0
21	641	32	9262.0
721	804	32	7133.0
467	842	32	5177.0
424	467	32	5695.0
413	973	32	13235.0
752	769	32	5452.0
724	869	32	11191.0
111	531	32	8382.0
111	953	32	8532.0
531	953	32	13726.0
723	990	32	7441.0
550	986	32	3266.0
44	746	32	7148.0
522	532	32	9333.0
425	966	32	16517.0
830	980	32	2265.0
312	327	32	5252.0
362	984	32	7391.0
478	717	32	1353.0
569	677	32	1465.0
657	976	32	10896.0
277	871	32	7178.0
658	871	32	12329.0
516	833	32	15254.0
334	824	32	7463.0
276	736	32	12454.0
178	696	32	1738.0
12	962	32	2409.0
295	703	32	6522.0
682	710	32	10781.0
438	711	32	9593.0
623	979	32	7356.0
354	555	32	11706.0
83	413	32	12643.0
582	988	32	5707.0
361	705	32	8083.0
190	675	32	2017.0
483	910	32	7582.0
85	467	32	8906.0
624	850	32	11081.0
94	554	32	6622.0
494	697	32	3777.0
541	744	32	6303.0
426	679	32	12252.0
33	858	32	7977.0
58	718	32	13474.0
558	734	32	13239.0
155	760	32	14025.0
149	766	32	6757.0
331	766	32	8696.0
385	796	32	12092.0
340	446	32	9435.0
280	611	32	9802.0
64	736	32	11683.0
163	489	32	7988.0
252	413	32	9818.0
21	509	32	8905.0
391	824	32	11452.0
235	624	32	10450.0
759	961	32	8130.0
924	944	32	11770.0
85	636	32	10933.0
160	614	32	11310.0
144	828	32	12645.0
217	917	32	4174.0
59	867	32	10300.0
409	928	32	12529.0
154	400	32	12775.0
269	812	32	5633.0
82	753	32	9106.0
6	720	32	11252.0
410	518	32	10952.0
313	698	32	12200.0
430	698	32	9942.0
835	935	32	11449.0
618	917	32	11453.0
325	335	32	7447.0
608	953	32	9469.0
701	991	32	12531.0
399	952	32	14126.0
291	919	32	3787.0
719	989	32	9535.0
50	979	32	9573.0
141	380	32	7310.0
336	499	32	9188.0
598	909	32	3743.0
642	733	32	14258.0
594	907	32	17130.0
115	246	32	1323.0
376	783	32	3200.0
432	521	32	3200.0
511	918	32	5655.0
635	665	32	7865.0
432	627	32	2721.0
707	795	32	10185.0
81	361	32	7690.0
407	664	32	5597.0
112	379	32	3690.0
322	932	32	9433.0
327	631	32	6893.0
140	425	32	13872.0
140	966	32	13811.0
452	990	32	14854.0
82	305	32	7512.0
131	313	32	4794.0
83	879	32	6891.0
617	857	32	8645.0
206	289	32	10263.0
286	343	32	7610.0
463	544	32	8297.0
645	795	32	12873.0
709	737	32	11402.0
33	82	32	7091.0
449	756	32	13601.0
350	983	32	9544.0
8	215	32	7452.0
167	234	32	11921.0
167	282	32	11530.0
234	282	32	11717.0
298	806	32	10450.0
464	703	32	6130.0
639	887	32	9058.0
346	996	32	13932.0
312	495	32	8745.0
642	886	32	11354.0
163	248	32	7871.0
176	666	32	4859.0
820	988	32	16804.0
479	977	32	3848.0
530	968	32	1238.0
592	861	32	3769.0
785	854	32	13333.0
33	305	32	8055.0
33	709	32	7732.0
33	906	32	7992.0
305	324	32	8453.0
305	709	32	8343.0
305	906	32	9156.0
324	709	32	8995.0
324	906	32	8786.0
462	525	32	13410.0
30	796	32	6932.0
229	998	32	5736.0
720	972	32	4555.0
266	711	32	8788.0
496	967	32	10925.0
364	682	32	10872.0
407	467	32	11376.0
197	216	32	10591.0
272	300	32	17348.0
158	786	32	5035.0
390	698	32	12383.0
227	394	32	3244.0
136	224	32	7925.0
442	454	32	10086.0
172	186	32	8689.0
109	487	32	8364.0
121	857	32	7897.0
725	866	32	9455.0
700	881	32	4843.0
208	427	32	4657.0
150	590	32	6463.0
113	574	32	11374.0
494	620	32	4122.0
494	814	32	4210.0
155	734	32	14263.0
189	198	32	4824.0
178	433	32	11259.0
628	930	32	10919.0
861	965	32	11476.0
472	868	32	6688.0
850	917	32	11467.0
385	686	32	14361.0
530	800	32	12210.0
601	800	32	11071.0
34	208	32	5342.0
71	714	32	7094.0
948	964	32	9422.0
723	756	32	7944.0
319	645	32	7677.0
763	835	32	4230.0
449	452	32	13058.0
548	771	32	14026.0
548	934	32	10002.0
771	934	32	11578.0
180	953	32	9980.0
820	833	32	17243.0
173	961	32	10763.0
102	477	32	11973.0
161	484	32	8413.0
413	710	32	9629.0
280	469	32	9321.0
469	611	32	11056.0
274	822	32	2713.0
862	964	32	9061.0
526	973	32	5533.0
34	345	32	2865.0
0	370	32	7912.0
3	302	32	7871.0
445	578	32	6838.0
324	753	32	8136.0
490	966	32	1897.0
254	754	32	9999.0
791	905	32	4129.0
10	385	32	13014.0
338	861	32	3301.0
514	809	32	13331.0
392	921	32	10876.0
972	980	32	8483.0
601	886	32	4783.0
240	741	32	8332.0
351	550	32	14814.0
201	535	32	13914.0
65	726	32	10594.0
646	774	32	7701.0
239	763	32	4281.0
173	862	32	4952.0
711	910	32	8867.0
89	447	32	8364.0
697	946	32	7703.0
500	968	32	10541.0
376	785	32	10154.0
70	618	32	9009.0
70	624	32	8863.0
618	624	32	10223.0
148	536	32	3161.0
131	430	32	8984.0
423	764	32	15447.0
790	978	32	9643.0
17	813	32	5910.0
135	280	32	7964.0
32	419	32	4281.0
552	844	32	7873.0
74	757	32	11776.0
113	986	32	12581.0
332	486	32	10941.0
189	406	32	5908.0
352	398	32	7992.0
244	435	32	10312.0
246	743	32	8933.0
56	268	32	8216.0
183	470	32	10274.0
637	817	32	12299.0
206	784	32	7240.0
560	1001	32	8943.0
445	837	32	6701.0
316	842	32	5167.0
603	622	32	9365.0
55	339	32	11251.0
196	905	32	12343.0
471	738	32	11044.0
192	363	32	4982.0
557	991	32	16577.0
454	465	32	10135.0
313	390	32	13207.0
497	999	32	4465.0
96	424	32	4393.0
385	957	32	11035.0
87	603	32	5914.0
558	760	32	13720.0
423	462	32	13957.0
660	745	32	10735.0
745	981	32	9580.0
479	518	32	3954.0
61	579	32	7577.0
241	830	32	10626.0
476	614	32	10317.0
346	777	32	8043.0
549	921	32	9578.0
285	352	32	2337.0
218	960	32	12207.0
222	859	32	10355.0
114	542	32	7133.0
305	858	32	8564.0
266	910	32	8289.0
176	804	32	9951.0
528	927	32	15540.0
389	507	32	10893.0
38	187	32	2430.0
38	881	32	2402.0
187	881	32	8167.0
327	513	32	7141.0
580	805	32	11347.0
580	950	32	13491.0
805	950	32	15013.0
239	835	32	5918.0
660	783	32	11457.0
81	705	32	7848.0
655	993	32	10739.0
118	466	32	4661.0
484	890	32	11657.0
595	664	32	1900.0
678	817	32	15245.0
403	877	32	14916.0
97	964	32	7796.0
298	315	32	8320.0
39	235	32	13360.0
677	841	32	10219.0
472	922	32	8859.0
252	590	32	4322.0
225	605	32	5063.0
225	682	32	10872.0
225	754	32	5186.0
605	682	32	5194.0
682	754	32	5266.0
712	786	32	9583.0
774	775	32	9438.0
229	926	32	5906.0
447	806	32	12831.0
635	693	32	9888.0
23	258	32	6876.0
64	283	32	11428.0
623	835	32	8031.0
929	946	32	4450.0
414	973	32	13948.0
375	598	32	6468.0
21	969	32	8732.0
292	799	32	9689.0
512	788	32	11745.0
764	1000	32	15810.0
181	271	32	15165.0
143	451	32	3940.0
414	526	32	5536.0
327	333	32	4652.0
216	607	32	10780.0
6	830	32	9233.0
386	888	32	9482.0
694	883	32	1766.0
161	303	32	8530.0
591	754	32	5164.0
224	983	32	9431.0
267	369	32	6846.0
369	650	32	8053.0
81	213	32	5553.0
81	607	32	7618.0
213	361	32	4993.0
213	607	32	5151.0
361	607	32	10043.0
140	994	32	13776.0
167	302	32	2910.0
29	288	32	11391.0
272	481	32	11333.0
100	755	32	8535.0
518	977	32	12379.0
287	895	32	4811.0
61	556	32	7994.0
677	889	32	9456.0
40	445	32	5954.0
198	406	32	2653.0
801	916	32	12277.0
285	592	32	11304.0
151	783	32	7862.0
541	552	32	8712.0
147	537	32	5960.0
415	690	32	9954.0
425	907	32	14362.0
12	744	32	8328.0
60	823	32	8588.0
163	366	32	7860.0
376	847	32	9877.0
408	708	32	8843.0
204	640	32	11615.0
915	956	32	11690.0
198	706	32	10971.0
35	635	32	6673.0
395	854	32	1419.0
156	856	32	4359.0
136	983	32	8029.0
30	584	32	9802.0
34	247	32	5371.0
35	665	32	3647.0
774	909	32	4459.0
68	374	32	8189.0
483	711	32	8071.0
437	927	32	11775.0
84	277	32	8431.0
289	572	32	9736.0
458	785	32	10876.0
137	173	32	7368.0
8	502	32	7429.0
390	780	32	10383.0
44	598	32	9163.0
402	767	32	9785.0
23	636	32	1366.0
651	855	32	10263.0
314	557	32	12361.0
668	775	32	6929.0
8	661	32	7687.0
8	695	32	7318.0
661	695	32	9175.0
180	938	32	9905.0
192	424	32	4986.0
211	860	32	19569.0
273	895	32	4811.0
312	513	32	10659.0
63	689	32	7893.0
707	721	32	8184.0
612	834	32	12245.0
409	520	32	10512.0
499	741	32	8561.0
624	917	32	10173.0
244	958	32	10606.0
520	928	32	8687.0
258	467	32	10734.0
474	658	32	11097.0
712	746	32	6167.0
352	832	32	8233.0
154	455	32	11419.0
268	309	32	10248.0
243	400	32	15668.0
268	673	32	10294.0
70	855	32	5080.0
458	854	32	9164.0
458	956	32	1362.0
854	956	32	1385.0
452	756	32	12156.0
345	925	32	11778.0
71	376	32	8114.0
476	612	32	8600.0
203	423	32	3320.0
935	979	32	10603.0
800	862	32	9544.0
209	712	32	7616.0
504	743	32	8799.0
410	977	32	11116.0
176	279	32	5852.0
413	414	32	14365.0
371	879	32	8879.0
520	908	32	11247.0
103	638	32	6716.0
380	433	32	10861.0
712	774	32	9647.0
703	901	32	6198.0
360	471	32	2183.0
331	615	32	10388.0
23	467	32	7061.0
691	775	32	7398.0
530	948	32	9916.0
601	948	32	12757.0
129	623	32	1931.0
226	909	32	2308.0
646	909	32	9329.0
229	375	32	9209.0
14	414	32	5592.0
620	697	32	10707.0
193	848	32	12193.0
231	900	32	10514.0
358	440	32	9003.0
748	786	32	13027.0
97	601	32	11242.0
97	642	32	11333.0
601	642	32	12749.0
198	765	32	2680.0
462	764	32	14796.0
324	858	32	8714.0
10	57	32	7515.0
272	831	32	8396.0
64	688	32	8463.0
237	688	32	11640.0
614	834	32	13493.0
160	612	32	10102.0
475	730	32	11905.0
193	231	32	10770.0
226	375	32	4764.0
234	302	32	2910.0
172	924	32	7055.0
557	701	32	12326.0
447	773	32	10011.0
1	981	32	5885.0
153	225	32	3785.0
465	897	32	12166.0
643	967	32	11027.0
490	907	32	7004.0
571	866	32	8315.0
443	464	32	6953.0
150	371	32	7081.0
129	979	32	1701.0
88	696	32	13110.0
480	812	32	6946.0
668	691	32	8604.0
63	551	32	7867.0
750	971	32	9882.0
536	603	32	7617.0
564	835	32	11245.0
352	356	32	7921.0
868	912	32	3984.0
286	744	32	14421.0
189	321	32	7532.0
852	942	32	9723.0
848	900	32	10930.0
2	703	32	4764.0
395	713	32	4207.0
433	626	32	7523.0
37	774	32	5095.0
286	351	32	13743.0
70	405	32	4274.0
173	642	32	11787.0
173	886	32	11065.0
177	818	32	10866.0
292	913	32	9998.0
270	386	32	11067.0
421	720	32	4298.0
510	844	32	9810.0
81	974	32	2967.0
468	793	32	13418.0
50	564	32	9471.0
760	793	32	12284.0
125	698	32	9166.0
698	780	32	10803.0
184	720	32	14169.0
542	892	32	7404.0
449	866	32	9455.0
582	659	32	9129.0
471	599	32	10612.0
197	974	32	3261.0
176	721	32	8812.0
176	795	32	11258.0
721	795	32	8497.0
777	930	32	11236.0
477	808	32	1194.0
635	912	32	7846.0
302	592	32	8858.0
302	923	32	2139.0
592	923	32	5179.0
252	414	32	9904.0
237	283	32	12653.0
255	446	32	9420.0
477	755	32	2673.0
714	785	32	12183.0
187	977	32	8071.0
355	625	32	17287.0
114	892	32	6844.0
675	746	32	3166.0
270	888	32	9650.0
572	784	32	6918.0
44	874	32	1862.0
912	922	32	8165.0
58	181	32	12833.0
176	319	32	5145.0
739	775	32	6435.0
241	720	32	12587.0
10	796	32	11499.0
82	324	32	8250.0
733	759	32	7929.0
733	886	32	13242.0
166	764	32	11588.0
298	447	32	10157.0
97	759	32	2733.0
283	736	32	12909.0
220	588	32	8808.0
43	960	32	10506.0
526	591	32	5543.0
156	203	32	4959.0
57	796	32	7110.0
649	841	32	11751.0
23	407	32	6849.0
311	380	32	7733.0
271	704	32	9157.0
504	821	32	8517.0
743	821	32	8840.0
728	972	32	7680.0
190	320	32	11364.0
450	924	32	6892.0
277	474	32	10861.0
412	472	32	12406.0
877	960	32	12173.0
486	921	32	7867.0
10	584	32	10788.0
326	354	32	6826.0
169	416	32	5001.0
408	907	32	10162.0
708	907	32	7186.0
158	909	32	9015.0
536	999	32	7849.0
619	719	32	11921.0
328	550	32	9581.0
277	882	32	11285.0
69	696	32	11133.0
280	688	32	9379.0
611	688	32	13549.0
907	966	32	14089.0
187	632	32	9208.0
266	438	32	9719.0
242	687	32	9179.0
374	481	32	11333.0
137	500	32	7039.0
137	948	32	1577.0
500	948	32	2414.0
63	878	32	8021.0
267	380	32	7348.0
68	272	32	8286.0
170	748	32	1746.0
352	478	32	1298.0
326	765	32	7127.0
312	508	32	6758.0
26	533	32	6982.0
150	473	32	6942.0
161	570	32	2753.0
216	361	32	10510.0
691	739	32	7872.0
372	751	32	8125.0
203	954	32	6993.0
801	970	32	11512.0
644	806	32	11848.0
368	671	32	9282.0
706	776	32	12520.0
294	347	32	2940.0
128	941	32	8047.0
603	769	32	7061.0
184	241	32	12799.0
357	651	32	11396.0
562	807	32	10076.0
414	591	32	13272.0
164	571	32	5780.0
300	374	32	12657.0
575	883	32	1711.0
399	839	32	9169.0
3	592	32	7669.0
245	494	32	2856.0
894	951	32	7641.0
474	503	32	6997.0
7	460	32	10909.0
421	830	32	2371.0
617	991	32	12954.0
406	765	32	5775.0
78	788	32	10658.0
255	382	32	10720.0
124	552	32	7315.0
232	373	32	10260.0
290	916	32	12800.0
422	657	32	8890.0
134	343	32	9955.0
337	624	32	8592.0
44	786	32	15579.0
183	368	32	8476.0
847	915	32	1085.0
475	839	32	10718.0
961	964	32	2037.0
351	962	32	8797.0
479	700	32	4584.0
586	748	32	10237.0
857	991	32	8542.0
561	942	32	7948.0
531	674	32	5652.0
135	688	32	7945.0
316	424	32	9519.0
178	936	32	7323.0
239	362	32	5253.0
134	541	32	6550.0
316	595	32	5991.0
253	408	32	8008.0
111	608	32	2119.0
220	888	32	8799.0
591	682	32	10847.0
65	956	32	12020.0
514	655	32	7651.0
30	385	32	9650.0
314	857	32	6446.0
353	661	32	11220.0
38	632	32	2351.0
632	881	32	6500.0
371	798	32	6316.0
334	724	32	6881.0
724	824	32	11319.0
539	856	32	6345.0
60	432	32	2945.0
26	330	32	7205.0
180	637	32	4503.0
751	879	32	8060.0
330	529	32	10376.0
320	731	32	11208.0
106	273	32	1599.0
374	587	32	10866.0
586	786	32	12407.0
131	390	32	4883.0
95	261	32	1448.0
71	785	32	8265.0
330	378	32	8775.0
246	504	32	8581.0
262	613	32	3938.0
289	358	32	6378.0
252	591	32	12508.0
60	940	32	8858.0
139	199	32	8871.0
179	190	32	9708.0
737	906	32	9674.0
496	643	32	13820.0
495	631	32	10159.0
181	718	32	10912.0
733	800	32	3836.0
733	948	32	6770.0
800	948	32	9925.0
596	949	32	6619.0
289	887	32	11830.0
153	590	32	7971.0
375	775	32	3621.0
213	771	32	5085.0
53	223	32	3828.0
901	904	32	1699.0
431	474	32	8863.0
431	658	32	15648.0
271	955	32	18514.0
31	452	32	8155.0
568	857	32	3984.0
289	856	32	11431.0
97	862	32	11455.0
203	887	32	6182.0
132	882	32	6217.0
508	513	32	10664.0
32	524	32	4039.0
32	947	32	4310.0
524	947	32	7272.0
835	979	32	10303.0
62	996	32	7889.0
198	326	32	8709.0
67	566	32	2102.0
615	860	32	19128.0
699	927	32	12089.0
675	926	32	8352.0
128	997	32	7550.0
203	764	32	3686.0
97	800	32	8377.0
30	686	32	8701.0
14	682	32	5585.0
288	967	32	11154.0
872	931	32	10219.0
569	573	32	10933.0
87	654	32	7746.0
610	655	32	8180.0
573	742	32	12002.0
768	930	32	11236.0
106	494	32	1483.0
118	560	32	6802.0
203	289	32	2008.0
143	429	32	1692.0
36	569	32	7860.0
675	998	32	8828.0
55	846	32	10831.0
477	493	32	11809.0
189	354	32	2441.0
347	553	32	10411.0
347	896	32	10712.0
71	847	32	7996.0
293	828	32	10933.0
76	454	32	8804.0
560	836	32	4515.0
149	615	32	6701.0
352	717	32	8532.0
512	944	32	10948.0
580	778	32	10977.0
686	796	32	12053.0
876	956	32	3484.0
236	828	32	10051.0
390	430	32	9242.0
328	744	32	9670.0
57	686	32	7178.0
199	967	32	6434.0
363	424	32	6169.0
363	842	32	1273.0
424	842	32	5177.0
226	926	32	4862.0
477	630	32	10052.0
261	489	32	10700.0
121	314	32	6302.0
407	843	32	6971.0
321	326	32	7600.0
375	748	32	6477.0
14	589	32	9528.0
584	796	32	9071.0
670	892	32	7443.0
817	953	32	11265.0
385	727	32	12047.0
308	371	32	9535.0
452	866	32	7855.0
21	427	32	3697.0
694	762	32	9851.0
395	911	32	12320.0
115	157	32	1522.0
560	596	32	8846.0
384	567	32	6556.0
757	914	32	10516.0
156	954	32	4887.0
303	758	32	7235.0
292	781	32	10257.0
105	629	32	8160.0
743	904	32	9614.0
228	451	32	5112.0
823	940	32	11006.0
375	583	32	2758.0
303	822	32	10995.0
750	888	32	7734.0
100	931	32	6427.0
755	931	32	5077.0
601	862	32	12339.0
137	733	32	7375.0
159	889	31	7394.0
364	605	31	5063.0
413	605	31	5046.0
336	791	31	6900.0
146	776	31	6809.0
276	985	31	12336.0
86	767	31	7333.0
195	291	31	4062.0
261	366	31	13210.0
141	936	31	4781.0
282	576	31	4592.0
135	611	31	8126.0
309	673	31	9223.0
479	632	31	4990.0
95	366	31	1987.0
154	243	31	13051.0
28	805	31	13119.0
95	501	31	8208.0
386	750	31	8294.0
74	680	31	11536.0
364	879	31	11299.0
209	586	31	4479.0
458	660	31	11758.0
144	932	31	11293.0
574	923	31	8615.0
397	671	31	11170.0
174	853	31	8202.0
237	611	31	3570.0
564	984	31	8411.0
45	602	31	7492.0
586	746	31	8044.0
589	605	31	10737.0
235	917	31	8446.0
89	806	31	8830.0
153	682	31	2517.0
46	205	31	7804.0
39	977	31	4098.0
358	556	31	9397.0
344	402	31	5953.0
6	184	31	11502.0
223	342	31	5805.0
67	575	31	2155.0
34	427	31	6185.0
594	708	31	4872.0
395	956	31	13348.0
262	755	31	3015.0
203	1000	31	5920.0
187	410	31	7298.0
110	791	31	11357.0
159	677	31	7510.0
371	372	31	8302.0
17	121	31	5555.0
121	557	31	6367.0
920	997	31	10560.0
367	631	31	5445.0
362	935	31	12316.0
454	811	31	11966.0
3	338	31	7658.0
264	967	31	1766.0
741	791	31	6902.0
253	490	31	8052.0
104	601	31	6266.0
267	311	31	7823.0
305	987	31	6831.0
45	522	31	8010.0
649	827	31	9475.0
165	189	31	5026.0
515	631	31	5855.0
110	240	31	8793.0
150	563	31	7278.0
182	961	31	10426.0
9	836	31	5523.0
147	421	31	5970.0
393	997	31	10794.0
141	311	31	7388.0
105	722	31	8359.0
224	350	31	9922.0
171	632	31	10998.0
150	751	31	7179.0
254	605	31	10180.0
714	783	31	10536.0
360	367	31	7786.0
787	871	31	11923.0
84	882	31	8443.0
83	364	31	12560.0
232	383	31	9375.0
598	746	31	5396.0
31	725	31	8809.0
173	945	31	8899.0
862	945	31	5601.0
198	555	31	11071.0
171	187	31	10006.0
272	374	31	11597.0
30	57	31	7429.0
80	730	31	12787.0
447	644	31	14666.0
886	948	31	5001.0
72	721	31	9225.0
445	596	31	8876.0
31	756	31	8818.0
414	682	31	8808.0
516	933	31	15013.0
31	571	31	8518.0
449	723	31	8232.0
503	871	31	9508.0
134	436	31	9205.0
582	820	31	5827.0
414	710	31	9614.0
370	495	31	10810.0
173	733	31	11132.0
362	623	31	8246.0
838	856	31	11094.0
436	488	31	7977.0
39	917	31	4517.0
17	991	31	14290.0
134	740	31	3648.0
247	359	31	5635.0
408	994	31	7770.0
332	549	31	10829.0
193	900	31	11069.0
61	358	31	7571.0
61	440	31	7636.0
645	721	31	11307.0
510	740	31	9011.0
665	912	31	7585.0
456	802	31	8714.0
20	588	31	8197.0
221	415	31	10681.0
184	728	31	5098.0
3	285	31	7783.0
225	589	31	5422.0
436	744	31	10980.0
213	548	31	4852.0
356	717	31	6809.0
601	733	31	6546.0
935	984	31	12974.0
82	906	31	7775.0
298	644	31	10423.0
625	749	31	13662.0
765	776	31	1368.0
124	541	31	7400.0
69	88	31	9409.0
213	216	31	4807.0
153	308	31	5208.0
642	862	31	13459.0
376	854	31	9974.0
289	784	31	14119.0
172	263	31	3126.0
961	968	31	12046.0
88	355	31	14271.0
603	752	31	6975.0
590	591	31	4131.0
357	855	31	9090.0
125	430	31	8945.0
756	990	31	12954.0
405	518	31	4071.0
430	498	31	8361.0
51	492	31	7940.0
120	650	31	3708.0
151	384	31	8510.0
906	987	31	7165.0
106	287	31	1487.0
862	948	31	12532.0
498	905	31	9484.0
131	498	31	10555.0
429	684	31	10655.0
125	390	31	9134.0
289	579	31	8450.0
579	856	31	2251.0
592	717	31	1657.0
362	835	31	10871.0
780	849	31	7915.0
364	414	31	13101.0
0	631	31	8201.0
312	370	31	9300.0
97	733	31	6918.0
432	575	31	3003.0
575	627	31	4453.0
402	512	31	6031.0
37	748	31	4260.0
226	998	31	4785.0
926	998	31	8178.0
321	406	31	5612.0
326	406	31	5908.0
833	933	31	13785.0
153	252	31	4139.0
44	748	31	13519.0
88	194	31	14557.0
261	415	31	4858.0
425	654	31	4302.0
556	579	31	10641.0
218	534	30	10644.0
110	430	30	6241.0
39	265	30	13032.0
39	518	30	6916.0
785	981	30	9789.0
490	654	30	8323.0
132	474	30	6021.0
871	882	30	6572.0
559	927	30	15540.0
387	657	30	11017.0
162	206	30	9522.0
161	545	30	8238.0
725	756	30	11741.0
243	455	30	11419.0
622	752	30	5481.0
11	20	30	6221.0
11	270	30	5975.0
151	714	30	8538.0
89	773	30	8536.0
206	838	30	8741.0
572	838	30	8455.0
458	714	30	11901.0
297	310	30	3184.0
118	949	30	7052.0
378	529	30	8141.0
42	397	30	10297.0
308	751	30	7799.0
490	994	30	4771.0
601	964	30	10405.0
229	598	30	1135.0
258	664	30	2424.0
239	564	30	6682.0
239	984	30	12174.0
191	286	30	10211.0
131	905	30	10473.0
158	840	30	4403.0
698	791	30	4500.0
752	999	30	1553.0
326	706	30	5926.0
384	660	30	11585.0
660	854	30	9241.0
360	631	30	6482.0
196	780	30	8742.0
68	729	30	8257.0
194	749	30	13194.0
7	491	30	11246.0
19	777	30	12412.0
31	164	30	6117.0
55	870	30	10534.0
458	981	30	10124.0
137	961	30	7618.0
728	980	30	10038.0
605	879	30	3439.0
798	879	30	10607.0
675	909	30	8836.0
405	850	30	6135.0
618	850	30	11453.0
838	954	30	6012.0
557	617	30	10827.0
114	995	30	7183.0
673	807	30	11875.0
411	533	30	10357.0
623	935	30	8032.0
121	617	30	7906.0
1	457	30	8019.0
189	326	30	9362.0
587	729	30	9836.0
707	883	30	7854.0
804	883	30	6460.0
185	388	30	4008.0
644	773	30	11508.0
76	442	30	8656.0
401	680	30	11181.0
133	272	30	7205.0
594	966	30	16259.0
120	380	30	2985.0
414	473	30	2211.0
445	836	30	4538.0
653	802	30	9358.0
50	623	30	7365.0
87	408	30	7824.0
338	965	30	1336.0
167	894	30	1352.0
724	770	30	8313.0
40	1001	30	2799.0
225	973	30	11382.0
69	194	30	11064.0
214	560	30	11765.0
465	742	30	3169.0
431	882	30	9301.0
301	339	30	14698.0
364	526	30	5543.0
375	998	30	5777.0
822	867	30	2270.0
824	869	30	10798.0
299	620	30	4466.0
494	735	30	4358.0
327	360	30	3625.0
254	413	30	5482.0
83	682	30	8647.0
384	981	30	10031.0
589	973	30	5554.0
370	631	30	13868.0
551	878	30	11526.0
468	760	30	12193.0
551	689	30	10081.0
598	775	30	6425.0
465	811	30	12048.0
660	847	30	6450.0
294	394	30	3543.0
161	822	30	8707.0
841	889	30	8383.0
230	274	30	13433.0
878	943	30	13464.0
294	851	30	2789.0
15	360	30	3064.0
837	1001	30	7475.0
200	307	30	8083.0
590	751	30	7140.0
666	694	30	1817.0
666	883	30	11845.0
429	996	30	10710.0
286	488	30	13913.0
933	988	30	14200.0
526	879	30	3337.0
403	534	30	10644.0
20	888	30	8194.0
132	787	30	8228.0
908	928	30	12534.0
107	974	30	9065.0
456	760	30	5443.0
712	909	30	2510.0
16	726	30	2825.0
616	630	30	10179.0
246	821	30	8766.0
57	584	30	7155.0
370	515	30	7243.0
566	940	30	8865.0
447	478	30	12909.0
11	588	30	6340.0
11	971	30	6211.0
588	971	30	10683.0
14	225	30	5759.0
658	882	30	11285.0
402	818	30	8850.0
514	702	30	12752.0
395	812	30	5921.0
266	483	30	13226.0
217	405	30	10195.0
151	376	30	3950.0
413	754	30	5186.0
136	845	30	8015.0
422	716	30	11269.0
90	595	30	2532.0
709	987	30	8627.0
145	989	30	8980.0
37	746	30	5409.0
780	905	30	11602.0
909	926	30	3431.0
227	294	30	2517.0
227	347	30	3602.0
416	644	30	10868.0
67	694	30	2096.0
642	948	30	11818.0
220	270	30	8370.0
217	518	30	3961.0
581	939	30	4395.0
153	879	30	7872.0
458	783	30	8982.0
467	975	30	12600.0
669	689	30	9234.0
361	382	30	1277.0
319	883	30	11394.0
480	647	30	1872.0
712	840	30	9667.0
410	632	30	9091.0
694	940	30	9496.0
71	384	30	6295.0
339	992	30	11345.0
3	99	30	6856.0
12	328	30	8299.0
347	772	30	12573.0
374	729	30	10517.0
541	844	30	9829.0
225	798	30	5864.0
753	858	30	7732.0
122	535	30	6308.0
620	946	30	5846.0
427	641	30	4907.0
118	445	30	6429.0
572	856	30	10501.0
209	375	30	14123.0
203	539	30	4417.0
558	793	30	12105.0
93	456	30	6011.0
100	613	30	10060.0
613	755	30	11709.0
613	931	30	6400.0
274	545	29	1608.0
79	176	29	10475.0
641	925	29	9796.0
312	515	29	8567.0
184	421	29	6125.0
184	972	29	6351.0
390	905	29	10033.0
493	630	29	10205.0
408	490	29	8337.0
736	985	29	14453.0
134	488	29	5877.0
740	962	29	6186.0
215	903	29	10306.0
338	349	29	10225.0
372	473	29	10035.0
473	590	29	9568.0
229	909	29	6791.0
405	624	29	7032.0
102	262	29	12501.0
13	417	29	9087.0
868	922	29	4657.0
923	986	29	13889.0
500	945	29	8506.0
514	610	29	9898.0
453	460	29	11127.0
52	335	29	4809.0
150	879	29	6771.0
386	588	29	9806.0
382	446	29	11967.0
594	654	29	7012.0
714	847	29	7517.0
148	278	29	5341.0
27	190	29	8962.0
802	942	29	9776.0
169	447	29	7096.0
763	984	29	4348.0
589	682	29	5584.0
583	712	29	6294.0
87	490	29	7927.0
421	537	29	8710.0
40	560	29	5694.0
40	578	29	2262.0
675	786	29	7435.0
235	632	29	4425.0
59	758	29	10798.0
639	954	29	8663.0
4	215	29	12404.0
234	794	29	10880.0
393	941	29	15950.0
44	840	29	10718.0
909	998	29	3306.0
753	987	29	8763.0
54	480	29	5007.0
12	351	29	8427.0
197	361	29	10510.0
187	518	29	8098.0
172	402	29	3442.0
40	837	29	2127.0
157	504	29	6781.0
497	773	29	1481.0
38	518	29	2382.0
780	791	29	4544.0
586	683	29	12174.0
409	819	29	14897.0
819	908	29	12546.0
639	764	29	11595.0
171	410	29	10866.0
235	337	29	8100.0
68	133	29	6610.0
83	526	29	5543.0
32	880	29	4318.0
153	372	29	8018.0
177	767	29	10565.0
15	634	29	8855.0
467	636	29	10004.0
272	729	29	13785.0
298	773	29	8625.0
596	1001	29	6482.0
404	742	29	12817.0
167	861	29	10130.0
196	430	29	10749.0
642	968	29	10798.0
531	608	29	7264.0
526	605	29	10737.0
252	682	29	10872.0
252	710	29	11261.0
35	693	29	6468.0
217	624	29	5896.0
128	393	29	7371.0
285	302	29	9168.0
427	925	29	4710.0
121	204	29	8686.0
720	830	29	10541.0
617	813	29	9119.0
402	924	29	4941.0
407	865	29	10747.0
105	259	29	8176.0
348	661	29	10922.0
115	504	29	1417.0
82	858	29	7690.0
735	946	29	7703.0
568	701	29	12417.0
697	735	29	14243.0
227	656	29	3212.0
103	463	29	6852.0
810	830	29	7423.0
225	413	29	9355.0
238	494	29	4107.0
238	735	29	6396.0
537	720	29	5621.0
378	411	29	9389.0
530	642	29	9699.0
476	662	29	9303.0
80	839	29	11970.0
56	309	29	8587.0
75	808	29	2660.0
657	716	29	11243.0
135	469	29	8203.0
553	656	29	8781.0
338	717	29	1669.0
717	861	29	1591.0
695	903	29	7684.0
526	682	29	5563.0
526	710	29	5641.0
589	710	29	5657.0
24	255	29	6902.0
84	871	29	5818.0
806	825	29	13391.0
457	458	29	12040.0
338	923	29	4463.0
796	957	29	6682.0
449	725	29	12804.0
103	543	29	7090.0
344	924	29	11374.0
222	621	29	9809.0
175	855	29	9459.0
700	977	29	4057.0
145	619	29	9670.0
193	456	29	12300.0
603	999	29	9533.0
521	627	29	14521.0
356	832	29	10261.0
180	531	29	7656.0
252	751	29	2015.0
198	321	29	4404.0
257	478	29	9470.0
375	926	29	5931.0
236	322	29	9216.0
358	784	29	7753.0
458	567	29	7048.0
5	528	29	13449.0
225	879	29	10432.0
189	555	29	2501.0
288	643	29	10988.0
394	656	29	3860.0
140	408	29	4281.0
96	899	29	4475.0
421	980	29	9103.0
24	317	29	7674.0
384	462	29	1445.0
34	359	29	5444.0
50	129	29	1947.0
375	646	29	11449.0
375	909	29	8975.0
302	861	29	2827.0
822	890	29	9739.0
80	952	29	14311.0
108	150	29	6865.0
108	371	29	6743.0
108	590	29	6052.0
189	776	29	3759.0
424	595	29	8666.0
733	862	29	8918.0
207	958	29	10606.0
477	616	29	10448.0
688	736	29	14832.0
132	431	29	7922.0
435	958	29	10606.0
364	754	29	5186.0
186	263	29	5227.0
704	718	29	12311.0
289	954	29	2368.0
419	947	29	6642.0
560	949	29	9277.0
125	905	29	9068.0
838	887	29	11909.0
734	793	29	12765.0
23	885	29	1512.0
245	299	29	10463.0
205	224	29	9336.0
314	813	29	6907.0
300	481	29	11333.0
19	930	29	11021.0
714	981	29	10124.0
436	541	29	6801.0
204	701	29	2398.0
139	958	29	8990.0
243	517	29	12752.0
709	753	29	9045.0
141	650	29	7609.0
345	969	29	8947.0
194	696	29	13279.0
108	798	29	5512.0
324	737	29	9431.0
623	984	29	6839.0
886	945	29	9446.0
764	838	29	2311.0
44	691	29	7070.0
691	786	29	5693.0
347	656	29	10242.0
656	772	29	8561.0
1	783	29	7518.0
625	696	29	14017.0
445	560	29	10055.0
14	83	29	5529.0
225	590	29	3824.0
590	798	29	9017.0
189	706	29	1645.0
85	885	29	10344.0
0	367	29	4175.0
44	158	29	5230.0
576	894	29	8114.0
323	690	29	9498.0
314	568	29	9672.0
220	386	28	8773.0
14	364	28	5668.0
14	413	28	5482.0
14	605	28	9156.0
579	784	28	9812.0
469	688	28	9436.0
275	815	28	13879.0
105	396	28	8437.0
571	756	28	8605.0
99	581	28	8429.0
14	879	28	3098.0
59	274	28	10510.0
253	708	28	8056.0
245	735	28	10235.0
668	746	28	1173.0
442	465	28	11303.0
80	475	28	12568.0
178	380	28	12393.0
1	376	28	1115.0
764	954	28	4911.0
49	576	28	5989.0
97	530	28	8135.0
62	918	28	7924.0
316	467	28	11225.0
856	954	28	4777.0
2	464	28	4757.0
351	436	28	9320.0
351	740	28	1667.0
436	962	28	11090.0
141	178	28	7680.0
178	369	28	10052.0
640	813	28	9119.0
640	857	28	8645.0
557	857	28	6488.0
86	402	28	7675.0
246	904	28	8756.0
44	586	28	12967.0
621	853	28	9998.0
436	550	28	10588.0
368	397	28	9312.0
775	840	28	7986.0
645	666	28	7515.0
561	653	28	8009.0
1	714	28	7544.0
1	785	28	5612.0
54	441	28	4966.0
87	907	28	6937.0
46	983	28	7919.0
141	626	28	7048.0
714	745	28	11922.0
234	609	28	4409.0
299	946	28	6411.0
131	780	28	6855.0
649	677	28	10364.0
505	790	28	6845.0
886	961	28	13057.0
257	447	28	9115.0
86	177	28	7743.0
29	643	28	11593.0
377	518	28	11264.0
57	385	28	7076.0
273	461	28	4770.0
419	524	28	5184.0
379	635	28	8713.0
69	749	28	11018.0
713	876	28	8819.0
121	568	28	3832.0
568	617	28	8376.0
601	968	28	4022.0
214	667	28	16981.0
150	825	28	1828.0
761	801	28	10519.0
601	759	28	2373.0
249	853	28	8901.0
531	938	28	4514.0
247	604	28	8136.0
674	938	28	11213.0
153	798	28	8000.0
628	768	28	10924.0
480	546	28	7902.0
43	877	28	10357.0
89	315	28	6697.0
596	837	28	5079.0
360	606	28	4134.0
97	523	28	12658.0
265	624	28	5750.0
264	342	28	6595.0
539	838	28	6601.0
20	971	28	8132.0
153	473	28	8557.0
527	755	28	9501.0
290	801	28	11192.0
590	879	28	9246.0
10	957	28	8290.0
256	292	28	9573.0
664	842	28	5177.0
51	652	28	8107.0
111	817	28	8584.0
13	993	28	9249.0
361	974	28	3243.0
608	678	28	2585.0
734	760	28	15747.0
172	944	28	6789.0
368	611	28	1367.0
199	496	28	5952.0
28	188	28	1478.0
598	683	28	4744.0
537	830	28	3691.0
425	546	28	4421.0
51	687	28	7940.0
217	235	28	10069.0
845	983	28	9080.0
172	512	28	7095.0
670	995	28	8932.0
11	220	28	6255.0
184	980	28	5963.0
123	646	28	1266.0
344	788	28	11688.0
346	628	28	6210.0
23	843	28	7162.0
30	727	28	9691.0
57	727	28	7071.0
369	626	28	9453.0
784	887	28	8941.0
407	424	28	7533.0
457	745	28	11124.0
458	745	28	10621.0
262	493	28	13573.0
600	875	28	10258.0
148	150	28	1378.0
655	809	28	8240.0
809	993	28	1589.0
521	823	28	11193.0
627	823	28	8351.0
140	546	28	4421.0
225	710	28	11237.0
605	710	28	5255.0
710	754	28	5186.0
97	173	28	2987.0
109	383	28	7732.0
268	562	28	8803.0
449	990	28	13566.0
661	902	28	10878.0
389	540	28	8855.0
629	722	28	13108.0
33	987	28	6737.0
862	968	28	5730.0
263	647	28	4930.0
261	501	28	3927.0
495	513	28	11111.0
632	700	28	4795.0
33	648	28	6840.0
171	518	28	11829.0
339	846	28	13682.0
360	599	28	3574.0
542	672	28	7914.0
819	928	28	12383.0
160	834	28	10408.0
143	777	28	2536.0
417	610	28	1263.0
185	307	28	2919.0
578	596	28	5888.0
344	512	28	11898.0
110	780	28	6863.0
23	85	28	1693.0
231	456	28	10150.0
101	577	28	8541.0
746	786	28	7902.0
827	889	28	8890.0
551	943	28	8962.0
417	993	28	11792.0
386	971	28	11622.0
399	475	28	11041.0
833	988	28	17070.0
225	252	28	12361.0
591	751	28	1841.0
194	355	28	16536.0
291	310	28	3942.0
85	448	28	9986.0
8	348	28	7150.0
96	664	28	4427.0
120	141	28	3043.0
173	523	28	5060.0
297	919	28	4000.0
57	957	28	6695.0
557	813	28	6952.0
654	994	28	7094.0
304	445	28	3190.0
278	497	28	5537.0
51	242	28	8057.0
356	398	28	10137.0
627	940	28	8732.0
454	897	28	11761.0
783	981	28	7982.0
762	940	28	10223.0
503	658	28	10503.0
642	961	28	12619.0
501	690	28	10792.0
450	463	28	7606.0
343	552	28	4197.0
253	907	28	6767.0
607	705	28	12826.0
153	364	28	4483.0
339	870	28	10876.0
870	992	28	10987.0
665	693	28	7141.0
38	700	28	2374.0
125	196	28	7116.0
352	581	28	2116.0
84	787	28	6662.0
606	738	28	10475.0
125	313	28	8948.0
783	854	28	6126.0
317	446	28	10014.0
65	457	28	1455.0
395	457	28	1452.0
484	822	28	9966.0
592	986	28	3965.0
19	346	28	7349.0
456	900	27	11015.0
322	828	27	10612.0
122	547	27	6674.0
164	797	27	5873.0
755	872	27	5757.0
3	581	27	6752.0
412	868	27	6672.0
14	254	27	9762.0
254	879	27	3840.0
609	923	27	3382.0
259	396	27	10918.0
528	559	27	18836.0
153	751	27	5674.0
35	472	27	6614.0
191	550	27	10490.0
191	744	27	11793.0
519	923	27	9598.0
575	823	27	8572.0
85	843	27	4981.0
613	959	27	10176.0
583	786	27	9376.0
494	991	27	1387.0
316	664	27	5597.0
431	787	27	12999.0
37	598	27	5478.0
180	341	27	2727.0
341	817	27	13863.0
413	526	27	5522.0
586	775	27	13430.0
337	850	27	10742.0
481	729	27	10468.0
184	830	27	10637.0
164	723	27	5930.0
192	407	27	2965.0
535	547	27	10213.0
126	928	27	9427.0
213	705	27	4988.0
206	539	27	4085.0
289	539	27	3680.0
530	663	27	11938.0
663	862	27	12243.0
115	606	27	3487.0
417	789	27	10253.0
149	860	27	6809.0
285	349	27	10080.0
347	851	27	2172.0
512	924	27	10795.0
591	605	27	4066.0
591	879	27	8862.0
258	316	27	7792.0
639	838	27	8635.0
104	530	27	6062.0
104	800	27	6186.0
30	957	27	9515.0
23	448	27	2672.0
76	897	27	8820.0
695	902	27	10362.0
92	389	27	7844.0
594	603	27	7029.0
603	708	27	6696.0
519	986	27	10834.0
48	193	27	7421.0
315	806	27	9556.0
43	218	27	10533.0
684	996	27	11459.0
370	508	27	9832.0
19	429	27	4080.0
745	854	27	12968.0
308	563	27	7399.0
572	887	27	10092.0
426	577	27	9186.0
224	845	27	11840.0
530	862	27	9537.0
212	228	27	4426.0
456	561	27	7148.0
474	882	27	10931.0
645	883	27	10780.0
289	556	27	6501.0
668	739	27	9065.0
238	946	27	4263.0
575	762	27	7486.0
47	505	27	6149.0
697	814	27	12872.0
372	879	27	10677.0
255	340	27	10359.0
595	899	27	6459.0
6	810	27	9797.0
354	706	27	10791.0
110	741	27	8869.0
79	645	27	11519.0
83	591	27	12622.0
589	591	27	5548.0
683	774	27	8053.0
44	683	27	12476.0
583	683	27	8721.0
683	746	27	7614.0
182	733	27	10817.0
343	744	27	10858.0
164	756	27	5615.0
234	592	27	3799.0
390	498	27	4350.0
379	412	27	10491.0
112	665	27	3772.0
787	882	27	6936.0
855	1002	27	10020.0
164	452	27	5874.0
667	836	27	13346.0
564	763	27	4281.0
23	865	27	7329.0
948	961	27	5721.0
126	819	27	9214.0
23	842	27	1143.0
96	842	27	4588.0
498	780	27	5881.0
234	861	27	12369.0
282	861	27	9376.0
172	788	27	7248.0
233	780	27	11928.0
333	367	27	9194.0
38	410	27	2381.0
442	539	27	3057.0
416	773	27	10551.0
75	527	27	4338.0
107	869	27	6345.0
137	886	27	7383.0
646	712	27	6561.0
907	994	27	16937.0
414	754	27	4628.0
85	316	27	1219.0
222	249	27	9051.0
200	388	27	4008.0
458	847	27	6227.0
127	655	27	6505.0
639	856	27	7582.0
583	675	27	3456.0
544	638	27	11024.0
623	763	27	3600.0
527	872	27	7999.0
5	927	27	12125.0
494	946	27	2070.0
334	607	27	4482.0
529	533	27	10357.0
737	753	27	8696.0
223	482	27	6101.0
69	625	27	11165.0
472	693	27	9884.0
20	750	27	7502.0
628	777	27	11308.0
182	886	27	10749.0
745	783	27	6513.0
124	844	27	7566.0
95	221	27	8861.0
8	353	27	7722.0
12	550	27	8205.0
519	550	27	5979.0
718	955	27	12660.0
412	693	27	9868.0
364	710	27	10816.0
662	834	27	16091.0
351	488	27	13623.0
449	571	27	8659.0
613	872	27	6337.0
472	635	27	12320.0
530	733	27	3759.0
408	647	27	3347.0
647	994	27	3014.0
129	564	27	1893.0
564	623	27	8246.0
511	996	27	9967.0
705	974	27	8294.0
294	656	27	3068.0
308	372	27	8418.0
733	968	27	12295.0
145	381	27	8744.0
668	748	27	3063.0
691	748	27	3544.0
40	214	27	12875.0
214	596	27	15825.0
154	517	27	11393.0
400	517	27	12446.0
560	837	27	9560.0
521	566	27	8697.0
592	794	27	3642.0
151	847	27	3931.0
141	267	27	6717.0
704	955	27	15417.0
111	678	27	8617.0
637	678	27	12680.0
258	885	27	3920.0
305	737	27	9386.0
204	991	27	8557.0
44	775	27	14227.0
259	722	27	11613.0
289	838	27	8359.0
572	639	27	5303.0
445	667	27	9210.0
403	960	27	12207.0
97	886	27	5145.0
797	866	27	7391.0
569	654	27	1363.0
413	798	27	2994.0
334	869	27	6983.0
81	548	27	5591.0
472	912	27	7861.0
583	597	27	2056.0
575	940	27	7007.0
470	671	27	8784.0
783	847	27	3203.0
267	626	27	6239.0
387	976	27	11244.0
285	986	27	2931.0
677	827	27	10139.0
269	441	27	9257.0
146	354	27	6406.0
253	966	27	1658.0
4	8	27	7440.0
333	513	27	9543.0
304	836	27	11953.0
799	913	27	9160.0
395	981	27	1036.0
169	806	27	7240.0
252	371	27	1555.0
720	728	27	3334.0
81	934	27	7697.0
213	934	27	5380.0
374	831	27	8396.0
508	631	27	10500.0
709	858	27	10044.0
186	713	27	8913.0
18	347	27	10255.0
233	390	27	11221.0
194	625	27	16355.0
144	236	27	9862.0
79	883	27	7442.0
486	549	27	9119.0
578	949	27	8557.0
547	715	27	12143.0
578	837	27	12639.0
257	416	27	6493.0
199	676	27	7143.0
254	526	26	10706.0
263	480	26	9878.0
778	805	26	14594.0
0	513	26	8424.0
681	936	26	11452.0
431	503	26	10240.0
149	211	26	6701.0
185	213	26	4463.0
162	639	26	4722.0
206	639	26	5440.0
190	731	26	15550.0
663	948	26	12493.0
835	984	26	7628.0
24	340	26	7003.0
120	267	26	3578.0
828	932	26	12850.0
375	786	26	6474.0
158	874	26	6889.0
332	921	26	9515.0
762	823	26	10596.0
347	394	26	3687.0
122	715	26	6586.0
698	849	26	6752.0
419	816	26	4088.0
27	864	26	9099.0
285	581	26	9775.0
316	363	26	5797.0
346	684	26	10799.0
468	734	26	13484.0
500	961	26	10382.0
531	637	26	10180.0
608	637	26	4021.0
195	919	26	3148.0
5	699	26	11166.0
22	312	26	6798.0
416	478	26	6455.0
37	583	26	5603.0
37	712	26	5486.0
44	774	26	12848.0
642	964	26	9918.0
306	513	26	4369.0
443	901	26	9113.0
96	467	26	4415.0
591	710	26	11241.0
545	570	26	3420.0
159	841	26	7869.0
311	681	26	4333.0
540	815	26	10019.0
795	804	26	11947.0
490	603	26	6590.0
324	648	26	7875.0
211	766	26	8696.0
29	199	26	6563.0
221	501	26	10535.0
689	943	26	9301.0
19	768	26	11938.0
223	428	26	5592.0
70	175	26	4852.0
145	719	26	10104.0
467	885	26	9401.0
137	862	26	4535.0
548	705	26	10958.0
369	380	26	9812.0
4	353	26	14495.0
303	867	26	8029.0
98	483	26	6842.0
3	282	26	2784.0
3	352	26	2337.0
24	446	26	6887.0
4	903	26	12048.0
204	557	26	6572.0
70	337	26	8973.0
357	863	26	9594.0
316	448	26	2307.0
76	465	26	8899.0
234	352	26	2278.0
50	763	26	2733.0
316	865	26	10646.0
56	807	26	8255.0
42	183	26	10523.0
166	462	26	11475.0
945	961	26	9513.0
171	881	26	7152.0
488	550	26	16348.0
300	831	26	8396.0
16	970	26	8603.0
99	234	26	1719.0
99	592	26	8976.0
222	853	26	10265.0
260	383	26	7815.0
858	906	26	9672.0
60	67	26	1337.0
67	432	26	2130.0
119	988	26	15915.0
235	410	26	6135.0
727	796	26	7735.0
511	768	26	13121.0
811	897	26	15659.0
53	482	26	3777.0
151	785	26	7913.0
13	434	26	8907.0
564	935	26	11931.0
303	484	26	9596.0
548	607	26	13166.0
423	838	26	1939.0
98	438	26	6948.0
518	700	26	4155.0
518	881	26	5438.0
328	488	26	9236.0
200	685	26	8120.0
424	664	26	5581.0
614	662	26	13132.0
274	570	26	15767.0
170	775	26	5597.0
70	217	26	3249.0
1	384	26	6472.0
682	973	26	10723.0
646	748	26	7055.0
369	936	26	10802.0
599	634	26	9673.0
182	945	26	8580.0
345	641	26	10651.0
81	216	26	7389.0
33	737	26	8194.0
239	623	26	5342.0
162	579	26	989.0
34	925	26	2949.0
465	569	26	2163.0
414	589	26	5422.0
881	977	26	5311.0
265	850	26	4869.0
175	863	26	9220.0
88	820	26	3089.0
571	990	26	8811.0
253	594	26	4564.0
195	310	26	5790.0
363	595	26	6201.0
214	445	26	10411.0
72	319	26	9332.0
642	759	26	6482.0
147	980	26	6017.0
314	640	26	7291.0
729	831	26	8396.0
82	987	26	8849.0
862	886	26	7078.0
379	868	26	6694.0
664	865	26	5023.0
391	934	26	2020.0
268	807	26	10995.0
10	30	26	8713.0
733	961	26	13637.0
566	694	26	7068.0
116	531	26	3144.0
440	579	26	9107.0
173	500	26	10130.0
41	352	26	3588.0
16	290	26	8158.0
620	818	26	2402.0
945	968	26	9268.0
97	968	26	4380.0
176	707	26	10142.0
583	586	26	9319.0
7	453	26	11040.0
315	773	26	7047.0
345	427	26	3787.0
93	561	26	7080.0
740	844	26	7746.0
658	787	26	12999.0
138	603	26	3604.0
376	384	26	6579.0
384	847	26	6494.0
199	244	26	11837.0
607	771	26	15217.0
235	518	26	9647.0
108	308	26	6721.0
89	478	26	6520.0
471	634	26	9389.0
812	876	26	11416.0
125	233	26	8685.0
47	582	26	6163.0
423	745	26	1480.0
437	559	26	11623.0
669	943	26	13545.0
107	548	26	8856.0
277	787	26	8024.0
423	525	26	12639.0
119	820	26	16559.0
188	401	26	11027.0
253	425	26	1804.0
569	742	26	12361.0
432	762	26	3004.0
739	774	26	1024.0
200	877	26	4916.0
199	288	26	10572.0
49	894	26	5678.0
343	510	26	4788.0
118	837	26	7219.0
39	779	26	11408.0
355	749	26	13641.0
225	591	26	12778.0
542	995	26	8015.0
203	572	26	2007.0
192	316	26	5179.0
192	595	26	4958.0
269	480	26	9190.0
441	480	26	14079.0
309	562	26	10299.0
846	870	26	10300.0
251	325	26	7523.0
708	966	26	2070.0
153	973	26	6442.0
364	973	26	16309.0
120	311	26	3754.0
151	981	26	8653.0
488	744	26	15088.0
420	629	26	10216.0
175	651	26	10096.0
484	545	26	11330.0
120	681	26	3693.0
37	375	26	2261.0
37	775	26	5115.0
83	973	26	12977.0
238	620	26	6118.0
338	986	26	3238.0
28	873	26	12606.0
778	873	26	13677.0
31	449	26	8742.0
293	932	26	8926.0
240	791	26	6845.0
726	915	26	10146.0
404	573	26	11398.0
727	957	26	12033.0
438	910	26	8830.0
384	726	26	1360.0
12	134	26	1652.0
112	635	26	3837.0
238	697	26	6510.0
283	688	26	9692.0
221	366	26	3858.0
748	774	26	12292.0
71	854	26	8123.0
570	758	26	12239.0
220	971	25	8762.0
17	640	25	6326.0
737	858	25	10332.0
172	441	25	3335.0
97	663	25	11120.0
497	536	25	3722.0
597	691	25	8192.0
589	879	25	3837.0
641	969	25	8204.0
925	969	25	9064.0
827	841	25	8225.0
855	863	25	9953.0
217	850	25	5014.0
114	670	25	7087.0
362	763	25	3659.0
301	846	25	13656.0
453	891	25	15547.0
107	197	25	1731.0
104	964	25	6306.0
324	987	25	7666.0
353	695	25	9707.0
311	936	25	3799.0
2	443	25	3623.0
309	807	25	12788.0
1	660	25	7421.0
376	660	25	6326.0
376	745	25	9948.0
498	698	25	4815.0
588	888	25	9665.0
493	613	25	5167.0
569	889	25	1479.0
735	818	25	2333.0
12	191	25	8139.0
297	411	25	3620.0
265	405	25	10052.0
405	779	25	11264.0
170	586	25	4716.0
104	862	25	5580.0
157	904	25	6635.0
720	810	25	8923.0
14	252	25	5556.0
14	526	25	9646.0
14	754	25	9257.0
525	1000	25	12480.0
70	779	25	4024.0
898	999	25	2887.0
215	348	25	8668.0
570	867	25	14785.0
607	974	25	10498.0
40	466	25	8886.0
129	763	25	1914.0
214	836	25	11638.0
167	592	25	3796.0
53	342	25	3803.0
162	838	25	8021.0
36	404	25	8296.0
404	569	25	11800.0
591	973	25	16262.0
148	603	25	2829.0
278	603	25	3189.0
496	676	25	10639.0
315	416	25	6698.0
29	676	25	11089.0
308	590	25	6956.0
503	882	25	7417.0
726	876	25	2079.0
79	804	25	10991.0
336	741	25	12155.0
17	617	25	9859.0
689	733	25	1509.0
151	458	25	8551.0
173	948	25	2791.0
523	601	25	12220.0
523	948	25	12277.0
803	913	25	2631.0
450	638	25	7362.0
165	765	25	4980.0
43	534	25	10352.0
136	205	25	8014.0
118	1001	25	6921.0
150	364	25	1530.0
150	591	25	1007.0
288	676	25	11467.0
563	879	25	6462.0
683	712	25	5761.0
949	1001	25	8936.0
603	907	25	9074.0
212	365	25	5632.0
475	952	25	12343.0
683	775	25	13437.0
120	178	25	3643.0
352	794	25	1402.0
289	440	25	6577.0
430	791	25	4471.0
441	647	25	4893.0
532	602	25	9534.0
170	691	25	7240.0
307	532	25	2011.0
225	364	25	12076.0
241	810	25	8313.0
210	742	25	10879.0
492	687	25	12059.0
83	414	25	12725.0
284	655	25	8439.0
448	636	25	10369.0
0	333	25	5962.0
1	745	25	5479.0
410	881	25	4562.0
567	714	25	8483.0
456	653	25	10313.0
637	953	25	13190.0
35	912	25	3868.0
88	749	25	12974.0
753	906	25	7763.0
761	970	25	10406.0
248	415	25	3322.0
640	991	25	9318.0
106	461	25	1517.0
260	373	25	7946.0
262	630	25	10362.0
242	492	25	8745.0
93	852	25	6930.0
573	811	25	2852.0
573	897	25	3635.0
276	688	25	10162.0
672	892	25	7445.0
285	923	25	4169.0
76	811	25	8941.0
49	600	25	5350.0
343	962	25	13081.0
22	508	25	3576.0
198	776	25	13809.0
653	852	25	10744.0
416	447	25	9959.0
252	798	25	6733.0
763	935	25	4230.0
202	568	25	7942.0
316	843	25	6833.0
54	546	25	4779.0
54	812	25	3261.0
546	812	25	4332.0
42	470	25	11038.0
298	569	25	2055.0
258	843	25	9588.0
333	495	25	7904.0
600	951	25	7552.0
167	794	25	10806.0
751	798	25	6766.0
546	966	25	4474.0
99	861	25	1696.0
764	785	25	1475.0
274	890	25	1104.0
167	478	25	1298.0
345	509	25	11598.0
509	925	25	11982.0
333	631	25	7210.0
275	389	25	10927.0
275	540	25	11786.0
221	690	25	9578.0
36	742	25	7776.0
120	626	25	3796.0
241	537	25	5053.0
369	681	25	10536.0
35	379	25	6612.0
35	868	25	6421.0
137	182	25	8078.0
173	182	25	12060.0
299	929	25	3925.0
71	457	25	7620.0
51	963	25	7974.0
773	806	25	8798.0
101	426	25	8869.0
150	798	25	5913.0
290	761	25	10236.0
586	739	25	5482.0
432	940	25	3095.0
201	715	25	12216.0
113	923	25	11303.0
71	458	25	6017.0
71	956	25	1379.0
265	977	25	4744.0
112	472	25	3840.0
366	501	25	4410.0
326	776	25	8108.0
139	244	25	8923.0
397	470	25	8692.0
111	180	25	2658.0
576	592	25	1677.0
576	861	25	2416.0
341	637	25	11499.0
48	231	25	7169.0
654	907	25	9442.0
800	886	25	1986.0
87	594	25	4712.0
511	684	25	8043.0
270	750	25	9170.0
349	352	25	2337.0
138	769	25	3998.0
254	364	25	5555.0
235	265	25	13135.0
116	180	25	6335.0
78	512	25	10468.0
525	639	25	7943.0
666	707	25	3928.0
7	891	25	11131.0
82	648	25	8424.0
433	681	25	5169.0
424	970	25	4493.0
274	867	25	14390.0
209	748	25	8070.0
396	722	25	11753.0
240	336	25	11638.0
414	605	25	5063.0
78	944	25	9991.0
260	487	25	8472.0
312	367	25	8479.0
170	683	25	7695.0
683	748	25	8742.0
175	357	25	9408.0
343	541	25	9845.0
510	541	25	11201.0
628	918	25	1650.0
391	770	25	8448.0
196	849	25	11667.0
395	423	25	1407.0
452	725	25	10250.0
263	546	25	6851.0
375	774	25	7119.0
566	762	25	7640.0
60	521	25	8857.0
329	975	25	11177.0
693	922	25	7908.0
108	751	25	6840.0
742	897	25	1875.0
620	653	25	3015.0
442	811	25	11418.0
131	849	25	11507.0
430	849	25	10271.0
230	303	25	7862.0
84	132	25	5437.0
319	795	25	4909.0
135	485	25	7846.0
88	625	25	14679.0
65	660	25	1344.0
395	660	25	1344.0
457	660	25	12860.0
92	507	25	7782.0
122	747	25	6914.0
535	747	25	9165.0
645	707	25	10052.0
737	987	25	8295.0
279	319	25	12203.0
418	554	25	7482.0
279	804	24	3973.0
167	965	24	9984.0
332	392	24	12571.0
121	991	24	8071.0
366	415	24	5381.0
78	172	24	6858.0
305	753	24	7379.0
254	682	24	5587.0
682	879	24	9178.0
1	458	24	6873.0
353	903	24	11969.0
745	764	24	1479.0
163	323	24	8024.0
287	494	24	4643.0
346	768	24	8639.0
254	790	24	2433.0
567	783	24	11632.0
599	738	24	11076.0
376	458	24	5349.0
954	1000	24	7198.0
748	909	24	3768.0
381	989	24	9096.0
261	690	24	2141.0
235	405	24	10987.0
235	779	24	11215.0
60	593	24	5963.0
785	847	24	11394.0
156	206	24	1515.0
348	502	24	8826.0
407	448	24	2456.0
580	873	24	10386.0
99	717	24	1663.0
254	589	24	13208.0
384	457	24	12474.0
363	970	24	1656.0
568	991	24	17291.0
779	917	24	4682.0
104	948	24	5485.0
17	568	24	12511.0
539	887	24	6614.0
443	504	24	1944.0
303	890	24	9634.0
83	605	24	5063.0
197	771	24	6690.0
116	608	24	6271.0
116	674	24	6357.0
0	515	24	4428.0
257	644	24	8339.0
330	533	24	9095.0
610	702	24	10079.0
759	945	24	8058.0
885	975	24	11583.0
137	945	24	7537.0
582	790	24	7848.0
191	343	24	6452.0
14	591	24	5559.0
763	979	24	2904.0
15	606	24	8655.0
302	352	24	2267.0
338	352	24	2315.0
17	204	24	6060.0
11	750	24	6475.0
495	515	24	6585.0
259	420	24	9531.0
379	472	24	9182.0
111	341	24	8610.0
574	986	24	9802.0
110	233	24	7323.0
151	854	24	6258.0
467	899	24	6560.0
715	747	24	10624.0
133	831	24	7307.0
267	936	24	4062.0
215	353	24	11953.0
186	726	24	8148.0
186	956	24	9573.0
229	840	24	1321.0
570	890	24	2988.0
648	709	24	9015.0
352	609	24	2181.0
609	794	24	4285.0
313	780	24	10289.0
313	791	24	4474.0
217	265	24	10028.0
184	810	24	10376.0
377	410	24	9658.0
138	622	24	3491.0
143	996	24	2492.0
82	709	24	8915.0
333	370	24	8432.0
651	863	24	12674.0
160	476	24	9241.0
83	254	24	5517.0
254	414	24	5596.0
92	275	24	7701.0
775	786	24	13034.0
147	972	24	5992.0
661	903	24	8061.0
102	493	24	13081.0
52	514	24	1130.0
337	405	24	3546.0
164	990	24	5890.0
256	799	24	8550.0
534	960	24	10736.0
313	905	24	9938.0
67	762	24	2074.0
304	667	24	11902.0
665	868	24	3682.0
188	778	24	2134.0
14	710	24	5656.0
159	742	24	1136.0
150	372	24	7240.0
301	870	24	10876.0
410	700	24	3265.0
467	664	24	5597.0
559	699	24	11881.0
532	685	24	15908.0
233	430	24	12927.0
561	852	24	7841.0
263	876	24	3842.0
256	913	24	12405.0
814	946	24	7703.0
449	797	24	10389.0
874	998	24	9817.0
941	997	24	10828.0
282	338	24	3335.0
277	431	24	10052.0
3	717	24	1664.0
3	861	24	2702.0
214	837	24	8490.0
462	956	24	1383.0
524	880	24	6361.0
109	260	24	8009.0
281	732	24	7859.0
364	589	24	5424.0
379	922	24	5309.0
375	675	24	14794.0
675	712	24	5620.0
675	748	24	6754.0
400	455	24	11419.0
270	971	24	11925.0
118	214	24	5770.0
441	876	24	4041.0
789	993	24	10077.0
277	503	24	7907.0
102	755	24	3571.0
460	891	24	11171.0
136	350	24	8330.0
350	845	24	9243.0
229	774	24	1856.0
90	363	24	2575.0
171	479	24	5052.0
103	544	24	6535.0
2	901	24	4879.0
814	929	24	4428.0
243	803	24	14021.0
95	415	24	8638.0
22	513	24	5675.0
247	427	24	4657.0
321	765	24	5612.0
36	298	24	2013.0
259	629	24	11382.0
225	254	24	5518.0
688	985	24	11759.0
689	878	24	10544.0
390	791	24	4483.0
330	411	24	9846.0
612	614	24	12874.0
25	391	24	6453.0
258	407	24	8101.0
50	935	24	9537.0
67	940	24	2134.0
628	996	24	5978.0
941	971	24	3339.0
491	891	24	11405.0
343	550	24	10075.0
72	707	24	2420.0
372	591	24	3969.0
100	872	24	7043.0
180	674	24	10960.0
315	478	24	13614.0
146	422	24	6281.0
146	657	24	6292.0
338	576	24	1504.0
492	652	24	10731.0
108	372	24	6869.0
108	879	24	6475.0
561	802	24	8015.0
481	831	24	8396.0
62	429	24	7927.0
62	930	24	1220.0
849	905	24	11244.0
767	818	24	13716.0
265	410	24	3961.0
52	318	24	4802.0
349	592	24	10309.0
52	325	24	4959.0
447	825	24	16310.0
773	825	24	13129.0
124	510	24	7421.0
408	966	24	4929.0
127	284	24	7796.0
485	611	24	15604.0
91	299	24	1298.0
143	365	24	3922.0
159	569	24	1118.0
257	773	24	6841.0
19	684	24	4968.0
226	874	24	4887.0
44	668	24	6711.0
583	668	24	2650.0
445	949	24	8243.0
415	501	24	10520.0
1	151	24	5302.0
503	787	24	10450.0
633	755	24	9665.0
327	370	24	6646.0
118	596	24	4929.0
159	404	24	1101.0
97	500	24	2471.0
97	945	24	3605.0
500	886	24	10708.0
196	698	24	7692.0
425	603	24	4326.0
726	745	24	1413.0
407	885	24	1318.0
269	546	24	7610.0
98	910	24	6631.0
107	361	24	1690.0
61	289	24	6133.0
218	403	24	13509.0
774	786	24	12851.0
310	919	24	3241.0
252	308	24	1621.0
44	597	24	5816.0
405	917	24	5287.0
96	865	24	4245.0
65	915	24	11400.0
318	325	24	10916.0
609	965	24	2560.0
603	994	24	7115.0
133	374	24	7062.0
167	352	24	2278.0
100	808	24	10661.0
38	479	24	2482.0
767	829	24	9984.0
18	896	24	10032.0
215	902	24	13501.0
203	206	24	2455.0
235	850	24	8442.0
89	298	24	8650.0
541	550	24	5571.0
10	459	24	9764.0
725	797	24	9195.0
141	681	24	3937.0
538	937	24	9603.0
360	508	24	5261.0
85	975	24	10448.0
478	825	24	12377.0
115	821	24	1486.0
393	920	24	14616.0
96	258	23	1736.0
557	640	23	7332.0
158	646	23	9050.0
676	967	23	11344.0
421	728	23	8301.0
539	572	23	3819.0
291	529	23	4355.0
143	930	23	2463.0
158	926	23	3357.0
745	847	23	10063.0
521	762	23	9626.0
83	710	23	8914.0
523	733	23	8502.0
516	988	23	16318.0
22	367	23	6907.0
595	842	23	1500.0
3	349	23	7615.0
323	489	23	8456.0
333	515	23	8713.0
597	739	23	10862.0
342	482	23	7432.0
650	936	23	5049.0
761	916	23	10499.0
916	970	23	13166.0
70	265	23	3059.0
500	733	23	13880.0
285	794	23	3096.0
116	938	23	6087.0
346	918	23	9651.0
742	811	23	1108.0
902	903	23	10969.0
169	478	23	7230.0
626	936	23	7080.0
87	140	23	1198.0
140	490	23	1249.0
510	859	23	4862.0
563	590	23	6566.0
784	856	23	8259.0
147	728	23	5958.0
19	143	23	2485.0
329	636	23	11977.0
93	802	23	7080.0
545	822	23	10179.0
26	529	23	6900.0
112	693	23	3872.0
99	349	23	8732.0
578	1001	23	7584.0
225	371	23	1087.0
225	751	23	1525.0
426	937	23	9680.0
13	789	23	8875.0
165	326	23	5054.0
601	663	23	14048.0
663	759	23	2269.0
71	745	23	8086.0
184	537	23	7401.0
22	306	23	1806.0
209	775	23	5273.0
440	556	23	9230.0
39	70	23	3618.0
387	422	23	8742.0
488	541	23	3628.0
314	617	23	10871.0
304	466	23	6010.0
633	808	23	8874.0
346	429	23	10599.0
674	953	23	7692.0
360	515	23	7901.0
225	526	23	5543.0
521	940	23	11107.0
124	962	23	2321.0
232	260	23	8100.0
217	977	23	1163.0
617	640	23	10296.0
41	717	23	3520.0
444	845	23	10008.0
52	809	23	1042.0
256	781	23	10467.0
351	541	23	4551.0
284	514	23	9216.0
651	1002	23	11142.0
567	745	23	5526.0
204	857	23	8645.0
158	774	23	4901.0
119	516	23	15134.0
197	340	23	1593.0
203	856	23	4607.0
162	954	23	2043.0
206	954	23	2761.0
468	558	23	11572.0
434	655	23	11799.0
691	746	23	1645.0
188	805	23	1805.0
720	980	23	4169.0
205	350	23	9746.0
352	861	23	2242.0
457	785	23	11549.0
457	854	23	10345.0
272	587	23	10856.0
178	626	23	9452.0
655	789	23	9012.0
918	930	23	1710.0
930	996	23	5980.0
712	775	23	7209.0
22	515	23	6638.0
508	515	23	4955.0
413	589	23	5423.0
323	366	23	11434.0
494	568	23	1455.0
372	973	23	5390.0
467	843	23	10328.0
158	675	23	10216.0
123	998	23	2324.0
384	783	23	8477.0
185	200	23	6811.0
95	690	23	8348.0
169	298	23	6844.0
99	338	23	8971.0
387	716	23	11604.0
235	977	23	6237.0
210	442	23	3008.0
744	962	23	10643.0
364	590	23	4678.0
429	918	23	9080.0
9	596	23	9853.0
502	903	23	10975.0
35	112	23	2758.0
156	639	23	5012.0
364	473	23	6732.0
47	790	23	6053.0
282	478	23	1298.0
448	975	23	11002.0
35	412	23	6486.0
65	812	23	2066.0
480	876	23	1569.0
733	878	23	1499.0
146	706	23	6215.0
196	233	23	12467.0
6	241	23	10773.0
94	418	23	6425.0
613	808	23	12769.0
155	456	23	2057.0
920	941	23	17237.0
188	580	23	3486.0
329	467	23	9246.0
441	812	23	9428.0
203	462	23	1970.0
821	904	23	8821.0
399	764	23	3686.0
89	169	23	4908.0
143	346	23	2557.0
182	500	23	10172.0
317	382	23	9059.0
675	840	23	6811.0
263	713	23	3050.0
713	812	23	8801.0
92	540	23	7270.0
571	725	23	8732.0
233	905	23	15307.0
572	579	23	1132.0
774	840	23	10942.0
873	950	23	13136.0
588	750	23	9203.0
546	907	23	4527.0
939	986	23	11068.0
295	443	23	4728.0
110	498	23	1282.0
319	707	23	4289.0
664	899	23	5760.0
755	808	23	9846.0
158	998	23	3279.0
463	543	23	8294.0
543	544	23	9773.0
379	693	23	7275.0
41	832	23	3283.0
530	886	23	1977.0
530	961	23	2698.0
800	961	23	2709.0
58	996	23	1827.0
60	762	23	8544.0
39	337	23	3882.0
278	999	23	4788.0
379	912	23	4623.0
678	953	23	11567.0
343	740	23	5929.0
343	844	23	3207.0
205	845	23	9089.0
241	421	23	3802.0
436	552	23	1254.0
291	411	23	3998.0
11	888	23	6287.0
613	616	23	1928.0
777	996	23	7409.0
46	350	23	8123.0
77	799	23	10821.0
258	975	23	7120.0
407	595	23	3831.0
683	691	23	9075.0
72	279	23	9777.0
636	975	23	11441.0
127	702	23	8751.0
230	758	23	11915.0
78	344	23	10269.0
4	348	23	9479.0
432	694	23	3019.0
70	917	23	8776.0
87	253	23	7949.0
253	654	23	8027.0
245	946	23	7703.0
164	725	23	5826.0
360	370	23	7729.0
424	899	23	10340.0
375	874	23	9201.0
590	973	23	7827.0
610	809	23	9863.0
788	924	23	10628.0
836	949	23	2285.0
628	684	23	4090.0
115	904	23	1507.0
62	768	23	3468.0
79	279	22	5007.0
777	918	22	3059.0
663	968	22	3923.0
427	969	22	3296.0
146	198	22	6248.0
164	866	22	5480.0
636	885	22	12041.0
581	592	22	11394.0
754	879	22	3337.0
423	847	22	1502.0
535	715	22	11150.0
258	424	22	2391.0
384	915	22	1092.0
462	954	22	3248.0
89	825	22	9918.0
459	584	22	10548.0
165	321	22	5119.0
72	883	22	8631.0
338	794	22	3146.0
794	965	22	9737.0
137	523	22	4594.0
441	546	22	7371.0
516	820	22	15725.0
367	495	22	6196.0
385	459	22	10811.0
381	619	22	12001.0
584	957	22	9538.0
686	957	22	8388.0
603	966	22	4275.0
597	668	22	9736.0
255	317	22	10176.0
40	949	22	3655.0
708	994	22	4950.0
576	965	22	3138.0
279	645	22	8358.0
846	992	22	10614.0
110	698	22	6947.0
4	502	22	14923.0
96	595	22	1314.0
131	698	22	4877.0
635	922	22	8859.0
663	800	22	11836.0
214	578	22	9435.0
257	315	22	9315.0
315	447	22	13298.0
12	488	22	7940.0
726	911	22	10307.0
648	753	22	8264.0
7	893	22	12365.0
792	941	22	11507.0
248	323	22	9544.0
308	798	22	6421.0
195	529	22	3764.0
353	902	22	14209.0
165	198	22	2074.0
805	873	22	13696.0
843	975	22	8073.0
842	899	22	5200.0
638	924	22	7519.0
46	845	22	7794.0
443	703	22	4563.0
9	118	22	6555.0
359	427	22	3936.0
349	609	22	9850.0
349	794	22	2939.0
768	777	22	13950.0
225	414	22	9464.0
212	451	22	7698.0
485	736	22	6087.0
100	633	22	9747.0
663	733	22	6447.0
302	349	22	8781.0
9	1001	22	8921.0
156	764	22	1748.0
79	721	22	7635.0
72	79	22	1953.0
481	587	22	10355.0
296	323	22	9578.0
296	501	22	10805.0
55	301	22	11624.0
510	962	22	3972.0
52	655	22	1104.0
113	581	22	8256.0
48	900	22	7336.0
550	574	22	6029.0
408	425	22	5082.0
649	742	22	1457.0
742	827	22	1570.0
764	887	22	2765.0
412	912	22	6869.0
127	809	22	8144.0
102	613	22	4525.0
410	479	22	3121.0
748	874	22	1118.0
637	938	22	1347.0
65	423	22	1410.0
91	238	22	1315.0
223	264	22	6023.0
887	954	22	6496.0
334	548	22	5095.0
112	412	22	3529.0
438	483	22	8877.0
509	641	22	10697.0
118	578	22	7104.0
476	834	22	9512.0
406	776	22	1262.0
417	434	22	11111.0
285	717	22	1669.0
462	726	22	1372.0
117	754	22	4374.0
117	414	22	7953.0
323	415	22	12574.0
193	760	22	3416.0
646	786	22	7624.0
255	361	22	1143.0
167	349	22	3178.0
90	192	22	2523.0
231	734	22	1962.0
456	734	22	3577.0
719	982	22	15040.0
261	323	22	11062.0
621	859	22	11348.0
794	861	22	8924.0
178	194	22	1754.0
383	487	22	9876.0
364	751	22	2363.0
152	392	22	12625.0
375	586	22	2921.0
519	939	22	12297.0
548	715	22	3201.0
529	919	22	5139.0
136	444	22	7376.0
423	458	22	1518.0
458	462	22	1453.0
650	681	22	4969.0
456	558	22	1818.0
853	859	22	10199.0
431	871	22	12329.0
493	755	22	4179.0
62	777	22	2734.0
281	554	22	7136.0
705	771	22	12970.0
59	230	22	10704.0
303	570	22	8684.0
360	738	22	6069.0
146	555	22	6286.0
668	786	22	5242.0
113	592	22	1917.0
172	713	22	8813.0
298	478	22	8217.0
99	302	22	8027.0
455	517	22	10846.0
466	596	22	11689.0
326	555	22	6867.0
556	784	22	7605.0
488	962	22	7866.0
116	637	22	1569.0
85	329	22	9833.0
26	411	22	6835.0
41	356	22	3295.0
642	663	22	11159.0
375	840	22	6598.0
234	478	22	1298.0
302	478	22	1320.0
411	529	22	15548.0
521	575	22	7209.0
521	694	22	9713.0
171	377	22	13436.0
795	883	22	7567.0
236	932	22	10166.0
37	675	22	2999.0
375	746	22	2608.0
774	874	22	1718.0
37	786	22	4891.0
191	328	22	9659.0
373	383	22	9539.0
199	435	22	8776.0
107	824	22	8043.0
455	803	22	11264.0
159	573	22	1097.0
282	894	22	1362.0
574	939	22	11305.0
416	806	22	9378.0
589	790	22	4973.0
265	917	22	4026.0
843	865	22	8209.0
147	241	22	2186.0
147	184	22	4574.0
62	628	22	1165.0
171	235	22	6414.0
613	630	22	1283.0
9	40	22	7139.0
296	690	22	9614.0
108	939	22	3654.0
748	775	22	10934.0
143	228	22	3834.0
234	717	22	1675.0
484	570	22	3261.0
278	536	22	3095.0
192	467	22	1259.0
310	529	22	3852.0
602	884	22	10133.0
654	708	22	8843.0
739	748	22	2581.0
216	934	22	8868.0
200	532	22	5308.0
582	833	22	5630.0
298	404	22	1801.0
316	975	22	4382.0
407	975	22	4532.0
59	303	22	6655.0
162	203	22	1711.0
180	678	22	3082.0
665	922	22	8107.0
232	487	22	11855.0
473	973	22	7123.0
187	235	22	2587.0
139	207	22	8789.0
83	225	22	8746.0
174	859	22	8134.0
305	648	22	7048.0
473	879	22	10094.0
537	728	22	7795.0
499	791	22	6389.0
798	973	22	8564.0
758	867	22	11758.0
134	191	22	5851.0
663	886	21	4687.0
760	848	21	4162.0
478	609	21	1276.0
45	685	21	8257.0
663	964	21	10405.0
472	665	21	8764.0
219	228	21	4346.0
477	613	21	3565.0
550	962	21	10079.0
432	823	21	3004.0
65	525	21	1444.0
158	775	21	1428.0
433	936	21	5264.0
138	752	21	3573.0
270	588	21	10621.0
654	966	21	4256.0
593	823	21	7514.0
343	351	21	9197.0
601	961	21	5590.0
170	786	21	3188.0
566	593	21	8319.0
16	761	21	8442.0
44	375	21	7217.0
44	712	21	9526.0
83	252	21	9524.0
83	754	21	5186.0
457	981	21	10055.0
171	265	21	3610.0
35	922	21	4621.0
429	511	21	7260.0
429	628	21	3208.0
252	879	21	9817.0
44	170	21	4447.0
44	739	21	5780.0
282	794	21	10299.0
862	961	21	7959.0
847	981	21	5403.0
96	363	21	1155.0
214	466	21	11638.0
466	560	21	8614.0
466	578	21	6095.0
466	836	21	6974.0
299	814	21	6884.0
212	219	21	3489.0
328	343	21	4062.0
166	423	21	11547.0
281	418	21	7155.0
329	448	21	9700.0
159	827	21	8319.0
227	553	21	2438.0
197	705	21	7923.0
78	402	21	4798.0
683	840	21	6560.0
500	759	21	7758.0
418	732	21	7547.0
349	581	21	8818.0
70	651	21	5131.0
491	893	21	12078.0
36	573	21	8052.0
44	209	21	8229.0
86	829	21	6884.0
402	829	21	11155.0
9	466	21	10043.0
360	634	21	3896.0
606	634	21	10147.0
545	890	21	12602.0
38	977	21	2422.0
182	968	21	10593.0
146	326	21	2300.0
154	803	21	12390.0
9	214	21	11117.0
204	813	21	8631.0
448	467	21	10651.0
429	777	21	4858.0
115	743	21	1502.0
426	538	21	11351.0
538	679	21	13468.0
423	915	21	1108.0
560	667	21	9076.0
598	786	21	9212.0
110	196	21	4137.0
110	905	21	6793.0
380	936	21	7266.0
353	502	21	12948.0
348	903	21	7036.0
627	694	21	6919.0
460	491	21	12912.0
131	233	21	12058.0
175	1002	21	9448.0
65	384	21	1413.0
65	981	21	1033.0
384	423	21	1491.0
423	981	21	1066.0
123	874	21	2358.0
304	560	21	2975.0
4	902	21	14209.0
286	541	21	3103.0
413	473	21	2235.0
282	302	21	2910.0
670	672	21	11586.0
172	344	21	6996.0
586	597	21	5656.0
196	791	21	2685.0
3	167	21	2793.0
167	338	21	3335.0
167	717	21	1675.0
434	514	21	1911.0
162	572	21	9357.0
667	1001	21	7059.0
279	694	21	1716.0
295	743	21	2011.0
338	581	21	10043.0
152	486	21	10101.0
134	328	21	3000.0
764	952	21	4661.0
104	523	21	5792.0
159	654	21	1044.0
494	929	21	1287.0
284	610	21	9011.0
88	933	21	3121.0
704	996	21	1714.0
319	804	21	3263.0
666	804	21	2880.0
346	930	21	6323.0
167	285	21	3263.0
376	423	21	995.0
376	462	21	1015.0
79	319	21	3940.0
79	666	21	3602.0
434	993	21	10762.0
328	436	21	4508.0
812	956	21	1150.0
210	897	21	3907.0
79	707	21	9636.0
334	934	21	3252.0
65	911	21	9731.0
258	448	21	5118.0
578	667	21	6192.0
102	630	21	10349.0
568	813	21	4455.0
125	498	21	4302.0
412	922	21	8712.0
341	953	21	11216.0
133	729	21	7178.0
714	956	21	1335.0
99	923	21	3360.0
110	390	21	6931.0
85	407	21	1406.0
459	796	21	9879.0
513	515	21	8284.0
285	609	21	10034.0
235	377	21	6260.0
191	962	21	6007.0
315	644	21	11510.0
546	594	21	4483.0
110	313	21	6244.0
647	915	21	2794.0
879	973	21	13841.0
408	594	21	7848.0
171	700	21	4795.0
216	705	21	8691.0
156	539	21	5827.0
55	992	21	10594.0
541	962	21	9135.0
726	764	21	1378.0
865	975	21	4903.0
361	548	21	5883.0
457	714	21	13869.0
505	649	21	1156.0
646	874	21	6709.0
646	926	21	3462.0
123	375	21	2302.0
164	449	21	5817.0
46	136	21	7650.0
46	224	21	7715.0
923	939	21	10855.0
204	568	21	4032.0
3	965	21	1078.0
537	810	21	1755.0
279	883	21	11908.0
156	838	21	4944.0
19	918	21	2553.0
784	838	21	5269.0
610	993	21	1070.0
163	415	21	1820.0
39	618	21	4503.0
217	618	21	4142.0
3	609	21	7372.0
209	226	21	4881.0
39	171	21	3588.0
44	229	21	2031.0
90	424	21	2490.0
90	899	21	2781.0
381	719	21	11760.0
328	962	21	3751.0
605	973	21	5177.0
514	984	21	1234.0
363	664	21	1670.0
226	675	21	4848.0
110	336	21	9078.0
121	813	21	7861.0
494	895	21	4239.0
117	364	21	9417.0
656	851	21	2406.0
544	944	21	2467.0
567	981	21	5949.0
4	661	21	10600.0
241	972	21	3991.0
199	207	21	10044.0
473	798	21	10442.0
522	685	20	8354.0
214	304	20	11013.0
37	586	20	4905.0
412	665	20	6852.0
108	113	20	3416.0
239	514	20	2377.0
677	742	20	1464.0
742	889	20	1401.0
539	954	20	4457.0
760	900	20	3063.0
643	676	20	10727.0
363	407	20	3697.0
872	959	20	8772.0
25	334	20	4240.0
333	508	20	5862.0
62	511	20	5259.0
467	865	20	11016.0
348	902	20	10609.0
844	962	20	2338.0
478	644	20	10187.0
56	673	20	7869.0
14	117	20	4715.0
83	117	20	7551.0
117	252	20	9336.0
117	526	20	4706.0
334	771	20	5296.0
423	785	20	1448.0
474	787	20	7090.0
133	587	20	6259.0
213	388	20	3989.0
112	868	20	2888.0
112	922	20	3940.0
306	508	20	4147.0
69	355	20	11346.0
48	848	20	7151.0
71	915	20	1080.0
329	885	20	11222.0
47	234	20	1221.0
242	963	20	9928.0
398	717	20	6762.0
271	718	20	10800.0
195	297	20	2947.0
62	684	20	8007.0
684	918	20	8996.0
124	343	20	3319.0
186	395	20	13485.0
668	683	20	9497.0
423	956	20	1379.0
121	640	20	7962.0
568	640	20	4680.0
840	909	20	3913.0
196	313	20	6887.0
461	494	20	4089.0
254	710	20	5666.0
237	485	20	2687.0
653	814	20	2942.0
3	234	20	2732.0
567	660	20	9250.0
691	774	20	2006.0
352	592	20	2265.0
209	229	20	9166.0
75	613	20	5774.0
16	801	20	8744.0
117	591	20	8464.0
117	682	20	9366.0
117	710	20	9707.0
642	800	20	9747.0
294	772	20	1984.0
225	372	20	3783.0
112	912	20	3755.0
113	939	20	12526.0
65	462	20	1397.0
462	981	20	1041.0
113	338	20	1151.0
505	841	20	1965.0
583	646	20	3244.0
143	684	20	2438.0
364	372	20	4640.0
423	887	20	2382.0
169	773	20	5315.0
77	256	20	11024.0
771	974	20	11130.0
84	431	20	8477.0
448	843	20	5948.0
87	994	20	4709.0
302	717	20	1664.0
117	225	20	9544.0
405	977	20	1239.0
23	826	20	8235.0
467	826	20	13688.0
826	843	20	9514.0
282	349	20	3176.0
27	731	20	8798.0
39	632	20	1621.0
209	926	20	7936.0
265	632	20	2282.0
377	977	20	10743.0
137	601	20	2223.0
72	804	20	1268.0
565	732	20	10149.0
448	885	20	9822.0
23	975	20	4689.0
8	902	20	8170.0
551	733	20	1509.0
214	949	20	9277.0
342	428	20	7200.0
16	916	20	8517.0
338	609	20	10118.0
110	125	20	6050.0
626	650	20	7162.0
5	437	20	11766.0
143	212	20	3862.0
876	911	20	3313.0
16	915	20	3277.0
808	872	20	6560.0
99	167	20	1761.0
197	548	20	5903.0
705	934	20	11653.0
234	894	20	1389.0
123	909	20	1281.0
473	591	20	5357.0
202	273	20	2436.0
202	461	20	2358.0
166	639	20	7741.0
37	209	20	3793.0
12	286	20	8151.0
139	435	20	8059.0
596	667	20	15383.0
668	774	20	1538.0
104	663	20	6274.0
167	609	20	4409.0
285	478	20	1320.0
302	609	20	8521.0
343	488	20	7980.0
583	691	20	3066.0
478	773	20	6717.0
168	555	20	8853.0
146	168	20	5456.0
371	563	20	7399.0
563	751	20	7328.0
456	852	20	11026.0
646	998	20	3335.0
574	581	20	5653.0
581	986	20	11101.0
655	702	20	7752.0
306	312	20	3828.0
306	370	20	7294.0
562	673	20	8164.0
150	497	20	1676.0
396	629	20	13099.0
542	670	20	7648.0
411	919	20	5129.0
182	601	20	2333.0
182	663	20	2245.0
264	428	20	6410.0
863	1002	20	10370.0
627	762	20	7487.0
523	663	20	12096.0
567	785	20	5666.0
279	666	20	12656.0
786	840	20	10909.0
301	992	20	11345.0
102	527	20	1379.0
445	466	20	9029.0
202	287	20	2923.0
728	830	20	1423.0
539	1000	20	3757.0
192	664	20	1132.0
252	605	20	5063.0
135	736	20	1390.0
363	899	20	6446.0
527	931	20	6642.0
705	715	20	3201.0
225	473	20	5863.0
94	281	20	6702.0
380	681	20	7070.0
96	722	20	3793.0
726	1000	20	1323.0
489	501	20	1442.0
186	647	20	11812.0
808	931	20	5961.0
618	779	20	4957.0
911	956	20	13294.0
376	567	20	1178.0
214	1001	20	8761.0
551	669	20	9666.0
836	1001	20	2058.0
209	675	20	16956.0
107	770	19	7465.0
502	661	19	9163.0
710	879	19	8703.0
128	792	19	7812.0
764	981	19	1040.0
593	940	19	7774.0
131	196	19	10574.0
145	982	19	9908.0
945	948	19	3337.0
252	473	19	6387.0
462	639	19	9811.0
117	589	19	4644.0
252	589	19	5424.0
418	565	19	7563.0
463	638	19	8477.0
143	511	19	2420.0
143	628	19	2462.0
97	961	19	5956.0
227	896	19	2661.0
424	865	19	4945.0
252	973	19	11990.0
648	987	19	7785.0
22	631	19	4805.0
44	909	19	4602.0
99	352	19	1733.0
70	863	19	4962.0
101	937	19	9154.0
589	978	19	2306.0
569	841	19	1454.0
216	974	19	3975.0
715	974	19	3279.0
115	738	19	1329.0
373	487	19	10488.0
54	269	19	4907.0
684	768	19	6468.0
115	471	19	4970.0
178	681	19	7142.0
619	982	19	10595.0
3	794	19	2554.0
71	981	19	5074.0
112	722	19	1087.0
230	570	19	13113.0
792	920	19	9226.0
523	886	19	6738.0
89	644	19	8621.0
225	308	19	1150.0
75	872	19	5688.0
646	840	19	7181.0
48	456	19	7239.0
244	288	19	3732.0
197	255	19	2069.0
93	942	19	6987.0
642	945	19	9055.0
842	843	19	1083.0
137	663	19	2141.0
473	682	19	4021.0
77	913	19	11447.0
18	656	19	9079.0
65	186	19	7524.0
306	515	19	2484.0
327	515	19	3053.0
67	627	19	2238.0
140	708	19	1409.0
106	895	19	1621.0
0	22	19	4023.0
3	923	19	1060.0
221	296	19	9802.0
118	486	19	1852.0
865	899	19	5250.0
113	550	19	5239.0
87	425	19	1991.0
502	695	19	9293.0
117	590	19	2031.0
590	682	19	2598.0
590	710	19	2215.0
190	998	19	3139.0
34	509	19	2882.0
329	843	19	4603.0
523	800	19	9318.0
598	646	19	6765.0
215	695	19	9707.0
478	806	19	9223.0
284	809	19	10112.0
177	829	19	10883.0
294	553	19	1328.0
488	519	19	1245.0
150	973	19	5389.0
371	973	19	4213.0
117	879	19	8526.0
740	744	19	3449.0
134	510	19	1521.0
110	131	19	2324.0
579	887	19	3180.0
364	798	19	7079.0
302	581	19	7768.0
525	954	19	1626.0
52	434	19	1154.0
182	759	19	7371.0
216	548	19	6613.0
818	829	19	9885.0
95	296	19	7817.0
99	986	19	2109.0
88	833	19	3058.0
85	258	19	3990.0
469	485	19	11897.0
16	65	19	2583.0
16	956	19	3310.0
423	639	19	11121.0
577	937	19	9680.0
75	755	19	6480.0
298	742	19	2004.0
911	915	19	10694.0
196	390	19	7235.0
9	560	19	12516.0
648	858	19	6219.0
492	963	19	10829.0
672	995	19	9247.0
279	707	19	4943.0
258	865	19	9459.0
694	721	19	1011.0
75	100	19	5748.0
63	943	19	8049.0
280	736	19	2079.0
202	895	19	2472.0
41	398	19	3335.0
467	595	19	2058.0
414	798	19	2953.0
233	498	19	10147.0
47	978	19	6208.0
76	210	19	1691.0
97	137	19	2591.0
460	893	19	13199.0
321	706	19	1231.0
197	213	19	5245.0
156	887	19	4904.0
354	776	19	12434.0
394	772	19	2685.0
182	862	19	4636.0
137	642	19	7331.0
624	779	19	6740.0
104	642	19	6242.0
67	823	19	2071.0
297	529	19	3793.0
325	585	19	9234.0
683	739	19	9805.0
233	313	19	10075.0
427	509	19	4671.0
663	945	19	3139.0
219	365	19	4434.0
267	681	19	3945.0
539	639	19	6729.0
87	966	19	1784.0
209	909	19	8653.0
125	791	19	3510.0
248	501	19	2452.0
376	395	19	1003.0
376	981	19	5341.0
457	567	19	7813.0
117	605	19	4264.0
509	969	19	11722.0
710	798	19	4255.0
148	497	19	4333.0
52	585	19	5197.0
393	792	19	11271.0
444	983	19	9560.0
108	473	19	6309.0
463	924	19	6991.0
227	772	19	2684.0
37	683	19	4795.0
22	333	19	6969.0
191	436	19	5427.0
191	541	19	1573.0
66	213	18	1380.0
710	973	18	10891.0
224	444	18	9584.0
576	600	18	6892.0
636	843	18	4228.0
88	988	18	3002.0
626	681	18	6958.0
586	668	18	6390.0
611	736	18	5967.0
125	131	18	4973.0
37	840	18	5520.0
824	934	18	3618.0
683	786	18	11560.0
5	559	18	12986.0
363	467	18	1792.0
523	862	18	13992.0
527	959	18	10749.0
548	974	18	11317.0
4	695	18	9707.0
372	798	18	8832.0
48	760	18	1207.0
281	565	18	7967.0
91	245	18	1309.0
9	837	18	9269.0
502	902	18	12161.0
200	213	18	4463.0
86	818	18	7599.0
148	999	18	3887.0
521	593	18	6796.0
593	627	18	6283.0
168	326	18	5818.0
372	682	18	2436.0
586	691	18	6745.0
376	457	18	7904.0
63	669	18	8580.0
417	809	18	1646.0
423	1000	18	14788.0
607	934	18	11660.0
934	974	18	6608.0
9	445	18	10412.0
554	732	18	8853.0
473	563	18	5876.0
982	989	18	9149.0
182	642	18	9300.0
458	525	18	1541.0
525	854	18	1463.0
786	909	18	4456.0
186	876	18	13628.0
151	660	18	8436.0
77	781	18	11055.0
256	803	18	3094.0
67	521	18	2222.0
646	675	18	12440.0
395	462	18	1397.0
221	323	18	10755.0
173	663	18	2569.0
146	716	18	6445.0
162	539	18	3370.0
249	859	18	10468.0
239	979	18	4512.0
234	349	18	3176.0
108	563	18	6831.0
108	364	18	1145.0
576	794	18	3614.0
9	578	18	10208.0
429	768	18	5557.0
9	949	18	9276.0
306	631	18	7848.0
210	465	18	6072.0
634	738	18	10202.0
742	952	18	1006.0
166	525	18	11742.0
660	785	18	10793.0
71	462	18	1443.0
843	885	18	4832.0
289	639	18	5047.0
96	420	18	1098.0
428	482	18	9323.0
65	764	18	1383.0
384	764	18	1458.0
407	826	18	8044.0
826	865	18	7120.0
123	229	18	2423.0
123	926	18	2355.0
768	996	18	8281.0
576	875	18	4976.0
23	664	18	1195.0
186	269	18	1551.0
186	480	18	3042.0
219	451	18	4462.0
25	770	18	6208.0
303	545	18	9412.0
19	996	18	6886.0
335	585	18	9149.0
252	254	18	5518.0
609	717	18	1665.0
751	973	18	4340.0
598	675	18	7294.0
168	776	18	9358.0
547	747	18	10624.0
147	720	18	2732.0
886	964	18	1453.0
71	151	18	3382.0
34	641	18	2647.0
39	377	18	3950.0
27	179	18	9501.0
453	491	18	11353.0
307	685	18	4744.0
640	701	18	3163.0
344	544	18	1574.0
484	867	18	1706.0
597	683	18	9845.0
581	609	18	9142.0
652	963	18	11570.0
115	370	18	3988.0
168	354	18	8955.0
168	198	18	8769.0
168	706	18	8725.0
186	911	18	8145.0
186	915	18	11716.0
592	609	18	10564.0
88	178	18	1747.0
554	565	18	9865.0
152	332	18	11243.0
842	865	18	4180.0
466	837	18	5175.0
307	388	18	2763.0
191	351	18	10592.0
404	465	18	3732.0
204	314	18	6506.0
466	667	18	11462.0
210	569	18	9640.0
210	573	18	11286.0
202	494	18	5320.0
44	646	18	7509.0
591	798	18	6568.0
682	798	18	5053.0
216	382	18	1733.0
701	813	18	2866.0
196	498	18	10140.0
197	934	18	8043.0
745	956	18	1383.0
81	107	18	1347.0
581	923	18	11937.0
424	843	18	1151.0
739	786	18	4771.0
308	364	18	1990.0
550	740	18	2927.0
282	609	18	4400.0
120	433	18	3576.0
714	1000	18	1315.0
246	295	18	1880.0
648	906	18	6469.0
583	739	18	2007.0
349	986	18	1931.0
593	762	18	4263.0
170	583	18	1221.0
125	849	18	6247.0
130	394	18	910.0
120	936	18	3814.0
573	649	18	1257.0
107	724	18	6250.0
956	1000	18	1322.0
284	702	18	7879.0
153	710	18	2127.0
459	686	18	11365.0
500	862	18	4596.0
667	949	18	7237.0
117	973	18	8672.0
186	812	18	12066.0
209	774	18	8468.0
215	502	18	12037.0
404	889	18	1381.0
117	413	18	7824.0
117	798	18	4107.0
10	692	17	10273.0
584	692	17	6647.0
258	842	17	2370.0
101	679	17	8810.0
120	369	17	3041.0
253	994	17	4540.0
384	956	17	1383.0
745	915	17	1107.0
764	915	17	1099.0
764	956	17	1357.0
956	981	17	1034.0
169	644	17	7198.0
633	872	17	5491.0
607	715	17	3201.0
71	783	17	2937.0
258	899	17	3152.0
316	899	17	10891.0
597	775	17	6590.0
294	896	17	1538.0
233	849	17	12446.0
195	411	17	3394.0
785	1000	17	1334.0
83	798	17	2800.0
593	694	17	6314.0
321	555	17	1295.0
217	779	17	10607.0
948	968	17	4151.0
221	261	17	3386.0
649	654	17	1376.0
654	889	17	1333.0
364	371	17	1898.0
6	421	17	1800.0
6	972	17	2011.0
639	1000	17	13515.0
252	372	17	4283.0
146	387	17	6178.0
826	842	17	1148.0
152	549	17	10926.0
209	598	17	8107.0
76	539	17	2666.0
140	647	17	3307.0
394	553	17	2134.0
349	861	17	3212.0
150	773	17	1619.0
692	727	17	3999.0
816	880	17	4584.0
390	849	17	6306.0
523	961	17	7608.0
814	818	17	1625.0
517	803	17	13199.0
527	633	17	11566.0
633	931	17	6038.0
133	481	17	7367.0
567	854	17	4036.0
148	644	17	1291.0
133	300	17	7082.0
425	647	17	3300.0
27	320	17	9718.0
101	538	17	8497.0
434	789	17	9033.0
372	710	17	2056.0
190	874	17	3809.0
891	893	17	14778.0
377	881	17	6699.0
156	442	17	1598.0
18	227	17	2624.0
25	724	17	6075.0
206	1000	17	1464.0
575	666	17	1753.0
423	457	17	1552.0
316	885	17	1170.0
654	677	17	1394.0
669	733	17	1493.0
69	178	17	1724.0
153	563	17	5064.0
282	285	17	3263.0
448	826	17	8270.0
46	444	17	6303.0
459	727	17	10417.0
201	747	17	10314.0
89	257	17	6884.0
80	764	17	1247.0
115	631	17	7554.0
178	749	17	1713.0
302	794	17	2527.0
407	899	17	8537.0
234	576	17	3850.0
306	506	17	11193.0
648	737	17	8613.0
647	907	17	3187.0
684	777	17	5796.0
257	806	17	9228.0
264	482	17	6969.0
692	796	17	10774.0
150	644	17	1567.0
108	153	17	4393.0
117	473	17	3745.0
794	894	17	1362.0
726	785	17	1414.0
213	307	17	2805.0
572	1000	17	1322.0
663	961	17	5491.0
18	772	17	10172.0
22	495	17	5565.0
108	923	17	3261.0
73	273	17	3668.0
73	287	17	3190.0
72	795	17	2909.0
310	411	17	3447.0
37	44	17	4319.0
209	998	17	7754.0
333	360	17	7255.0
772	851	17	1223.0
581	794	17	1327.0
367	508	17	4302.0
702	809	17	11934.0
500	601	17	2289.0
349	965	17	1250.0
57	459	17	5832.0
457	726	17	1359.0
660	726	17	1358.0
434	809	17	2730.0
466	1001	17	6575.0
143	219	17	4076.0
563	798	17	6012.0
379	665	17	4396.0
841	978	17	2827.0
742	841	17	1464.0
865	885	16	1505.0
613	633	16	14108.0
686	692	16	10065.0
279	795	16	5595.0
462	847	16	1475.0
764	847	16	1474.0
576	609	16	1668.0
77	292	16	12031.0
91	946	16	1351.0
669	878	16	13640.0
791	849	16	1497.0
148	825	16	2526.0
209	840	16	8236.0
21	34	16	1295.0
257	298	16	8354.0
83	473	16	2023.0
622	999	16	1566.0
653	942	16	7735.0
88	119	16	3024.0
12	436	16	3240.0
539	764	16	1453.0
85	826	16	7169.0
500	523	16	4522.0
296	366	16	4098.0
348	695	16	8937.0
161	867	16	1176.0
377	632	16	10789.0
121	701	16	2199.0
182	523	16	4595.0
182	948	16	2460.0
192	899	16	5371.0
75	633	16	2119.0
75	931	16	6077.0
395	764	16	1383.0
349	923	16	3193.0
601	945	16	3236.0
595	970	16	3867.0
156	573	16	1942.0
664	843	16	1166.0
3	478	16	1320.0
18	553	16	9888.0
230	484	16	1253.0
357	1002	16	5738.0
284	434	16	2214.0
25	869	16	6350.0
9	304	16	4097.0
152	921	16	10212.0
258	636	16	4083.0
717	794	16	1397.0
779	850	16	5541.0
6	537	16	3053.0
241	980	16	3607.0
156	423	16	1391.0
265	377	16	1867.0
30	692	16	4719.0
229	748	16	1279.0
456	942	16	7640.0
169	257	16	7481.0
99	609	16	8554.0
167	581	16	2125.0
581	717	16	1664.0
282	717	16	1675.0
448	865	16	3546.0
32	816	16	3940.0
253	603	16	6353.0
200	403	16	1243.0
768	918	16	3947.0
36	210	16	7307.0
327	367	16	2717.0
116	953	16	6151.0
545	867	16	1795.0
609	861	16	4539.0
685	884	16	10172.0
812	915	16	3537.0
151	457	16	8048.0
169	825	16	8199.0
458	1000	16	1358.0
764	856	16	1078.0
519	581	16	6513.0
99	282	16	1751.0
99	794	16	1191.0
713	915	16	1694.0
523	642	16	11439.0
639	784	16	1823.0
71	525	16	1504.0
71	726	16	1357.0
71	764	16	1478.0
458	726	16	1356.0
458	764	16	1468.0
525	714	16	1348.0
525	726	16	1360.0
525	956	16	1366.0
714	726	16	1314.0
714	764	16	1429.0
726	854	16	1414.0
764	854	16	1476.0
190	926	16	1369.0
52	610	16	1090.0
316	970	16	1205.0
675	774	16	7410.0
210	454	16	1927.0
53	428	16	3759.0
142	291	16	1093.0
550	923	16	2428.0
70	1002	16	5382.0
384	525	16	1475.0
653	697	16	2733.0
306	367	16	2498.0
586	646	16	3491.0
395	847	16	1393.0
99	478	16	1307.0
233	791	16	4369.0
158	209	16	8645.0
407	636	16	1312.0
785	915	16	1088.0
779	977	16	1540.0
350	444	16	8846.0
840	874	16	1127.0
65	376	16	1022.0
65	854	16	1419.0
458	915	16	1088.0
110	849	16	3138.0
258	329	16	3460.0
254	591	16	5555.0
178	625	16	1729.0
393	971	16	3347.0
278	782	16	1039.0
573	889	16	1259.0
321	354	16	1349.0
282	581	16	2125.0
616	633	16	1111.0
102	808	16	1907.0
306	606	16	1130.0
73	494	16	6197.0
163	501	16	997.0
636	865	15	1330.0
108	519	15	3612.0
36	465	15	2380.0
422	473	15	1066.0
473	657	15	1107.0
191	740	15	1434.0
611	985	15	3038.0
202	557	15	5005.0
23	899	15	1931.0
88	516	15	3033.0
129	603	15	971.0
66	388	15	1324.0
395	714	15	1327.0
279	575	15	1628.0
518	779	15	4326.0
138	898	15	3278.0
22	360	15	6608.0
94	732	15	6717.0
576	951	15	4064.0
123	226	15	2331.0
569	839	15	1016.0
117	254	15	4731.0
376	726	15	984.0
646	775	15	4200.0
675	775	15	4173.0
115	634	15	1231.0
285	861	15	3220.0
18	294	15	1658.0
258	826	15	10727.0
167	576	15	3792.0
500	663	15	2200.0
687	963	15	11388.0
188	873	15	1324.0
252	563	15	1365.0
338	478	15	1320.0
478	592	15	1344.0
647	966	15	3061.0
96	316	15	4556.0
156	572	15	1511.0
209	583	15	4404.0
616	755	15	1284.0
666	795	15	4545.0
306	333	15	2244.0
450	543	15	7776.0
295	904	15	4182.0
523	759	15	4366.0
423	726	15	1360.0
466	949	15	6715.0
654	827	15	1425.0
654	841	15	1383.0
856	1000	15	3387.0
887	1000	15	5066.0
37	646	15	2806.0
425	708	15	2188.0
329	826	15	3720.0
404	841	15	1421.0
65	458	15	1424.0
759	862	15	3811.0
91	929	15	1292.0
15	306	15	4633.0
404	654	15	1346.0
457	956	15	1366.0
73	697	15	6790.0
73	735	15	9622.0
73	814	15	6122.0
733	943	15	1506.0
337	779	15	3238.0
23	424	15	1177.0
385	692	15	8412.0
22	327	15	2011.0
646	746	15	3192.0
843	899	15	1257.0
129	984	15	1933.0
146	976	15	6392.0
594	647	15	3300.0
457	847	15	7398.0
377	405	15	962.0
525	785	15	1455.0
166	384	15	1446.0
278	825	15	3763.0
107	705	15	6372.0
16	395	15	2812.0
108	986	15	3480.0
207	435	15	10436.0
334	974	15	5314.0
129	835	15	1875.0
755	959	15	8453.0
298	573	15	2050.0
209	874	15	10795.0
646	683	15	2691.0
717	965	15	1046.0
97	182	15	3023.0
39	410	15	3420.0
493	527	15	2008.0
166	1000	15	11077.0
404	827	15	1530.0
573	827	15	1324.0
241	728	15	2760.0
602	685	15	10042.0
142	195	15	1048.0
209	786	15	8426.0
770	934	15	4104.0
869	934	15	2021.0
792	997	15	8963.0
25	824	15	6496.0
150	278	15	1555.0
216	340	15	1093.0
469	736	15	1786.0
9	667	15	9588.0
209	646	15	11635.0
178	355	15	1739.0
288	958	15	1090.0
651	943	15	1958.0
12	343	15	2778.0
812	911	15	1140.0
169	315	15	7029.0
955	996	15	2697.0
792	971	15	2334.0
151	745	15	8292.0
647	654	15	2359.0
107	607	15	8766.0
754	973	15	5288.0
217	337	14	3533.0
73	620	14	7064.0
523	530	14	9121.0
538	577	14	11566.0
71	166	14	1402.0
395	458	14	1424.0
847	911	14	1267.0
715	771	14	3387.0
142	919	14	1126.0
321	776	14	3314.0
285	965	14	2306.0
17	202	14	3247.0
191	488	14	10119.0
257	825	14	10917.0
847	1000	14	1394.0
129	362	14	1724.0
1	847	14	1139.0
334	705	14	2088.0
209	746	14	4252.0
19	62	14	2019.0
569	827	14	1558.0
142	529	14	1051.0
457	525	14	1498.0
442	573	14	2146.0
140	654	14	3520.0
234	790	14	1976.0
77	803	14	1202.0
569	649	14	1446.0
816	947	14	4583.0
100	959	14	9686.0
633	959	14	1786.0
65	847	14	1397.0
726	847	14	1408.0
847	956	14	1350.0
115	513	14	3449.0
523	964	14	8798.0
375	683	14	2153.0
295	821	14	1824.0
306	360	14	2416.0
316	636	14	1157.0
71	423	14	1472.0
381	982	14	10436.0
404	897	14	1869.0
129	935	14	1728.0
187	377	14	10775.0
142	310	14	1129.0
262	808	14	1582.0
516	582	14	4936.0
156	465	14	1903.0
22	370	14	6127.0
649	978	14	2060.0
462	915	14	1109.0
52	702	14	1267.0
213	974	14	2724.0
524	816	14	4090.0
202	701	14	4860.0
394	896	14	2347.0
156	1000	14	3231.0
597	748	14	2735.0
637	674	14	2528.0
543	638	14	8419.0
453	893	14	12684.0
274	484	14	1451.0
107	715	14	3200.0
441	713	14	3262.0
234	581	14	2125.0
65	71	14	1467.0
65	714	14	1324.0
423	714	14	1343.0
423	854	14	1487.0
38	171	14	2409.0
565	771	14	3115.0
512	544	14	1019.0
57	692	14	2980.0
692	957	14	2982.0
434	610	14	2382.0
142	297	14	1045.0
296	415	14	10700.0
425	490	14	2007.0
186	441	14	5484.0
376	525	14	1054.0
316	826	14	6463.0
210	404	14	9626.0
298	510	14	1031.0
315	510	14	1032.0
171	779	14	1035.0
205	444	14	8516.0
384	1000	14	1389.0
115	250	14	7998.0
70	357	14	3204.0
156	897	14	1922.0
597	786	14	4921.0
597	774	14	1170.0
107	934	14	10277.0
724	934	14	2825.0
854	911	14	1281.0
71	1000	14	1399.0
462	785	14	1482.0
785	956	14	1379.0
734	848	14	1723.0
221	248	14	1852.0
384	395	14	1395.0
826	975	14	5791.0
473	716	14	1074.0
0	115	14	5133.0
