8066
8955
9960
7745
16737
14088
11516
11137
8010
13415
13411
13591
8340
11132
9770
8852
15984
14242
9591
11586
8138
9051
7885
7155
7151
7821
7158
9777
13453
12334
9964
9043
8470
8098
9333
7789
7754
9324
10023
13730
14794
11224
14371
10346
17241
9980
8963
16365
7273
17431
9747
8462
7930
10802
8357
13208
8491
7618
19625
10231
8525
9912
7877
7995
11740
13652
11100
12758
8374
11763
14322
8197
9058
14384
14282
10657
8938
12577
10305
11432
14227
7625
9230
13392
8497
11755
8237
9218
20747
8829
7137
7762
19197
7424
7291
8441
8545
11472
7125
9178
9973
8772
12983
7008
7807
8249
9852
17204
16569
7919
18167
8628
12441
14427
14398
22131
7914
9393
8785
16654
7211
8321
7017
8337
7553
8932
10104
8726
7861
7808
12645
11641
7849
7456
10033
8023
8035
7410
17237
9145
13925
7691
7567
7987
12831
9756
13143
7098
11296
7680
8879
7907
10955
7757
13059
14892
7343
8296
12128
7615
10363
8761
9602
7883
12045
7803
11214
12238
10328
7020
8231
13963
15963
11031
8317
10644
11651
9795
15284
9766
13193
16320
12175
10641
16371
6980
20137
10977
20398
9251
19788
18647
4915
12521
16416
5665
13325
11247
14286
18557
19743
15528
12628
7174
12843
21894
10743
12931
10579
18020
14460
20246
7628
10149
18524
12579
11296
11777
13593
4574
8799
11460
13287
6431
12259
12877
4881
3734
5002
9510
14007
10882
12100
18865
17323
21172
9862
16271
6372
13255
11964
12840
10120
18124
13394
14110
8826
8446
18863
10571
19138
10501
15496
8306
16579
11092
13228
9882
10474
11398
8094
14771
13586
11924
16454
13661
14101
7610
10896
10332
11345
18564
17317
4864
16724
19028
12187
13908
15239
14436
9440
8172
11886
12653
9971
11386
14076
5343
15344
17361
12642
4696
19998
10897
3590
10551
10433
3832
12397
10463
20936
14563
9168
19768
13776
9238
29814
8083
9556
13504
11163
10674
10960
13135
12236
13534
15326
12233
11716
12204
12266
7642
10813
18898
9241
18593
13925
6791
9659
11016
10728
10304
12581
13060
12786
11552
15381
12888
11652
15923
10359
14189
7347
14780
12413
13191
14894
14065
10679
10225
12891
15206
10297
20294
11874
17816
15140
12984
9084
5635
17038
10510
20538
6237
17115
7319
13738
20221
12737
13366
16467
18449
11589
15712
12657
15568
10056
15596
9941
10716
12393
11931
13178
18535
11949
16793
16683
17620
4008
10927
18231
12375
14518
16342
9135
18331
13451
13458
10137
13902
15668
13239
16470
16665
13580
11302
5908
13322
14167
17337
10938
15414
15908
14540
15645
13580
10618
12291
7395
6578
11473
9318
13165
15392
12960
17322
12523
9550
13563
12014
12993
19749
3040
11259
12635
10436
11655
11951
11557
902
9167
18335
11080
19001
9724
10472
15097
16882
11097
15471
8331
16855
16638
15737
11817
11419
27830
15153
12052
10811
13459
8235
14592
8643
8504
18755
11843
19613
18401
12407
15500
11072
13591
15652
10861
12568
22038
11968
15301
5052
14097
11333
11183
18121
11746
18270
14492
13112
16034
10721
8337
15025
11921
20121
11368
10810
13454
6991
10702
9244
12959
21413
15277
10240
14491
13760
16311
15688
10680
14795
16864
14765
11898
19495
15117
12557
18925
14020
15228
13763
13032
22439
12079
16024
6879
14060
14673
12253
21804
16393
12128
13533
16726
10357
10644
15247
7781
10020
12820
12157
11786
16423
18874
11052
13917
12367
13415
13277
14480
11009
23334
11391
8712
10503
10034
13551
13503
16886
13472
22320
12817
7858
10299
7399
12002
22311
8721
18977
17099
18758
17692
8659
10132
14319
12223
9979
12620
11596
13947
12888
13221
17162
17628
9647
12276
11231
13117
10971
10655
20965
9568
17024
12869
8423
19460
8666
15825
11425
9253
10896
12950
14151
9534
25795
8136
10737
10211
17236
16741
11315
10434
21322
11821
15570
14631
21913
12192
13904
11773
12162
12469
11304
9365
8246
11951
20174
10114
14550
10815
14984
10542
13868
11039
16588
10147
12320
13977
13416
11024
17969
17729
10697
24081
17677
16596
15896
12236
20448
11552
11885
10439
15535
11727
13987
20369
17586
10648
11203
17757
9129
16931
11220
18948
14677
5597
9236
12778
18324
10180
14550
13633
11745
12292
14244
12582
18876
13483
11462
19377
21131
12471
12022
10872
16391
11577
18726
15466
16935
22816
12577
10792
9075
22506
9888
12576
9707
18596
18253
12840
12133
4795
12456
12787
6522
15663
15896
11988
10142
8843
12412
12475
9752
9526
8913
14709
17102
18915
8532
13474
16916
14486
15820
18384
8232
11639
13987
11156
16627
11769
13785
12856
18918
10282
20738
19563
15896
18991
18170
13866
11961
11193
13695
13626
9805
17964
14483
8055
11222
14234
13662
10059
8125
7068
9106
9999
11762
13601
12050
12346
7994
17413
10236
10537
4281
25162
11033
8696
12623
15370
7061
9447
19101
15884
11931
12951
14846
14528
13950
15274
11579
11928
11468
12775
14464
15594
16087
16721
12999
12102
11821
16902
15592
11271
13467
11793
14894
12092
10568
11430
10963
14415
12690
16338
20886
12188
14613
12888
15746
13327
14275
12323
19237
16774
9119
13783
13879
7250
15245
16746
15743
18585
8840
11226
12460
18600
22045
13688
11729
19314
11912
10637
8396
10600
17502
17359
11572
13375
13306
13231
15149
11166
13131
5324
10571
9899
12883
17969
13917
14138
12757
12365
8400
16628
10265
13333
10263
13934
8645
10332
21838
21433
14316
14673
12697
13249
12114
9455
15394
6867
11347
11039
12329
10885
14616
14245
10712
13791
18373
19649
19235
6662
9808
11285
16731
11296
12218
13242
16130
9883
9456
13045
19285
7685
21250
16266
4811
10795
16845
13984
13522
15224
12501
14209
15177
13078
15190
9674
19390
15535
9396
15055
12361
8000
12917
12147
15335
13942
11703
10133
5369
18345
11028
12353
14588
18872
12170
8602
15540
13141
4428
11236
16108
15344
19443
18649
18204
11454
9680
12185
12526
11135
20105
9776
14597
12419
9446
8497
8605
12887
9277
19066
7641
19069
18492
8663
26781
13347
12342
10606
12640
12207
13637
13290
14182
10405
14473
16567
17289
12417
11902
23148
17084
8899
22135
11754
14744
12773
12379
16326
10603
10792
10124
17908
13132
14312
14453
14606
12510
17667
10447
15743
21811
11345
11988
17565
9247
17075
10991
10418
11150
18201
9017
12399
