327	631	284.4620973092518	6893.0
552	740	275.8830284385716	8516.0
658	871	275.11045326857743	12329.0
64	283	275.0912286528356	11428.0
293	322	274.2423011965048	9594.0
273	287	273.24058534627943	4865.0
824	869	273.0287239454783	10798.0
619	989	272.4808719872307	9500.0
81	361	272.25880636204494	7690.0
464	703	271.32854872407927	6130.0
197	361	271.26237361034055	10510.0
174	249	269.2767750912797	8219.0
756	866	269.2047040319865	9130.0
0	495	269.1901708968797	8006.0
327	495	269.1384900819088	6715.0
352	717	268.2643933742268	8532.0
528	927	267.3237666354277	15540.0
391	869	266.323726862216	11049.0
458	783	266.05347114884785	8982.0
458	783	266.05347114884785	8982.0
29	967	265.8395521573612	11254.0
503	871	265.05972124331953	9508.0
211	615	264.4931397242342	19167.0
33	753	264.1032332112525	7261.0
399	952	264.0642203323501	14126.0
173	968	263.5418676579181	10906.0
33	324	262.87118287987187	7955.0
82	753	262.7019311863075	9106.0
64	276	262.55053113845145	10522.0
726	956	262.29669012761036	11136.0
391	724	262.04582295985324	11042.0
0	327	261.94898332320554	6692.0
618	624	261.84264455887615	10223.0
324	709	261.0871312593646	8995.0
98	711	261.0284854127119	6758.0
351	744	260.654830515421	14961.0
458	714	260.59092053388105	11901.0
698	780	260.5008206546951	10803.0
33	906	260.4566330706108	7992.0
594	966	260.10490224973853	16259.0
380	650	259.854905650657	8622.0
181	955	259.74981979394244	15288.0
425	966	259.44942493535666	16517.0
276	283	259.35233588595935	11805.0
770	869	258.95517152644925	8373.0
425	994	258.865043342262	14733.0
127	610	258.85296075606027	8530.0
68	374	258.37343867453177	8189.0
174	621	258.2846470402005	7951.0
56	562	258.2346388648186	8236.0
479	700	257.7999566751624	4584.0
319	666	257.60998102343166	11975.0
295	504	257.45105336719047	7714.0
113	519	256.66338699528313	13020.0
31	723	256.46408498463853	7028.0
17	314	255.83375599848188	11265.0
770	824	255.67420348882257	9286.0
575	694	255.29884514516965	10023.0
30	584	255.22564923143855	9802.0
338	592	255.15224205391158	11683.0
378	533	255.02935161167426	8801.0
290	801	254.3891258290084	11192.0
29	643	254.33134860967652	11593.0
171	977	254.22250425476344	11841.0
461	895	254.06653898732642	4722.0
33	858	253.93061706978213	7977.0
243	400	253.75236311611272	15668.0
390	780	253.33190584966994	10383.0
850	917	253.00015534282937	11467.0
228	365	252.66902956463073	5092.0
472	635	252.60978265269065	12320.0
352	832	252.54210840946686	8233.0
76	454	252.37146923556645	8804.0
174	222	252.32205033464305	8290.0
820	833	251.96473562435034	17243.0
295	901	251.95194543484916	8104.0
288	967	251.9290767473076	11154.0
677	889	251.90429847498058	9456.0
218	877	251.5849494678486	12569.0
724	869	251.46749457574953	11191.0
277	882	250.8943839159927	11285.0
833	988	250.82997548538123	17070.0
541	740	250.74396853553753	11193.0
370	495	250.7115735939381	10810.0
327	508	250.59937001303405	6472.0
421	537	250.5857239725086	8710.0
586	775	250.38722032254591	13430.0
449	723	250.31443350271454	8232.0
355	625	249.83624099023407	17287.0
234	965	249.579632353971	13092.0
355	696	249.33023825755944	14277.0
582	978	249.23636700353725	11061.0
364	591	249.05864933066482	16716.0
1	458	249.02588232018192	6873.0
89	298	249.0117596444257	8650.0
583	586	248.98004654647403	9319.0
287	895	248.9341568627622	4811.0
714	785	248.8521465378991	12183.0
262	477	248.79932198308532	11968.0
395	726	248.7059388317655	11156.0
518	977	248.70331396052038	12379.0
162	206	248.60101275087845	9522.0
598	712	248.2381420888777	8760.0
60	694	248.1038150142549	8584.0
237	985	247.87628539653625	13991.0
526	754	247.8725343701898	9999.0
580	778	247.8340932352903	10977.0
288	643	247.8300688280223	10988.0
437	927	247.79374254193567	11775.0
300	729	247.78192692036328	13785.0
312	360	247.7487541999706	8471.0
312	360	247.7487541999706	8471.0
51	242	247.67376702646894	8057.0
312	495	247.23781743083075	8745.0
29	288	247.18456088769562	11391.0
246	504	247.1530570854009	8581.0
627	940	246.9286744179399	8732.0
82	324	246.9105793045028	8250.0
339	846	246.79181506168484	13682.0
89	416	246.77070451935884	8475.0
449	756	246.70437414414636	13601.0
8	215	246.67620311068592	7452.0
8	215	246.67620311068592	7452.0
347	656	246.53719434791947	10242.0
177	402	246.5056545026283	9857.0
557	991	246.4886347420915	16577.0
111	531	246.48428944548468	8382.0
656	896	246.47784188676073	9122.0
907	994	246.40820293412986	16937.0
354	706	246.21452368638353	10791.0
183	671	246.19583946396412	9671.0
364	413	246.17892802443075	13004.0
29	496	245.9930919281082	11157.0
28	580	245.85136457175471	11128.0
571	723	245.7589394262283	7168.0
286	744	245.61998933423254	14421.0
261	489	245.53983944382756	10700.0
298	416	245.40138687099932	8471.0
354	555	245.07534374245293	11706.0
835	979	245.0633303151441	10303.0
173	886	244.99929130021883	11065.0
206	289	244.78602007231012	10263.0
327	513	244.6975869164776	7141.0
136	224	244.64049946128577	7925.0
541	552	244.63828154090874	8712.0
208	604	244.61950749667173	7331.0
391	824	244.49491550368242	11452.0
302	338	244.3440154404313	8855.0
324	753	244.1995246991479	8136.0
874	926	244.1381595686743	8350.0
267	433	244.10541380592733	7611.0
594	994	244.08137627426035	17428.0
608	938	243.99953476146706	11213.0
198	706	243.9849597131173	10971.0
141	433	243.97994574411578	7537.0
495	631	243.95349502953215	10159.0
140	594	243.93000671774396	13840.0
717	832	243.7997656786839	6934.0
660	783	243.7687759231194	11457.0
370	513	243.74800717157336	16922.0
314	991	243.6661812100566	12109.0
580	805	243.57813301357737	11347.0
140	425	243.5504418854005	13872.0
564	979	243.27959476297582	9938.0
371	751	243.17733096588552	7678.0
591	682	243.14119954134244	10847.0
458	785	243.0964671404138	10876.0
505	659	243.08610699510314	9085.0
267	380	243.00883153950096	7348.0
84	503	242.99863970434274	6580.0
518	632	242.9511819858309	9962.0
763	835	242.85481093430732	4230.0
126	928	242.6493107727014	9427.0
458	660	242.63760194491732	11758.0
33	709	242.58705245873523	7732.0
0	312	242.4752942032505	6653.0
60	823	242.30227525680635	8588.0
413	605	242.27432469350924	5046.0
244	958	242.08919320307464	10606.0
769	898	242.0548469623595	6955.0
277	658	242.01652621057318	12219.0
366	489	241.71788830351989	10721.0
145	619	241.61081533226957	9670.0
583	748	241.47732827913939	9400.0
724	824	241.44924271754005	11319.0
530	601	241.44003479260792	11315.0
496	643	241.41081982215903	13820.0
267	650	241.36528097576152	7677.0
507	815	241.31250916191848	13879.0
332	392	241.3047204886374	12571.0
908	928	241.27639421777656	12534.0
159	649	241.21866516164587	7462.0
389	507	241.15985539960982	10893.0
231	848	240.9467583828624	10571.0
649	889	240.94120622455662	9016.0
82	737	240.84773744761227	8901.0
358	579	240.79416341002155	9087.0
409	928	240.73367641427012	12529.0
756	797	240.72538772071607	10330.0
410	518	240.4987124053157	10952.0
698	905	240.25583393236104	10462.0
471	606	240.21516284054525	9250.0
797	866	240.0857881814435	7391.0
384	714	240.04175615544793	11639.0
575	823	240.00012602939606	8572.0
657	976	239.92138839384944	10896.0
458	854	239.6614433659015	9164.0
246	743	239.61390021496777	8933.0
495	513	239.54399663192672	11111.0
173	961	239.51933124737948	10763.0
251	318	239.47116963924827	8287.0
598	774	239.45254729871476	9210.0
787	871	239.28731289627643	11923.0
375	675	239.26666892856642	14794.0
557	701	239.16791199643163	12326.0
389	815	239.15045600496953	10933.0
369	936	238.9610868285839	10802.0
386	588	238.94983259360737	9806.0
437	699	238.94974301679528	11009.0
880	947	238.92578545804565	6598.0
40	836	238.85980407804865	12797.0
748	774	238.83453679694082	12292.0
74	680	238.77954521753097	11536.0
124	552	238.77615101582023	7315.0
80	399	238.77507267452822	11487.0
71	376	238.75823592247986	8114.0
98	483	238.73885131085518	6842.0
84	658	238.70465067292224	8528.0
266	483	238.68049288082346	13226.0
167	234	238.61997427076605	11921.0
376	714	238.6051654829436	7363.0
526	605	238.52439366696706	10737.0
370	631	238.50082219976522	13868.0
699	927	238.48623118808663	12089.0
624	917	238.38954751270757	10173.0
249	621	238.34947914855488	10003.0
26	378	238.28150073319435	7199.0
132	871	238.21734297361252	7857.0
135	280	238.03244816287153	7964.0
163	366	238.02662416945807	7860.0
649	677	237.94536866910093	10364.0
324	906	237.90792756657672	8786.0
679	937	237.86958356595616	9680.0
121	857	237.80996974918668	7897.0
426	937	237.8030728195947	9680.0
159	889	237.77058441322245	7394.0
218	960	237.7693220998633	12207.0
571	866	237.7684296237538	8315.0
892	995	237.70683071317092	7732.0
64	985	237.6892366991531	10845.0
355	749	237.58456705193265	13641.0
157	246	237.57864310230735	7571.0
537	972	237.47520014211986	8899.0
206	572	237.42641268602236	10132.0
261	366	237.41413631413113	13210.0
84	871	237.38109228257483	5818.0
800	964	237.23432287752655	10405.0
262	616	237.19263019685255	11850.0
854	981	237.16879197433164	8181.0
774	840	237.1671043873619	10942.0
274	570	236.99931854449758	15767.0
425	907	236.96287274929682	14362.0
10	385	236.89126833797175	13014.0
564	835	236.68561583557522	11245.0
504	821	236.5883215895135	8517.0
193	848	236.58824226632964	12193.0
752	769	236.5255786696643	5452.0
712	774	236.47927626842815	9647.0
198	555	236.38926617424087	11071.0
272	374	236.36353130632588	11597.0
126	908	236.36119382254506	9883.0
620	735	236.17796171191392	12160.0
220	888	236.14860804748452	8799.0
337	618	236.1289805732862	10227.0
82	906	235.8824331345417	7775.0
365	451	235.7337983185995	7407.0
759	886	235.68033703665367	7901.0
10	584	235.66514288354475	10788.0
331	766	235.60448095226465	8696.0
305	324	235.59957515275644	8453.0
298	447	235.59495326934035	10157.0
643	967	235.58743668302344	11027.0
13	417	235.56579985827426	9087.0
886	968	235.44110381551423	12283.0
220	750	235.4337428389755	7887.0
21	925	235.3100569792523	8982.0
785	854	235.1057848298202	13333.0
286	351	235.09974005653334	13743.0
452	756	235.0366283405339	12156.0
375	598	234.90264776076262	6468.0
566	627	234.85183757409837	8425.0
33	305	234.833338515354	8055.0
273	895	234.73464952481427	4811.0
743	821	234.71125685374733	8840.0
289	572	234.66745141093506	9736.0
144	322	234.568578619456	10638.0
74	401	234.56765541152672	12339.0
598	748	234.52622854087136	9077.0
97	601	234.45927328036456	11242.0
490	708	234.3682013012664	8349.0
187	479	234.32245209753475	5052.0
237	276	234.24173494934004	11745.0
198	354	234.13922573482424	10987.0
30	727	234.12852254223824	9691.0
312	508	234.12498620430873	6758.0
479	632	234.0337206938414	4990.0
161	484	234.01466330543494	8413.0
615	860	233.97720118522585	19128.0
410	977	233.94523096875437	11116.0
80	952	233.88456705512522	14311.0
50	979	233.8488446543632	9573.0
537	720	233.70131892620645	5621.0
285	338	233.6928737568911	11273.0
410	632	233.41329656969143	9091.0
109	260	233.38820395152112	8009.0
331	615	233.35659387330452	10388.0
874	998	233.26092807499296	9817.0
162	572	233.11294202486374	9357.0
703	901	233.1061246954812	6198.0
162	856	233.09879544944397	9849.0
153	590	233.0152639442056	7971.0
154	243	232.9631782137214	13051.0
820	988	232.95285751396202	16804.0
20	888	232.89894414051724	8194.0
746	748	232.86288958416858	7908.0
524	947	232.86063099719928	7272.0
272	300	232.7149946778949	17348.0
50	564	232.69685394281	9471.0
484	822	232.66925082800117	9966.0
127	514	232.6591729085679	8753.0
926	998	232.63750605306757	8178.0
201	547	232.57901747247843	11277.0
401	914	232.57870274984	12044.0
248	261	232.48171694942855	13178.0
235	624	232.47759201459579	10450.0
12	328	232.47182835572045	8299.0
189	406	232.36926511401495	5908.0
194	355	232.19746271980623	16536.0
319	645	232.12049633367187	7677.0
236	828	232.09185797236154	10051.0
621	853	232.08985468278692	9998.0
28	778	232.05112294552018	13364.0
618	850	231.97566658131208	11453.0
324	858	231.89030906915534	8714.0
748	840	231.8403601753548	10870.0
392	549	231.8225915676418	10940.0
924	944	231.68594695184208	11770.0
948	964	231.61845644905495	9422.0
397	671	231.60800263304108	11170.0
409	819	231.51840148035612	14897.0
709	906	231.5084962215256	9626.0
154	400	231.46518255586392	12775.0
430	780	231.44421607676506	10963.0
694	823	231.42990824506344	10975.0
206	887	231.39109771724753	10642.0
712	748	231.3059854866791	9528.0
555	706	231.278250043051	11988.0
613	755	231.24191426200986	11709.0
361	607	231.218413935596	10043.0
97	948	231.20551811731534	11300.0
339	870	231.14345170153914	10876.0
33	82	231.13363566667687	7091.0
724	770	230.92600536782192	8313.0
28	805	230.92207430276372	13119.0
572	838	230.8794989831829	8455.0
598	775	230.86454516556913	6425.0
620	946	230.8610553288619	5846.0
620	946	230.8610553288619	5846.0
458	981	230.83949377321454	10124.0
714	854	230.81818044041077	10455.0
139	199	230.77927085533304	8871.0
23	467	230.55496947115796	7061.0
385	584	230.5215054547595	12123.0
103	924	230.50176457790417	6460.0
788	944	230.49108709391285	10816.0
97	800	230.46613368479544	8377.0
121	314	230.40561599212234	6302.0
194	749	230.26666315758905	13194.0
291	297	230.23872810969198	3551.0
174	853	230.07061536787873	8202.0
274	758	230.0638733643596	12346.0
402	818	229.99053731795087	8850.0
293	828	229.97102320935736	10933.0
208	247	229.9541224934048	7660.0
391	770	229.91223022407763	8448.0
356	717	229.90223621097664	6809.0
735	814	229.89507988755983	13783.0
570	758	229.88378478257565	12239.0
61	358	229.71998245998884	7571.0
601	800	229.64208900484988	11071.0
295	703	229.53569754156524	6522.0
413	591	229.51712901255416	13293.0
56	268	229.46023391612277	8216.0
14	526	229.38671407651722	9646.0
429	511	229.33706361149618	7260.0
222	621	229.30358441642252	9809.0
275	507	229.3031172785942	15688.0
330	378	229.16655450943333	8775.0
171	187	228.9696277725915	10006.0
187	977	228.96924261916695	8071.0
598	840	228.92227833081395	9221.0
271	955	228.80148545074536	18514.0
298	644	228.75861215346552	10423.0
384	785	228.74187144641607	11061.0
266	438	228.6666788300522	9719.0
356	832	228.5673904891434	10261.0
389	540	228.53724179701595	8855.0
226	926	228.536161284421	4862.0
966	994	228.52062881109245	14652.0
289	856	228.49185814383904	11431.0
150	308	228.43324415458522	7050.0
74	914	228.3776806266148	11574.0
553	772	228.32877816836555	10456.0
743	904	228.3143614977501	9614.0
417	993	228.29566302446324	11792.0
362	564	228.11304840921548	10557.0
362	564	228.11304840921548	10557.0
503	882	228.0197913598835	7417.0
155	558	228.01606608585303	13178.0
197	607	227.89354201693632	10059.0
781	799	227.85809608209522	9572.0
302	592	227.82957604961467	8858.0
795	804	227.8019943693298	11947.0
31	756	227.7423453044625	8818.0
31	756	227.7423453044625	8818.0
828	932	227.64127387949915	12850.0
697	735	227.6341249738131	14243.0
31	571	227.6265080133362	8518.0
709	858	227.59613135034456	10044.0
550	744	227.48943084138787	17172.0
423	525	227.4656895689475	12639.0
135	485	227.4521326988429	7846.0
229	926	227.4376588418409	5906.0
421	972	227.28934719227047	7685.0
180	938	227.2551584618662	9905.0
0	360	226.97972831170952	4988.0
0	360	226.97972831170952	4988.0
150	153	226.94342400814406	4791.0
203	954	226.92758628353823	6993.0
320	864	226.89585698637262	10359.0
714	783	226.86337452177938	10536.0
714	783	226.86337452177938	10536.0
246	821	226.85682014566595	8766.0
190	731	226.82951495082918	15550.0
625	696	226.82936670936016	14017.0
229	375	226.82130200670758	9209.0
425	594	226.79845652006176	16358.0
102	262	226.78318661456493	12501.0
72	319	226.7301390360087	9332.0
314	857	226.66600507617468	6446.0
583	775	226.6603091112009	9601.0
171	410	226.53369352127677	10866.0
248	489	226.50081975750786	10721.0
187	881	226.4602745047804	8167.0
64	736	226.4403249370256	11683.0
380	433	226.4178441488262	10861.0
430	698	226.34063857393247	9942.0
160	612	226.24959177971053	10102.0
438	711	226.16644983429293	9593.0
399	839	226.16431481321627	9169.0
167	965	226.13992788613174	9984.0
712	746	226.1182746959876	6167.0
701	857	226.08803960394525	2370.0
180	608	226.03436015358383	12608.0
748	775	226.01659666139776	10934.0
160	662	225.98691809983396	10204.0
237	283	225.9643912968012	12653.0
132	658	225.9253055063191	8014.0
386	888	225.9124364315329	9482.0
696	749	225.87818709153066	13623.0
98	266	225.69437840572053	6918.0
819	928	225.69025194937834	12383.0
618	917	225.68758219241386	11453.0
472	693	225.6198006121337	9884.0
376	458	225.61349890089375	5349.0
632	977	225.5662025398364	9935.0
87	490	225.55862288946034	7927.0
591	754	225.48914743154245	5164.0
536	999	225.44800525031744	7849.0
64	237	225.41542854837323	11593.0
266	711	225.38652332974587	8788.0
719	989	225.38494167596843	9535.0
161	890	225.37320494099654	8747.0
181	271	225.29058042217392	15165.0
137	968	225.28767747101153	7424.0
144	932	225.2527091124525	11293.0
723	866	225.24530754916188	6712.0
263	269	225.19049591544274	8277.0
392	921	225.1339523584367	10876.0
368	671	225.07943217095092	9282.0
368	671	225.07943217095092	9282.0
693	912	225.00674931274585	6492.0
504	904	225.00096475460077	10814.0
70	624	224.99384087708444	8863.0
97	862	224.9653732086663	11455.0
59	758	224.9349811097351	10798.0
3	302	224.90487121734282	7871.0
693	868	224.85849726835414	6309.0
177	767	224.84249350954704	10565.0
620	814	224.79875725544005	11081.0
723	756	224.79601123309524	7944.0
620	929	224.7759388948985	4428.0
659	978	224.73284666659316	9257.0
375	774	224.70943232275596	7119.0
645	804	224.6902426900458	11624.0
424	842	224.6681860311558	5177.0
376	854	224.66366235184324	9974.0
144	293	224.65097133746036	10075.0
276	985	224.59507739309865	12336.0
211	860	224.52635120366665	19569.0
666	721	224.45366965356897	11711.0
449	452	224.44384992443244	13058.0
10	727	224.4297799313987	9187.0
80	730	224.36116770883504	12787.0
300	587	224.3438004245201	10864.0
216	361	224.32000446023073	10510.0
513	631	224.2989556582267	13868.0
537	980	224.28218733775225	8626.0
495	508	224.25253598997182	8778.0
548	771	224.24831928176513	14026.0
617	857	224.23122810535986	8645.0
60	940	224.20687180021085	8858.0
132	503	224.14913421729239	7785.0
201	535	224.14728931270326	13914.0
759	968	224.14429816816204	7929.0
733	968	224.11783407122047	12295.0
582	659	224.02848254631687	9129.0
580	950	224.00163270665774	13491.0
413	414	223.8976402050784	14365.0
288	496	223.87195766846403	10553.0
277	503	223.85773119619262	7907.0
163	489	223.83020829475072	7988.0
403	534	223.7608116099109	10644.0
784	856	223.74552021391395	8259.0
31	866	223.74310917384554	8566.0
132	277	223.66381820992112	6947.0
218	534	223.66026847723353	10644.0
312	513	223.58378744942218	10659.0
241	720	223.52127059694112	12587.0
414	591	223.48657970509623	13272.0
414	591	223.48657970509623	13272.0
74	757	223.4310376228696	11776.0
165	406	223.41767803697724	5098.0
165	406	223.41767803697724	5098.0
177	818	223.39292504323413	10866.0
17	557	223.38721254778775	14045.0
419	947	223.33388956051476	6642.0
176	645	223.32701653401247	11680.0
239	935	223.32121535302872	11125.0
82	858	223.27907889356766	7690.0
598	746	223.2631452717251	5396.0
224	983	223.22070053108328	9431.0
103	450	223.19191268640924	6882.0
65	726	223.17779013969314	10594.0
709	753	223.1709351671009	9045.0
287	461	223.1648979939858	4800.0
783	854	223.15114302488595	6126.0
164	723	223.09101948354913	5930.0
162	887	223.08757924003942	9421.0
276	736	223.036680740451	12454.0
313	698	223.0289317130038	12200.0
479	881	222.9792329779747	5015.0
97	530	222.96533806087783	8135.0
736	985	222.94919883520402	14453.0
171	518	222.94776670806846	11829.0
141	380	222.7468307435285	7310.0
364	605	222.69543481232498	5063.0
57	584	222.6458392623075	7155.0
622	769	222.63974350944522	7061.0
61	579	222.59839411453422	7577.0
432	566	222.59668053181775	2855.0
20	220	222.5712729913618	8206.0
193	900	222.56413041757997	11069.0
195	291	222.5524712687214	4062.0
289	784	222.5367696968263	14119.0
322	828	222.44475533205159	10612.0
761	801	222.4311988161239	10519.0
340	446	222.38740351741237	9435.0
327	370	222.36499781456777	6646.0
331	860	222.32160385015302	10524.0
345	925	222.25854116982387	11778.0
753	858	222.2408457402258	7732.0
124	740	222.20666780843004	7224.0
283	985	222.18706337520027	12084.0
58	181	222.16765991333966	12833.0
12	744	222.04878069024332	8328.0
588	971	221.97544805869296	10683.0
50	623	221.9378050265497	7365.0
534	877	221.82345999264706	10561.0
337	917	221.81337800789456	10915.0
557	568	221.6640760717866	14094.0
398	832	221.6070572624212	9926.0
819	908	221.60212736310723	12546.0
508	631	221.46115237611053	10500.0
505	978	221.33330630297507	13628.0
423	1000	221.32000948672268	14788.0
589	754	221.2459442681447	9999.0
364	710	221.08038153729885	10816.0
24	255	221.04519091833072	6902.0
286	328	221.03561434096216	9659.0
132	882	220.86007095295025	6217.0
374	587	220.82887148687993	10866.0
124	541	220.80433465540392	7400.0
195	919	220.79805199274557	3148.0
119	833	220.7752204921025	16055.0
454	465	220.75790340531108	10135.0
149	331	220.71769487801632	6607.0
100	527	220.616504204955	10199.0
552	844	220.6111055481558	7873.0
26	330	220.5413620239207	7205.0
14	754	220.42299882813757	9257.0
305	753	220.39966990282275	7379.0
572	887	220.34869335771958	10092.0
442	454	220.32341292091692	10086.0
514	610	220.30551149580148	9898.0
220	971	220.2314619356122	8762.0
693	922	220.21364008464187	7908.0
358	440	220.17537751315962	9003.0
778	805	220.17241290405994	14594.0
551	689	220.0926021486199	10081.0
206	856	220.0903959227224	11111.0
80	475	220.0860237745445	12568.0
269	812	220.03181599636187	5633.0
158	375	220.0046431119971	9512.0
162	289	219.99179365799142	9511.0
179	190	219.9900061380775	9708.0
36	742	219.97227531362452	7776.0
756	990	219.9171766347663	12954.0
31	452	219.91426903096897	8155.0
118	445	219.89175261592268	6429.0
298	806	219.85099276723292	10450.0
658	882	219.81396730032446	11285.0
137	759	219.80390704908748	7474.0
81	197	219.77208390577306	7505.0
414	526	219.7076727769959	5536.0
442	465	219.65851632997718	11303.0
240	499	219.62332619997596	9000.0
158	748	219.51162814418007	4389.0
624	850	219.48091223956754	11081.0
76	442	219.47724540213937	8656.0
144	828	219.4315276436392	12645.0
3	285	219.25540217801833	7783.0
462	764	219.24606468565747	14796.0
308	879	219.23905884902658	8451.0
113	986	219.23566040130436	12581.0
121	557	219.13026400162573	6367.0
424	467	219.11141603943855	5695.0
935	979	219.05838021659656	10603.0
861	965	219.05511225008976	11476.0
363	424	219.02589317404477	6169.0
285	592	219.01927368313292	11304.0
594	907	218.96367344981925	17130.0
176	804	218.93724249592427	9951.0
656	772	218.8646479528792	8561.0
369	433	218.84448060871253	8173.0
277	871	218.81897924567787	7178.0
668	775	218.81432335242442	6929.0
511	628	218.8083488949537	10732.0
511	930	218.76725192472938	10834.0
237	736	218.73623315100923	15679.0
162	784	218.67934946298078	6776.0
32	880	218.66781817648655	4318.0
82	709	218.60784043626856	8915.0
605	754	218.60572349207115	9885.0
155	760	218.5903693922976	14025.0
338	349	218.56338799997405	10225.0
15	471	218.5150835048442	8532.0
414	682	218.4632522953648	8808.0
877	960	218.41651619327124	12173.0
155	793	218.37039889642756	13006.0
139	958	218.2954288032722	8990.0
530	800	218.2890738499545	12210.0
0	370	218.2471305441153	7912.0
700	881	218.19974046864937	4843.0
40	596	218.15660710852393	12875.0
484	890	218.1313629429654	11657.0
70	618	218.0846337102489	9009.0
384	854	218.08076892616225	8859.0
871	882	218.05312441286515	6572.0
239	984	218.01413527637965	12174.0
20	386	217.90096186338798	8174.0
236	293	217.88495114453733	8770.0
3	338	217.86653888566846	7658.0
70	850	217.83580587993316	8838.0
242	687	217.83015397865273	9179.0
1	714	217.80553772197666	7544.0
723	797	217.78093404015237	7067.0
319	721	217.7353560435521	12062.0
225	591	217.7172114892077	12778.0
12	286	217.7037967160051	8151.0
740	962	217.6959884925758	6186.0
352	356	217.62831288941305	7921.0
60	566	217.56805644780047	6057.0
408	654	217.56518503870757	13410.0
333	495	217.53361932527704	7904.0
134	744	217.51053150713452	9661.0
141	267	217.50964374987768	6717.0
452	990	217.50290166239273	14854.0
228	451	217.44397120393853	5112.0
635	693	217.41171791910955	9888.0
583	746	217.3609187897067	8055.0
163	261	217.22935781547727	8009.0
530	964	217.21363224708105	10405.0
134	286	217.13383261516262	5828.0
886	961	217.07168760689157	13057.0
203	838	216.94752054546748	5736.0
171	632	216.91865232242776	10998.0
305	709	216.90241794918154	8343.0
155	468	216.89289434549121	12790.0
95	221	216.86878350389625	8861.0
623	835	216.85358829561443	8031.0
452	866	216.82026078897348	7855.0
464	901	216.7855318527393	8545.0
805	950	216.74807819440127	15013.0
503	658	216.6716012743889	10503.0
503	658	216.6716012743889	10503.0
2	901	216.6542114571331	4879.0
81	607	216.55132027151706	7618.0
42	671	216.5414374929626	11357.0
147	421	216.5206591093662	5970.0
300	374	216.4914977560021	12657.0
522	884	216.44345413060083	9110.0
0	631	216.42144564344565	8201.0
273	461	216.41701656018918	4770.0
118	1001	216.39986515369316	6921.0
382	446	216.34546593261965	11967.0
509	925	216.32625469485743	11982.0
305	858	216.30867557609707	8564.0
10	796	216.26653753008094	11499.0
30	385	216.24677474768146	9650.0
369	650	216.22783142625568	8053.0
121	617	216.18385383425272	7906.0
801	970	216.13658746058783	11512.0
84	474	216.13010389078931	8320.0
647	812	216.07216506162663	12760.0
334	824	216.05485545169668	7463.0
334	824	216.05485545169668	7463.0
437	528	215.8623850313897	11912.0
612	662	215.83413972819548	11944.0
255	446	215.7577323631003	9420.0
178	267	215.73582047726373	7610.0
479	518	215.70534842694212	3954.0
324	737	215.64109633906094	9431.0
334	724	215.57424156359212	6881.0
334	724	215.57424156359212	6881.0
81	705	215.50323203373927	7848.0
564	935	215.47622633025534	11931.0
781	913	215.4329482889701	11200.0
596	836	215.39449320198952	11372.0
102	616	215.35696183721043	10534.0
447	773	215.34243449774064	10011.0
189	326	215.28867716235786	9362.0
208	427	215.27560357054614	4657.0
208	427	215.27560357054614	4657.0
731	864	215.21580593608886	12643.0
721	883	215.19098823395709	15019.0
183	397	215.15772260077463	9131.0
83	364	215.1250644590149	12560.0
289	887	215.02902322812093	11830.0
176	795	215.02854632346867	11258.0
672	892	214.98019021646024	7445.0
452	723	214.96586975854146	8232.0
208	359	214.94571212455767	5635.0
158	675	214.92709298110503	10216.0
105	259	214.92628259246234	8176.0
408	490	214.9217583733762	8337.0
242	652	214.89842468725618	10124.0
526	589	214.87875610968743	14115.0
277	787	214.86831758582244	8024.0
700	977	214.8401486826882	4057.0
800	948	214.82822539711404	9925.0
384	458	214.8085000136666	11532.0
443	901	214.71855513710474	9113.0
557	857	214.64983361909924	6488.0
415	501	214.56339734169202	10520.0
113	923	214.55615722120356	11303.0
178	369	214.4478206723444	10052.0
374	831	214.43885557183756	8396.0
367	515	214.41909544393127	12145.0
584	796	214.38836510982048	9071.0
104	601	214.19701889348235	6266.0
472	912	214.19112404104732	7861.0
187	632	214.18856757036622	9208.0
84	132	214.15732880988534	5437.0
340	382	214.0882789001427	10048.0
449	866	214.06531993867995	9455.0
512	788	214.03912688056587	11745.0
528	699	214.03627212703276	11883.0
737	753	214.03261233638784	8696.0
29	199	213.99060932424467	6563.0
766	860	213.9903335483149	8708.0
194	696	213.9609785287413	13279.0
8	661	213.94574832072428	7687.0
385	796	213.84370205426302	12092.0
551	943	213.82427864957347	8962.0
364	414	213.78689158601267	13101.0
131	905	213.74913054804543	10473.0
312	370	213.7201821391885	9300.0
13	993	213.7088828393296	9249.0
746	840	213.56135467077468	7000.0
394	851	213.53801463395124	7151.0
44	586	213.46020101005072	12967.0
60	627	213.4253480882684	5957.0
21	641	213.32177215009477	9262.0
443	703	213.30090345569909	4563.0
270	888	213.26448365628366	9650.0
100	755	213.25055874749134	8535.0
89	806	213.25027073483494	8830.0
833	933	213.24190704206168	13785.0
222	249	213.23844977859233	9051.0
30	686	213.23281305511148	8701.0
344	944	213.20556373397523	11524.0
701	991	213.1811399193332	12531.0
414	973	213.16797423508916	13948.0
252	364	213.16326881757783	12553.0
746	774	213.13866762934214	8108.0
192	363	213.10512264456258	4982.0
440	784	213.07939905728827	7916.0
445	596	213.01820294597542	8876.0
420	722	212.97401834603792	11661.0
812	876	212.96995935739898	11416.0
812	876	212.96995935739898	11416.0
645	795	212.9527068817091	12873.0
140	966	212.93108308870424	13811.0
454	897	212.92099583226786	11761.0
583	712	212.90729348076428	6294.0
282	965	212.8326209508907	9200.0
384	783	212.81205259524947	8477.0
374	729	212.79339816475104	10517.0
456	848	212.73794897899623	14089.0
24	340	212.72822015874993	7003.0
82	305	212.67216197998044	7512.0
178	433	212.6277309151265	11259.0
1	783	212.57628462961873	7518.0
785	847	212.54197561914347	11394.0
628	768	212.5347278551236	10924.0
263	441	212.50883025975654	12104.0
314	701	212.4793074813495	8125.0
283	736	212.46736466540514	12909.0
350	983	212.43248025038145	9544.0
350	983	212.43248025038145	9544.0
802	852	212.4250823320275	14106.0
549	921	212.41732611722836	9578.0
111	637	212.39791856965581	8074.0
217	405	212.37689910531006	10195.0
55	339	212.35838604243688	11251.0
368	397	212.3460342413851	9312.0
368	397	212.3460342413851	9312.0
6	184	212.3292122684251	11502.0
433	650	212.23764695411847	8835.0
493	616	212.2150959264491	12192.0
601	862	212.1991666951709	12339.0
55	846	212.19218767701267	10831.0
823	940	212.12174354789715	11006.0
105	629	212.09815277385187	8160.0
907	966	212.05386163966438	14089.0
217	265	212.00615292613833	10028.0
305	906	212.00359050791133	9156.0
20	971	211.97662703288742	8132.0
668	691	211.96893962667602	8604.0
291	919	211.96501878885326	3787.0
709	737	211.9504730149763	11402.0
224	845	211.9487425590035	11840.0
637	817	211.92942335314595	12299.0
572	856	211.92090850855814	10501.0
126	409	211.9015772566149	10087.0
272	587	211.8680605098433	10856.0
799	913	211.83927089956106	9160.0
7	491	211.83656185351524	11246.0
290	970	211.7900527843466	12909.0
586	774	211.74039439359885	8846.0
430	905	211.72532475125217	13237.0
131	698	211.72093359623597	4877.0
474	882	211.6959383119622	10931.0
194	625	211.63347295351392	16355.0
548	607	211.58639414140413	13166.0
68	272	211.5185551903293	8286.0
140	907	211.44683357239876	13607.0
788	924	211.44171596022355	10628.0
255	382	211.42708347907646	10720.0
445	949	211.40141418144185	8243.0
114	892	211.34729829941446	6844.0
961	968	211.2950434778124	12046.0
645	721	211.24849383432314	11307.0
206	784	211.19582498991514	7240.0
497	536	211.1624404247151	3722.0
497	536	211.1624404247151	3722.0
50	239	211.14161690209315	4383.0
838	887	211.11611089393676	11909.0
915	956	211.08652375098717	11690.0
153	751	211.0082468463775	5674.0
215	353	211.00472599271325	11953.0
21	427	210.98887477975612	3697.0
21	427	210.98887477975612	3697.0
622	898	210.98136330935523	9016.0
84	882	210.97488207464463	8443.0
737	858	210.93896088281184	10332.0
935	984	210.92590430839323	12974.0
600	875	210.89369100078005	10258.0
220	588	210.8682915238173	8808.0
571	797	210.8072553405978	7687.0
1	384	210.72059845938912	6472.0
817	953	210.71813821740298	11265.0
426	679	210.710214787802	12252.0
193	231	210.70827930199428	10770.0
68	729	210.64156787581078	8257.0
17	991	210.6185543190105	14290.0
477	616	210.53775663976353	10448.0
102	477	210.46022320073067	11973.0
760	793	210.43248588643786	12284.0
23	316	210.43092747293545	6504.0
417	655	210.42481754936486	10510.0
548	974	210.4148853439284	11317.0
180	953	210.35901457384634	9980.0
172	812	210.32857421111734	9084.0
63	689	210.26523644369104	7893.0
484	545	210.24552369645548	11330.0
173	733	210.1857087499525	11132.0
285	352	210.16162045958342	2337.0
507	540	210.10346370595093	10722.0
395	956	210.0769813452386	13348.0
218	403	210.0688007559195	13509.0
347	896	209.99129566202504	10712.0
12	351	209.96235700036195	8427.0
45	522	209.94358997040874	8010.0
74	188	209.91658437013177	13248.0
179	864	209.91258702075052	9865.0
330	533	209.87825574850518	9095.0
184	720	209.79248166076542	14169.0
137	961	209.79205872652764	7618.0
474	503	209.70713351517526	6997.0
15	606	209.7046988375656	8655.0
866	990	209.68025876708833	8847.0
2	703	209.67175425810936	4764.0
2	703	209.67175425810936	4764.0
402	944	209.66360116727074	5290.0
199	958	209.65291605203143	9318.0
109	373	209.6528133851846	7861.0
423	462	209.6239319156287	13957.0
31	164	209.58390059633612	6117.0
375	646	209.5625342074243	11449.0
344	512	209.52262919369787	11898.0
404	569	209.42150416834417	11800.0
76	465	209.40583981650323	8899.0
122	201	209.3753022844544	6642.0
5	528	209.26551266301908	13449.0
141	650	209.2632112734373	7609.0
345	509	209.23653986319437	11598.0
337	624	209.22998780305127	8592.0
396	722	209.18246723782676	11753.0
659	790	209.11932042474473	7228.0
659	790	209.11932042474473	7228.0
566	575	209.08621144215184	4577.0
579	784	209.0663490527326	9812.0
586	748	209.04630504611868	10237.0
105	396	209.01178853009566	8437.0
744	962	209.00643987500803	10643.0
87	907	208.99294608696877	6937.0
553	656	208.96488561814738	8781.0
161	822	208.960095051055	8707.0
294	851	208.9156452064207	2789.0
341	678	208.88335723517696	13967.0
496	967	208.8734111032464	10925.0
746	775	208.84860333203386	8090.0
477	493	208.83652544141543	11809.0
337	850	208.821701916792	10742.0
140	994	208.77797214079175	13776.0
76	897	208.77094139594638	8820.0
173	759	208.76593499495903	7931.0
28	950	208.74752517109994	13643.0
59	867	208.72695848742356	10300.0
571	756	208.69451746999164	8605.0
84	277	208.6906447967607	8431.0
125	390	208.68600627360144	9134.0
178	380	208.6803592901356	12393.0
475	952	208.6390711210854	12343.0
184	241	208.5460050205553	12799.0
912	922	208.5321809078384	8165.0
949	1001	208.4905184902666	8936.0
800	862	208.48662997713768	9544.0
45	532	208.45993029975855	7850.0
137	173	208.4409107659449	7368.0
376	785	208.39348983931512	10154.0
475	839	208.38701028130595	10718.0
838	954	208.37847346036887	6012.0
530	948	208.34045474849245	9916.0
370	508	208.340330163484	9832.0
313	780	208.3294510360062	10289.0
199	244	208.29163719999866	11837.0
134	351	208.2750630002742	7969.0
660	854	208.22697893221556	9241.0
720	810	208.22336549023856	8923.0
83	413	208.15904952038628	12643.0
97	886	208.15537274903346	5145.0
159	677	208.10359552073885	7510.0
60	575	208.06635806182092	6173.0
176	319	208.0310295995266	5145.0
583	598	208.00461579390645	5563.0
531	608	207.95878051879072	7264.0
564	763	207.94738880284922	4281.0
60	432	207.93905761490225	2945.0
364	879	207.93719865938968	11299.0
681	936	207.91802841449413	11452.0
346	918	207.89036292004212	9651.0
304	836	207.88630166075353	11953.0
187	700	207.8822065689899	4795.0
20	270	207.84936490981747	7789.0
193	456	207.83627168320731	12300.0
512	924	207.79696797811454	10795.0
10	30	207.74754732533376	8713.0
499	791	207.6925222400902	6389.0
499	791	207.6925222400902	6389.0
511	768	207.61605914084478	13121.0
347	772	207.5479002626775	12573.0
57	385	207.5456108419015	7076.0
454	811	207.48652901849778	11966.0
590	751	207.4772553770348	7140.0
358	556	207.4240635347147	9397.0
314	557	207.40931483085296	12361.0
254	754	207.40315930439652	9999.0
17	701	207.38342462477826	10991.0
753	987	207.37862160738067	8763.0
255	340	207.3579486730751	10359.0
141	369	207.3497016611323	7420.0
559	927	207.22116098983565	15540.0
564	623	207.20866704758575	8246.0
666	883	207.14304772584873	11845.0
153	372	207.12522443434824	8018.0
390	698	207.07828321164527	12383.0
660	745	207.0639838456293	10735.0
491	891	207.0536751554236	11405.0
252	414	207.03676435974626	9904.0
601	886	207.00667381348765	4783.0
445	1001	206.92282706276376	7992.0
150	879	206.80744169958285	6771.0
651	855	206.76137747112426	10263.0
267	936	206.6683683659368	4062.0
13	655	206.65429603244996	8369.0
324	987	206.64384767342415	7666.0
433	626	206.63897434670866	7523.0
98	910	206.6317097277805	6631.0
263	546	206.57665483386975	6851.0
263	546	206.57665483386975	6851.0
217	850	206.5704375742482	5014.0
159	841	206.56589780322884	7869.0
471	599	206.56115129008418	10612.0
17	121	206.5436295437255	5555.0
591	879	206.52787341252662	8862.0
85	975	206.49703055217688	10448.0
566	694	206.47983037107338	7068.0
83	591	206.46167676402231	12622.0
50	935	206.41131049658244	9537.0
171	479	206.40274815926395	5052.0
501	690	206.310336557087	10792.0
11	220	206.30495936868482	6255.0
11	220	206.30495936868482	6255.0
622	752	206.2998242931072	5481.0
586	598	206.2971025277438	5819.0
432	575	206.27697360945183	3003.0
44	748	206.26334173122393	13519.0
189	555	206.25618668985913	2501.0
200	307	206.23979947388193	8083.0
158	598	206.23187061406807	4264.0
225	252	206.16436977871453	12361.0
575	940	206.15707415457928	7007.0
399	475	206.15483611631632	11041.0
280	485	206.1469697152464	9295.0
87	594	206.1240154906976	4712.0
522	532	206.11081805693394	9333.0
421	980	206.0852446399838	9103.0
632	881	206.06507660654185	6500.0
778	950	206.05042836155724	15318.0
6	720	206.03307556858405	11252.0
199	288	205.99736853896192	10572.0
691	775	205.99242055298427	7398.0
33	987	205.97974608775866	6737.0
429	996	205.93878883079904	10710.0
256	781	205.84987636178667	10467.0
332	921	205.8295416988811	9515.0
535	547	205.77319891658132	10213.0
888	971	205.7004420832434	9750.0
640	857	205.61053916867752	8645.0
647	876	205.57753521200502	10727.0
647	876	205.57753521200502	10727.0
628	930	205.56462224961194	10919.0
601	964	205.54757406823586	10405.0
10	686	205.4874410489013	13177.0
845	983	205.46791987761782	9080.0
245	735	205.4649600377172	10235.0
846	870	205.4647156952498	10300.0
431	503	205.45917622271264	10240.0
386	750	205.3939131685732	8294.0
98	438	205.35793651492932	6948.0
362	835	205.35474088804156	10871.0
362	835	205.35474088804156	10871.0
472	665	205.26559073299555	8764.0
211	766	205.20767476886212	8696.0
39	850	205.1681240190449	5376.0
468	558	205.16727062614353	11572.0
726	915	205.14668988524028	10146.0
587	729	205.0942750279591	9836.0
14	605	205.03752344218677	9156.0
440	579	205.03219977503883	9107.0
236	322	205.0319850844747	9216.0
50	835	205.0064184006226	9472.0
308	751	204.9583995761816	7799.0
837	1001	204.91654676562456	7475.0
297	310	204.91080412165763	3184.0
61	784	204.89950395533182	7555.0
300	831	204.75928461298702	8396.0
645	707	204.75285648913786	10052.0
654	907	204.73664040275438	9442.0
175	855	204.72260498800236	9459.0
720	830	204.70750524108018	10541.0
682	754	204.69658907502588	5266.0
413	879	204.66696670325157	7077.0
534	960	204.66387944723365	10736.0
126	520	204.66327603315847	8950.0
42	183	204.64538148329697	10523.0
184	421	204.5991964771667	6125.0
220	386	204.58702033721212	8773.0
727	796	204.5670642720175	7735.0
221	690	204.48940802160683	9578.0
312	631	204.48147136104785	8074.0
164	866	204.42839409613399	5480.0
596	667	204.42644959616092	15383.0
431	871	204.42557024836813	12329.0
277	474	204.40779400244506	10861.0
822	890	204.39140523668672	9739.0
463	544	204.38806432289226	8297.0
109	383	204.34222626665454	7732.0
632	700	204.31348686594262	4795.0
205	224	204.31163102415536	9336.0
395	915	204.2976401278944	14004.0
540	815	204.29478184672126	10019.0
153	879	204.29405662156415	7872.0
512	944	204.27815561514126	10948.0
592	965	204.20978224591644	1798.0
387	422	204.1198396882174	8742.0
55	870	204.08179486238794	10534.0
207	958	204.07734606024113	10606.0
68	587	204.0521532190518	8239.0
359	604	204.04253826156793	5533.0
86	177	204.00299603082337	7743.0
352	592	203.93807990655753	2265.0
691	748	203.9311677387246	3544.0
118	560	203.92384689545503	6802.0
445	837	203.91198179349303	6701.0
384	981	203.91144865465094	10031.0
343	744	203.88784408828485	10858.0
372	590	203.82595043887062	9379.0
419	880	203.78259771840678	5842.0
6	241	203.76407048035884	10773.0
150	751	203.76370872880648	7179.0
588	888	203.75329759612066	9665.0
530	663	203.72049104597028	11938.0
334	869	203.55218368648474	6983.0
334	869	203.55218368648474	6983.0
364	682	203.53370982504757	10872.0
23	258	203.4796326227857	6876.0
352	398	203.4681808302406	7992.0
320	731	203.41376489852522	11208.0
409	908	203.4101522700099	14808.0
134	343	203.36405918582963	9955.0
406	765	203.3220225326632	5775.0
185	307	203.31753792769211	2919.0
119	988	203.31065199799556	15915.0
192	595	203.28462126278453	4958.0
416	806	203.26752852951432	9378.0
234	794	203.25723968854547	10880.0
499	741	203.25295283294815	8561.0
499	741	203.25295283294815	8561.0
369	380	203.24906734970693	9812.0
26	533	203.2402613709339	6982.0
972	980	203.23297440508114	8483.0
122	535	203.21163205347852	6308.0
594	654	203.16734866278986	7012.0
69	355	203.16705961702877	11346.0
230	274	203.148344680719	13433.0
58	955	203.09397380679695	19443.0
598	909	203.08834712165677	3743.0
217	624	203.0857570139649	5896.0
158	229	203.05826958580025	7047.0
61	440	203.01622857272423	7636.0
583	774	202.96207121973194	8585.0
601	948	202.9431285659705	12757.0
254	526	202.92563130632757	10706.0
933	988	202.92519369099767	14200.0
490	654	202.91982780166654	8323.0
70	217	202.91757337899207	3249.0
188	914	202.8746622560899	10251.0
285	302	202.74842785296423	9168.0
599	606	202.7458551621927	9516.0
583	840	202.71230659041913	7114.0
328	744	202.62286134268905	9670.0
304	596	202.62096357148897	10086.0
197	216	202.58027181575622	10591.0
267	369	202.56623332069248	6846.0
84	787	202.5589795159632	6662.0
70	337	202.46601325346572	8973.0
45	884	202.45402889051806	7918.0
100	613	202.4468358623908	10060.0
678	817	202.43264147959644	15245.0
1	981	202.4289159172601	5885.0
0	508	202.42077803757832	7685.0
190	864	202.38475422574857	12676.0
413	682	202.37942486947446	8831.0
203	462	202.27503512455334	1970.0
558	760	202.25678746934204	13720.0
81	934	202.22605028930084	7697.0
81	934	202.22605028930084	7697.0
811	897	202.1669420125458	15659.0
505	582	202.1234683602894	10896.0
206	838	202.08608050405712	8741.0
110	741	202.0568297201145	8869.0
110	741	202.0568297201145	8869.0
516	833	202.04016728886822	15254.0
774	775	201.99851759034465	9438.0
175	651	201.93193223777132	10096.0
531	637	201.92556524696326	10180.0
449	990	201.91685748759232	13566.0
167	282	201.9037344586542	11530.0
56	807	201.86046516826272	8255.0
97	964	201.8529229791109	7796.0
42	368	201.81603523170017	10648.0
42	368	201.81603523170017	10648.0
498	849	201.77728673461286	10197.0
858	906	201.73780472536694	9672.0
95	690	201.71297796442167	8348.0
386	971	201.70220593951603	11622.0
402	924	201.69834139928557	4941.0
132	474	201.64166393387825	6021.0
83	414	201.62859167623557	12725.0
162	838	201.6283345269223	8021.0
30	57	201.61557906418457	7429.0
272	729	201.6001821526229	13785.0
150	590	201.59496462680093	6463.0
295	464	201.57898836147	6377.0
158	646	201.560991644938	9050.0
375	874	201.55589597996274	9201.0
11	588	201.50680441862932	6340.0
11	588	201.50680441862932	6340.0
653	735	201.4805854719756	3032.0
334	548	201.48055667991	5095.0
334	548	201.48055667991	5095.0
557	813	201.46393655748906	6952.0
407	467	201.3921985737325	11376.0
120	433	201.38620737149085	3576.0
607	771	201.3460850329033	15217.0
344	924	201.3454026564755	11374.0
39	235	201.31528587418535	13360.0
414	754	201.29533860596058	4628.0
110	791	201.2907508737967	11357.0
110	791	201.2907508737967	11357.0
360	495	201.28873168731985	7216.0
360	495	201.28873168731985	7216.0
364	754	201.26649735770584	5186.0
783	785	201.25414558104873	7720.0
783	785	201.25414558104873	7720.0
856	887	201.19444573200437	13424.0
170	739	201.0962853749326	6986.0
299	620	201.08617485919027	4466.0
475	730	201.05464028939585	11905.0
326	765	200.99815857347943	7127.0
221	415	200.99141239442147	10681.0
102	493	200.96711111662881	13081.0
619	719	200.96369954388348	11921.0
620	697	200.90699580643613	10707.0
3	592	200.88895995630776	7669.0
110	336	200.85061903799638	9078.0
110	336	200.85061903799638	9078.0
343	552	200.83376870237925	4197.0
30	796	200.80747159224325	6932.0
835	935	200.7755280713846	11449.0
68	831	200.77077117309045	7403.0
527	872	200.72511591660708	7999.0
70	235	200.72058967633615	7728.0
201	715	200.7179063263833	12216.0
752	898	200.70402700101565	6712.0
711	910	200.67839875935965	8867.0
153	798	200.67036916882486	8000.0
223	342	200.67013391745587	5805.0
145	989	200.6510911752983	8980.0
591	605	200.61272017740615	4066.0
3	99	200.59322683270995	6856.0
15	599	200.5802012995469	8807.0
582	988	200.57781302147666	5707.0
675	874	200.57723933750032	12416.0
235	850	200.50418721673782	8442.0
705	771	200.5007232526071	12970.0
745	785	200.46412641725152	14545.0
688	736	200.42698342897995	14832.0
483	711	200.4080641277058	8071.0
214	596	200.3678560207274	15825.0
660	785	200.36391987821506	10793.0
136	983	200.3537993620066	8029.0
299	946	200.29744003014434	6411.0
234	861	200.16874363509538	12369.0
302	352	200.14527575581783	2267.0
33	737	200.1116579007652	8194.0
232	373	199.91570835846747	10260.0
586	746	199.91564757629993	8044.0
160	476	199.90460485992656	9241.0
160	476	199.90460485992656	9241.0
412	635	199.8577517435402	11734.0
157	504	199.84652136787858	6781.0
39	624	199.81105798200542	6253.0
301	870	199.80142188105276	10876.0
886	945	199.79831178329746	9446.0
875	951	199.7873649687812	7641.0
344	788	199.78674163355325	11688.0
235	618	199.77637093550626	8493.0
234	282	199.7457324339095	11717.0
299	814	199.7373921008099	6884.0
80	839	199.70910338566196	11970.0
626	650	199.6804864088269	7162.0
353	661	199.67925197400427	11220.0
456	852	199.67369742508674	11026.0
229	646	199.65241497994597	6547.0
664	842	199.651393305306	5177.0
103	463	199.62817562865635	6852.0
336	499	199.57302447835733	9188.0
158	909	199.54458627718753	9015.0
723	990	199.49881868467486	7441.0
862	948	199.41621659925684	12532.0
216	607	199.4004731794177	10780.0
371	590	199.3839428310655	6841.0
326	406	199.3405543758846	5908.0
241	830	199.324611444749	10626.0
20	750	199.29671784239005	7502.0
70	917	199.26143218562137	8776.0
511	777	199.22628372162285	12712.0
316	467	199.20710894205104	11225.0
474	658	199.20557952484464	11097.0
813	857	199.14358780220482	8645.0
385	727	199.13064613658287	12047.0
416	447	199.12418357380682	9959.0
111	817	199.11906866974758	8584.0
661	903	199.09105689034703	8061.0
401	680	199.0868626468976	11181.0
334	391	199.06100051657398	7073.0
334	391	199.06100051657398	7073.0
183	368	199.0605367629672	8476.0
183	368	199.0605367629672	8476.0
111	953	199.0544523088205	8532.0
5	927	199.04176775128212	12125.0
417	789	199.00613303684733	10253.0
83	682	198.9946683430264	8647.0
144	236	198.9589980060988	9862.0
652	687	198.93454063044916	10792.0
36	569	198.8881521818825	7860.0
625	749	198.86393263821367	13662.0
87	708	198.82329023735053	7846.0
308	372	198.8138347603351	8418.0
785	981	198.8021371312909	9789.0
312	327	198.79819747770105	5252.0
199	496	198.76136486182594	5952.0
72	176	198.75919352407067	3145.0
135	688	198.73413424333225	7945.0
413	526	198.71464415444163	5522.0
504	743	198.70840505110112	8799.0
96	424	198.69936318476303	4393.0
500	968	198.6289419273154	10541.0
134	962	198.5938882872365	10092.0
137	733	198.56952896248683	7375.0
24	382	198.54653510395008	6779.0
274	867	198.53679585091328	14390.0
301	846	198.49845294221683	13656.0
725	756	198.4919113630104	11741.0
308	371	198.4565441244994	9535.0
197	213	198.43154281322788	5245.0
118	596	198.39661091268997	4929.0
270	386	198.3936923183295	11067.0
848	900	198.3902647777282	10930.0
305	987	198.34937112613235	6831.0
165	189	198.34162879936147	5026.0
165	189	198.34162879936147	5026.0
714	745	198.33811415462907	11922.0
570	867	198.33525384665091	14785.0
240	741	198.27193434366137	8332.0
753	906	198.27052627501166	7763.0
586	786	198.20379374949002	12407.0
385	686	198.18522540830216	14361.0
153	252	198.1714826836246	4139.0
39	405	198.06568359342597	10567.0
665	693	198.0490640687315	7141.0
176	666	198.0391371938218	4859.0
608	674	198.02213540543525	12582.0
623	979	198.0045387804792	7356.0
589	682	198.0031055761504	5584.0
372	751	198.0004884886018	8125.0
60	762	197.99762883014512	8544.0
150	473	197.8785947265247	6942.0
552	962	197.835242192525	3464.0
167	592	197.7720277506909	3796.0
396	420	197.76633442531028	8766.0
694	940	197.7558612730735	9496.0
503	787	197.7330138445905	10450.0
503	787	197.7330138445905	10450.0
272	831	197.7294025737055	8396.0
24	446	197.63916337569628	6887.0
226	375	197.6152966728811	4764.0
343	541	197.60385574156078	9845.0
62	346	197.5763282026195	8266.0
584	686	197.55102989461196	10876.0
443	464	197.5310442699617	6953.0
184	537	197.52282585711248	7401.0
363	595	197.4953535482347	6201.0
131	498	197.48098314561005	10555.0
51	687	197.44556916880833	7940.0
225	414	197.44272904745952	9464.0
220	270	197.4136706251844	8370.0
762	823	197.41159075977836	10596.0
78	944	197.3554342042351	9991.0
59	570	197.27451304750733	10253.0
312	367	197.2343456031425	8479.0
757	914	197.23281554862237	10516.0
730	839	197.22857102511213	10136.0
246	904	197.19730598302826	8756.0
268	562	197.18278995090574	8803.0
23	407	197.17843298081206	6849.0
99	338	197.12647098954673	8971.0
315	447	197.1016965277399	13298.0
173	862	197.05512156705186	4952.0
483	910	197.01716615446657	7582.0
134	488	197.0040569854187	5877.0
531	953	196.99640074902223	13726.0
814	946	196.97963508321996	7703.0
814	946	196.97963508321996	7703.0
71	847	196.9793326988585	7996.0
39	217	196.94403821764539	10280.0
379	635	196.91025998879527	8713.0
1	660	196.89897263485506	7421.0
36	573	196.86697747535533	8052.0
649	841	196.82827427378442	11751.0
309	562	196.82445237076652	10299.0
712	840	196.81912887333044	9667.0
578	596	196.8101021075861	5888.0
61	556	196.75218705425354	7994.0
175	863	196.74896064200993	9220.0
660	714	196.704752380449	13519.0
416	773	196.63954960616127	10551.0
465	811	196.62191923087676	12048.0
17	568	196.59575711496115	12511.0
403	877	196.5281508144592	14916.0
923	986	196.47732209484792	13889.0
140	546	196.47233284876907	4421.0
140	546	196.47233284876907	4421.0
746	786	196.45775852815893	7902.0
125	430	196.41356495608863	8945.0
456	653	196.37763737277126	10313.0
587	831	196.36447825364206	8392.0
614	662	196.33366015688551	13132.0
431	658	196.31454016995647	15648.0
247	427	196.27753057146754	4657.0
247	427	196.27753057146754	4657.0
569	742	196.26258386385535	12361.0
205	350	196.22919425558237	9746.0
205	350	196.22919425558237	9746.0
684	996	196.2178932368699	11459.0
334	770	196.2144252233536	7350.0
334	770	196.2144252233536	7350.0
629	722	196.20901630266303	13108.0
371	879	196.20877667172388	8879.0
714	981	196.1793537647475	10124.0
233	430	196.1757476586267	12927.0
586	840	196.17148374350273	6824.0
179	731	196.15410376193248	9514.0
118	949	196.0950147237212	7052.0
189	765	196.09425109205094	6889.0
245	697	196.03014470021043	13319.0
286	550	196.00158024456354	14352.0
263	480	195.98681805485364	9878.0
197	771	195.9713239749228	6690.0
658	787	195.93826833571075	12999.0
111	678	195.93292787941775	8617.0
504	901	195.93237823440023	5250.0
146	354	195.87140941632236	6406.0
774	786	195.84214498019875	12851.0
358	784	195.83574366529012	7753.0
225	682	195.8282586026653	10872.0
122	715	195.81630537581057	6586.0
839	952	195.8014664397481	12828.0
767	818	195.79973409196185	13716.0
275	389	195.74316116432934	10927.0
441	647	195.73955826247303	4893.0
20	588	195.66828583350042	8197.0
72	666	195.61995440989062	9436.0
72	666	195.61995440989062	9436.0
243	455	195.60348117690353	11419.0
568	701	195.57057231875237	12417.0
488	744	195.55606843428964	15088.0
623	984	195.553311375318	6839.0
441	876	195.51231197052593	4041.0
610	655	195.50942785030261	8180.0
735	946	195.425311440539	7703.0
735	946	195.425311440539	7703.0
247	359	195.42218197824891	5635.0
759	948	195.40126767216003	2494.0
31	449	195.38598601892517	8742.0
615	766	195.37721720991667	8696.0
750	971	195.37380227807998	9882.0
14	413	195.36079205168943	5482.0
253	408	195.3543279695776	8008.0
14	364	195.28833370559823	5668.0
3	349	195.2606814442448	7615.0
486	921	195.25512492004617	7867.0
410	700	195.2384882837752	3265.0
318	335	195.16847071253275	8463.0
707	804	195.10166830216326	9442.0
592	923	195.06843158448453	5179.0
50	984	195.04751348505815	5506.0
11	20	195.039616150873	6221.0
11	20	195.039616150873	6221.0
518	881	195.03946613945857	5438.0
456	900	195.0239035659496	11015.0
369	681	194.98957026530428	10536.0
376	384	194.9846411949331	6579.0
566	762	194.96455219134032	7640.0
539	572	194.9190603964273	3819.0
733	945	194.9114755953066	9446.0
655	789	194.9055414413097	9012.0
542	995	194.86926664281063	8015.0
737	987	194.85319928944855	8295.0
603	752	194.80094566303285	6975.0
286	488	194.79244128285123	13913.0
21	509	194.77203796937283	8905.0
763	935	194.74942963964494	4230.0
192	424	194.7321896351074	4986.0
670	892	194.6904932693032	7443.0
591	710	194.59411821457175	11241.0
362	935	194.59115793702978	12316.0
362	935	194.59115793702978	12316.0
759	945	194.554643906386	8058.0
519	986	194.51981592991197	10834.0
265	618	194.48977987553928	3998.0
607	974	194.4495577782463	10498.0
125	780	194.42853516036396	9107.0
149	860	194.40648156186256	6809.0
452	571	194.38778246648891	8136.0
768	930	194.32954801019105	11236.0
566	823	194.2954944262213	8498.0
527	755	194.2569651724052	9501.0
291	310	194.22348291832134	3942.0
592	986	194.20357652668417	3965.0
231	900	194.18778627888094	10514.0
560	1001	194.18363330427306	8943.0
2	295	194.1738696275804	3647.0
2	295	194.1738696275804	3647.0
176	707	194.1585327597281	10142.0
87	654	194.1321425186441	7746.0
560	837	194.1060307397401	9560.0
318	325	194.10006855967472	10916.0
395	876	194.09985981423458	8328.0
167	794	194.0343246530812	10806.0
58	271	194.02745840588193	12825.0
655	993	194.01445255670905	10739.0
121	640	193.99423579377435	7962.0
810	830	193.9797790828078	7423.0
458	745	193.9689803594317	10621.0
360	631	193.9335941841943	6482.0
360	631	193.9335941841943	6482.0
423	954	193.85354928739017	4566.0
178	650	193.8195191088859	8826.0
745	854	193.7857724106893	12968.0
578	837	193.78350645076554	12639.0
654	708	193.77870467197155	8843.0
50	362	193.77573936435712	9521.0
50	362	193.77573936435712	9521.0
217	235	193.72160208686734	10069.0
586	712	193.71450606526676	6544.0
31	797	193.69386494415724	7529.0
820	933	193.68331579581934	13518.0
556	579	193.61301959441332	10641.0
407	664	193.42782485920924	5597.0
468	760	193.40630724897846	12193.0
780	905	193.4000272632147	11602.0
124	844	193.39113361485428	7566.0
95	415	193.37815331781732	8638.0
510	541	193.3668910906283	11201.0
81	213	193.36442036864125	5553.0
737	906	193.3560093558875	9674.0
58	704	193.32532312077416	15663.0
436	962	193.30328354794193	11090.0
945	961	193.25006303444755	9513.0
450	463	193.24516163499138	7606.0
105	722	193.2386802755674	8359.0
504	703	193.23479741795353	3956.0
341	817	193.2080703426064	13863.0
47	659	193.07357562627348	5921.0
267	311	193.03260477177537	7823.0
189	321	193.02979724371116	7532.0
627	823	192.99888691155493	8351.0
639	954	192.98259395514546	8663.0
438	483	192.952490791161	8877.0
58	718	192.94488528316487	13474.0
333	631	192.91857579832396	7210.0
510	740	192.90871099239473	9011.0
531	817	192.84024350342375	8826.0
452	797	192.8318339275961	10442.0
449	725	192.8238153993603	12804.0
234	592	192.8014956885091	3799.0
150	372	192.71168903899706	7240.0
336	791	192.6733728446925	6900.0
336	791	192.6733728446925	6900.0
755	872	192.6720453550657	5757.0
419	524	192.65363546185947	5184.0
1	745	192.60805322437324	5479.0
43	960	192.5986296163976	10506.0
14	414	192.58232602006862	5592.0
603	898	192.55244640645242	10236.0
125	698	192.52556288374782	9166.0
677	841	192.5153841877141	10219.0
71	714	192.50223279510024	7094.0
319	883	192.5019690909918	11394.0
187	518	192.42216904551873	8098.0
253	490	192.41749729846038	8052.0
253	490	192.41749729846038	8052.0
34	208	192.4050521325033	5342.0
34	208	192.4050521325033	5342.0
280	469	192.40078086730034	9321.0
564	984	192.40038358078948	8411.0
205	983	192.39017040522324	13132.0
405	624	192.38636254716923	7032.0
125	498	192.36931710078804	4302.0
314	568	192.35430242971148	9672.0
225	710	192.35017639108824	11237.0
313	390	192.3322301644658	13207.0
158	926	192.31462698160033	3357.0
21	345	192.3041819958285	8965.0
231	456	192.30401982739863	10150.0
289	838	192.30366670867667	8359.0
424	595	192.23048088579037	8666.0
245	299	192.22216155400483	10463.0
131	430	192.2027745705794	8984.0
292	781	192.19231387786473	10257.0
23	865	192.17389782711246	7329.0
750	888	192.15718028014484	7734.0
181	704	192.14008521288108	9261.0
224	350	192.06822028571878	9922.0
224	350	192.06822028571878	9922.0
204	640	192.03368220866778	11615.0
421	728	191.9957957616548	8301.0
467	843	191.9775972572976	10328.0
351	488	191.94127873337402	13623.0
544	924	191.93666164223757	9126.0
71	458	191.93389707637576	6017.0
334	771	191.92104850064493	5296.0
334	771	191.92104850064493	5296.0
680	914	191.896452965806	10491.0
623	935	191.89340858378466	8032.0
211	331	191.81229935266043	10304.0
158	774	191.7996108652144	4901.0
338	352	191.7930150832886	2315.0
412	693	191.78997495835486	9868.0
56	309	191.78878907954544	8587.0
574	986	191.78737750268618	9802.0
223	482	191.78058321493938	6101.0
390	905	191.71587857910944	10033.0
126	819	191.70120508685696	9214.0
275	815	191.69522520204598	13879.0
234	338	191.6946656567747	3335.0
637	953	191.6855380357899	13190.0
647	713	191.6766316630008	8913.0
647	713	191.6766316630008	8913.0
560	949	191.63242895530365	9277.0
408	594	191.6217176460832	7848.0
71	384	191.61519402229766	6295.0
492	652	191.61116861493318	10731.0
207	244	191.5629380796084	11786.0
172	876	191.5495652981456	9143.0
408	708	191.5421873120949	8843.0
119	582	191.52314376633728	5576.0
514	655	191.51835809495753	7651.0
62	918	191.5006502362482	7924.0
519	574	191.4926084457412	12072.0
477	630	191.46759916153195	10052.0
430	849	191.42014791286053	10271.0
141	311	191.4184938615434	7388.0
849	905	191.3799594813258	11244.0
132	787	191.3770552974534	8228.0
206	954	191.33930686350652	2761.0
725	866	191.33729493517666	9455.0
472	922	191.3182451875379	8859.0
479	977	191.2814711953998	3848.0
86	402	191.27216735221336	7675.0
524	880	191.25491889934094	6361.0
62	429	191.20105670786796	7927.0
241	810	191.17474366057004	8313.0
32	524	191.14006721321292	4039.0
486	549	191.1317498965036	9119.0
17	857	191.04379787632467	5473.0
716	976	191.0145096968106	12738.0
729	831	190.99449967519354	8396.0
332	486	190.97303057874396	10941.0
712	909	190.92054664988564	2510.0
85	636	190.86411041398884	10933.0
521	627	190.83340495257087	14521.0
654	994	190.82447928676922	7094.0
857	991	190.82313772608796	8542.0
380	626	190.80827445026276	9452.0
427	604	190.78098224240821	4670.0
427	604	190.78098224240821	4670.0
65	395	190.7808230514103	12126.0
149	766	190.73361141428947	6757.0
414	710	190.72174998067308	9614.0
294	656	190.69873359663683	3068.0
262	630	190.68102899850814	10362.0
375	909	190.66788205349908	8975.0
775	786	190.66684678505	13034.0
0	513	190.63054656642714	8424.0
6	830	190.55065837713354	9233.0
728	980	190.49488768151295	10038.0
141	178	190.46803863798195	7680.0
735	929	190.41577335491095	4428.0
774	909	190.34860376917004	4459.0
96	842	190.34406169768113	4588.0
362	623	190.32847332192964	8246.0
362	623	190.32847332192964	8246.0
402	767	190.30051836685266	9785.0
784	887	190.29956151464032	8941.0
498	780	190.2866167352886	5881.0
553	896	190.28331135676908	10423.0
574	923	190.22658832271756	8615.0
118	667	190.2168967758641	5384.0
445	560	190.16962284992422	10055.0
249	853	190.09944240869368	8901.0
430	498	190.07476814824847	8361.0
128	997	190.06725612268937	7550.0
4	353	190.03828959358358	14495.0
198	326	190.02962743658296	8709.0
212	228	190.00987279244237	4426.0
463	924	189.9941916228617	6991.0
121	204	189.96246296451235	8686.0
347	553	189.95469982737552	10411.0
427	925	189.9392420775679	4710.0
427	925	189.9392420775679	4710.0
118	837	189.9375869941157	7219.0
613	872	189.89188120088582	6337.0
147	972	189.88871598271794	5992.0
34	427	189.8498771236217	6185.0
34	427	189.8498771236217	6185.0
399	730	189.83803157713902	11907.0
180	674	189.83095468955	10960.0
445	836	189.76655160210757	4538.0
359	427	189.7505880220274	3936.0
359	427	189.7505880220274	3936.0
730	952	189.7407144775925	12715.0
375	586	189.7184546685808	2921.0
661	695	189.7072178981943	9175.0
713	876	189.67487587261516	8819.0
65	956	189.66557610482172	12020.0
462	525	189.65928161997425	13410.0
205	845	189.643531619037	9089.0
343	962	189.62957717652984	13081.0
380	936	189.61964406033684	7266.0
247	604	189.61274010963245	8136.0
328	351	189.59073045679668	9786.0
114	995	189.57898585694068	7183.0
578	949	189.46618963774327	8557.0
262	493	189.4419764327556	13573.0
37	775	189.4304060829699	5115.0
157	904	189.39847876695393	6635.0
251	335	189.3900797723983	10586.0
314	617	189.3808287633903	10871.0
309	807	189.36186322467816	12788.0
190	320	189.34243992291073	11364.0
9	560	189.3165642722636	12516.0
881	977	189.29698694689213	5311.0
173	642	189.25413668681088	11787.0
597	739	189.1640747556832	10862.0
287	494	189.15985110004667	4643.0
287	494	189.15985110004667	4643.0
472	868	189.15369135669627	6688.0
605	879	189.144893233817	3439.0
562	807	189.09975937393682	10076.0
422	976	189.08979176463086	8557.0
462	639	189.07111125273417	9811.0
745	981	189.05848776125436	9580.0
6	810	189.03481446366507	9797.0
346	511	189.00188766578194	10305.0
608	953	188.9734882173949	9469.0
650	936	188.9731069176016	5049.0
390	430	188.9570040842877	9242.0
128	393	188.93226218700093	7371.0
423	764	188.8827496769711	15447.0
327	333	188.85616890635393	4652.0
170	691	188.85293900027574	7240.0
529	533	188.81771383218572	10357.0
430	791	188.79666980669708	4471.0
430	791	188.79666980669708	4471.0
412	472	188.77094474427463	12406.0
759	961	188.7703409586462	8130.0
179	320	188.7633287035222	9560.0
44	774	188.75441465045625	12848.0
68	300	188.7451318576313	8297.0
466	596	188.7423571042857	11689.0
431	787	188.72631807370072	12999.0
665	922	188.69692325579462	8107.0
154	455	188.65424680404232	11419.0
771	934	188.63039895704532	11578.0
771	934	188.63039895704532	11578.0
352	861	188.62828353146733	2242.0
136	845	188.60615518304084	8015.0
4	903	188.57482105931157	12048.0
95	501	188.5729346957189	8208.0
473	751	188.56311886243105	7141.0
141	626	188.5519148215339	7048.0
213	361	188.53370028153057	4993.0
189	198	188.43468364420832	4824.0
69	625	188.4107430387024	11165.0
532	884	188.40842632848828	11296.0
519	923	188.40675325852493	9598.0
119	820	188.40073842817588	16559.0
557	617	188.396008486648	10827.0
305	737	188.35806462494642	9386.0
113	574	188.3106697558625	11374.0
225	364	188.29597915551506	12076.0
471	738	188.25873776319045	11044.0
332	549	188.23631204794242	10829.0
367	495	188.2229403865678	6196.0
387	976	188.20591485298002	11244.0
172	713	188.17476040225952	8813.0
321	326	188.12376546186616	7600.0
279	721	188.10325600912535	12739.0
413	973	188.0672677650352	13235.0
343	488	188.05706992444635	7980.0
83	526	188.03692212646348	5543.0
364	526	188.02308002765503	5543.0
109	232	188.0009498567528	8052.0
526	682	187.97841542407508	5563.0
2	464	187.96825060032168	4757.0
2	464	187.96825060032168	4757.0
772	896	187.9282346128195	10744.0
258	664	187.8835924549127	2424.0
172	924	187.85735707995465	7055.0
635	665	187.83777218772943	7865.0
92	389	187.82352981130973	7844.0
155	734	187.80429521332366	14263.0
740	844	187.7994018866926	7746.0
601	642	187.78316662859478	12749.0
197	705	187.73110149230888	7923.0
707	795	187.71417647342486	10185.0
55	301	187.6752637887675	11624.0
438	910	187.65937518714765	8830.0
407	424	187.6472122153592	7533.0
226	998	187.59656709363676	4785.0
290	761	187.5371376367223	10236.0
63	551	187.52326661958182	7867.0
135	469	187.49983289171664	8203.0
516	820	187.47405975286856	15725.0
198	776	187.44771360133666	13809.0
261	323	187.4417819982336	11062.0
81	548	187.4017947181804	5591.0
837	949	187.38097653938735	7710.0
118	578	187.3725658623042	7104.0
137	886	187.35869975303916	7383.0
303	822	187.31122914740945	10995.0
733	759	187.31106982925746	7929.0
199	967	187.30884958001755	6434.0
402	788	187.30376269752784	6314.0
318	585	187.26901997765097	9617.0
351	962	187.26851640425625	8797.0
137	945	187.22987947912884	7537.0
413	589	187.22477226869432	5423.0
238	814	187.19516773707807	6138.0
642	800	187.19118130226613	9747.0
542	670	187.16992365626348	7648.0
11	386	187.13149342812596	6237.0
11	386	187.13149342812596	6237.0
229	909	187.1235055037932	6791.0
521	823	187.0932491706193	11193.0
104	530	187.08133245124188	6062.0
215	661	187.06823817764138	9701.0
282	861	187.054299059786	9376.0
253	594	187.0026470262906	4564.0
44	746	186.99656557549426	7148.0
97	733	186.98087364731634	6918.0
14	589	186.9576877786126	9528.0
628	996	186.94173017863557	5978.0
697	946	186.93892104825719	7703.0
697	946	186.93892104825719	7703.0
222	853	186.9236384739803	10265.0
176	883	186.87777855930435	8581.0
72	883	186.87697459954654	8631.0
452	725	186.8320709246466	10250.0
925	969	186.81530615983309	9064.0
225	754	186.78567151002883	5186.0
268	309	186.7831409044694	10248.0
157	743	186.74118959329547	6755.0
270	588	186.73598110465554	10621.0
119	933	186.71908773326612	12622.0
346	628	186.70561741905524	6210.0
521	940	186.70094006954199	11107.0
157	821	186.61686916023493	7570.0
526	879	186.60368596464156	3337.0
83	710	186.5929741978339	8914.0
46	983	186.56316740223303	7919.0
46	983	186.56316740223303	7919.0
164	449	186.51316447217337	5817.0
167	285	186.50953144132663	3263.0
131	849	186.50869937696945	11507.0
51	652	186.4866727272555	8107.0
341	531	186.48132616758213	8575.0
384	745	186.45102692655087	10516.0
366	415	186.38401785693807	5381.0
862	968	186.33178384749553	5730.0
663	948	186.32853410913964	12493.0
413	754	186.30407515436832	5186.0
601	663	186.27987309510502	14048.0
188	680	186.26026290196685	11284.0
758	867	186.1936464951509	11758.0
422	657	186.18867769231016	8890.0
153	371	186.18834016455386	5141.0
14	254	186.17809591676365	9762.0
184	980	186.11832942812612	5963.0
135	611	185.99703600745306	8126.0
169	416	185.9820346191774	5001.0
360	513	185.96900345435827	8498.0
360	513	185.96900345435827	8498.0
445	578	185.950072243372	6838.0
248	366	185.93329363777138	11691.0
282	352	185.93158771018307	2278.0
39	265	185.9289689693321	13032.0
99	592	185.88316074676982	8976.0
252	754	185.8624001923747	4869.0
675	998	185.83781979464197	8828.0
646	909	185.83075871645983	9329.0
521	575	185.72145695699902	7209.0
100	872	185.71847227295464	7043.0
665	868	185.69971984832785	3682.0
346	930	185.6152541407541	6323.0
78	788	185.60909178390764	10658.0
69	749	185.60371565342203	11018.0
99	285	185.5761388206704	9052.0
745	783	185.57603092484695	6513.0
53	223	185.51258456840804	3828.0
789	993	185.49283633207088	10077.0
665	912	185.4751982292918	7585.0
780	849	185.435194255953	7915.0
660	981	185.40111496502624	10124.0
527	613	185.2967268197894	11460.0
662	834	185.25013328733547	16091.0
734	760	185.20493872379208	15747.0
199	207	185.1136020556739	10044.0
67	694	185.09807069662702	2096.0
566	940	185.08762452229624	8865.0
541	962	185.08305945298085	9135.0
139	244	185.0612842157019	8923.0
694	762	185.05062080980034	9851.0
238	946	185.03252439717792	4263.0
238	946	185.03252439717792	4263.0
360	471	185.01606580234755	2183.0
360	471	185.01606580234755	2183.0
136	205	184.97839250298705	8014.0
125	313	184.87335791380332	8948.0
572	784	184.8324102558797	6918.0
670	672	184.83171405194483	11586.0
551	878	184.78957661598136	11526.0
65	915	184.77818755450159	11400.0
163	248	184.77220910527768	7871.0
413	710	184.76123088174904	9629.0
191	286	184.76047849308927	10211.0
32	947	184.69943633505878	4310.0
153	308	184.6631146418673	5208.0
748	786	184.65309567286965	13027.0
436	744	184.62402805709868	10980.0
7	891	184.58548798039882	11131.0
764	1000	184.57053441012707	15810.0
490	994	184.5687305109729	4771.0
432	694	184.5249790952156	3019.0
375	998	184.49451382242674	5777.0
189	354	184.35393370057565	2441.0
323	366	184.32415766466804	11434.0
376	660	184.28710248220872	6326.0
285	349	184.25628674779682	10080.0
195	310	184.2532480679752	5790.0
32	419	184.24773042372135	4281.0
89	644	184.19423592716444	8621.0
214	836	184.1840120502369	11638.0
15	634	184.0785660943951	8855.0
641	925	184.0595061663268	9796.0
11	888	184.0273059921399	6287.0
11	888	184.0273059921399	6287.0
14	591	184.0206003682297	5559.0
235	337	183.97385446319163	8100.0
180	531	183.9514566126018	7656.0
96	407	183.93398674575664	4480.0
225	413	183.87039785255334	9355.0
204	857	183.86992060807557	8645.0
147	537	183.815589230932	5960.0
269	441	183.80790178948382	9257.0
635	922	183.76988035095027	8859.0
244	435	183.75550270767414	10312.0
21	969	183.71827686094943	8732.0
259	396	183.6223678345594	10918.0
637	678	183.61445940540645	12680.0
445	667	183.58406504703612	9210.0
403	960	183.57617042943414	12207.0
31	990	183.54575421099247	8883.0
