511	930	32	10834.0
174	621	32	7951.0
872	931	32	10219.0
193	848	32	12193.0
237	276	32	11745.0
121	857	32	7897.0
512	924	32	10795.0
124	541	32	7400.0
472	912	32	7861.0
50	564	32	9471.0
607	771	32	15217.0
71	785	32	8265.0
437	699	32	11009.0
84	503	32	6580.0
84	871	32	5818.0
503	871	32	9508.0
246	504	32	8581.0
322	932	32	9433.0
550	744	32	17172.0
126	908	32	9883.0
327	513	32	7141.0
14	413	32	5482.0
14	682	32	5585.0
413	682	32	8831.0
423	462	32	13957.0
880	947	32	6598.0
298	773	32	8625.0
188	914	32	10251.0
175	651	32	10096.0
3	338	32	7658.0
109	373	32	7861.0
835	935	32	11449.0
164	723	32	5930.0
188	401	32	11027.0
157	743	32	6755.0
759	961	32	8130.0
462	764	32	14796.0
236	322	32	9216.0
245	620	32	6527.0
245	697	32	13319.0
620	697	32	10707.0
28	805	32	13119.0
100	613	32	10060.0
242	687	32	9179.0
364	591	32	16716.0
224	845	32	11840.0
586	775	32	13430.0
364	526	32	5543.0
286	343	32	7610.0
286	744	32	14421.0
343	744	32	10858.0
344	944	32	11524.0
552	740	32	8516.0
225	605	32	5063.0
225	682	32	10872.0
225	754	32	5186.0
605	682	32	5194.0
605	754	32	9885.0
682	754	32	5266.0
304	596	32	10086.0
64	276	32	10522.0
312	508	32	6758.0
312	513	32	10659.0
508	513	32	10664.0
432	575	32	3003.0
354	706	32	10791.0
104	862	32	5580.0
163	248	32	7871.0
0	370	32	7912.0
665	912	32	7585.0
456	802	32	8714.0
68	587	32	8239.0
610	702	32	10079.0
709	737	32	11402.0
433	681	32	5169.0
693	912	32	6492.0
98	711	32	6758.0
327	495	32	6715.0
269	546	32	7610.0
105	629	32	8160.0
192	363	32	4982.0
203	838	32	5736.0
179	864	32	9865.0
416	447	32	9959.0
150	879	32	6771.0
598	712	32	8760.0
820	988	32	16804.0
363	424	32	6169.0
526	589	32	14115.0
378	529	32	8141.0
273	287	32	4865.0
314	857	32	6446.0
171	518	32	11829.0
375	874	32	9201.0
830	972	32	2660.0
182	886	32	10749.0
189	555	32	2501.0
189	706	32	1645.0
555	706	32	11988.0
173	642	32	11787.0
239	984	32	12174.0
115	246	32	1323.0
635	665	32	7865.0
280	688	32	9379.0
289	784	32	14119.0
542	995	32	8015.0
390	780	32	10383.0
17	640	32	6326.0
748	775	32	10934.0
67	694	32	2096.0
191	351	32	10592.0
472	665	32	8764.0
449	452	32	13058.0
462	525	32	13410.0
275	507	32	15688.0
183	671	32	9671.0
80	952	32	14311.0
216	771	32	7447.0
760	793	32	12284.0
236	293	32	8770.0
113	574	32	11374.0
124	552	32	7315.0
427	925	32	4710.0
270	888	32	9650.0
717	832	32	6934.0
409	928	32	12529.0
226	926	32	4862.0
319	721	32	12062.0
70	618	32	9009.0
369	650	32	8053.0
495	513	32	11111.0
413	414	32	14365.0
597	739	32	10862.0
197	361	32	10510.0
607	705	32	12826.0
50	979	32	9573.0
26	378	32	7199.0
728	980	32	10038.0
647	812	32	12760.0
31	725	32	8809.0
31	990	32	8883.0
725	990	32	11123.0
21	345	32	8965.0
712	840	32	9667.0
10	727	32	9187.0
207	244	32	11786.0
361	934	32	8025.0
264	967	32	1766.0
298	416	32	8471.0
730	764	32	1291.0
620	929	32	4428.0
358	440	32	9003.0
356	832	32	10261.0
159	649	32	7462.0
436	550	32	10588.0
119	988	32	15915.0
307	685	32	4744.0
558	760	32	13720.0
366	690	32	2623.0
874	998	32	9817.0
311	369	32	7036.0
614	662	32	13132.0
39	850	32	5376.0
201	547	32	11277.0
220	588	32	8808.0
220	888	32	8799.0
588	888	32	9665.0
425	994	32	14733.0
161	303	32	8530.0
270	386	32	11067.0
649	677	32	10364.0
327	631	32	6893.0
421	972	32	7685.0
628	930	32	10919.0
170	597	32	7867.0
234	790	32	1976.0
424	467	32	5695.0
399	730	32	11907.0
153	590	32	7971.0
235	624	32	10450.0
50	129	32	1947.0
50	362	32	9521.0
50	935	32	9537.0
129	362	32	1724.0
129	935	32	1728.0
362	935	32	12316.0
526	682	32	5563.0
566	627	32	8425.0
477	630	32	10052.0
367	513	32	7856.0
68	272	32	8286.0
83	414	32	12725.0
65	956	32	12020.0
280	485	32	9295.0
528	927	32	15540.0
413	526	32	5522.0
267	433	32	7611.0
204	640	32	11615.0
333	631	32	7210.0
76	454	32	8804.0
427	604	32	4670.0
551	689	32	10081.0
596	836	32	11372.0
39	217	32	10280.0
109	383	32	7732.0
625	749	32	13662.0
525	764	32	13463.0
162	887	32	9421.0
452	571	32	8136.0
452	723	32	8232.0
452	797	32	10442.0
571	723	32	7168.0
571	797	32	7687.0
723	797	32	7067.0
126	409	32	10087.0
289	579	32	8450.0
399	475	32	11041.0
72	883	32	8631.0
575	940	32	7007.0
370	495	32	10810.0
618	850	32	11453.0
116	608	32	6271.0
530	601	32	11315.0
246	743	32	8933.0
13	655	32	8369.0
172	713	32	8813.0
28	778	32	13364.0
60	823	32	8588.0
251	335	32	10586.0
591	682	32	10847.0
158	675	32	10216.0
36	569	32	7860.0
417	655	32	10510.0
560	1001	32	8943.0
369	626	32	9453.0
118	596	32	4929.0
98	266	32	6918.0
180	817	32	2770.0
698	780	32	10803.0
83	879	32	6891.0
89	447	32	8364.0
542	892	32	7404.0
238	299	32	2918.0
555	776	32	13419.0
540	815	32	10019.0
188	757	32	11165.0
180	674	32	10960.0
598	775	32	6425.0
262	477	32	11968.0
375	646	32	11449.0
311	650	32	7012.0
464	703	32	6130.0
741	791	32	6902.0
230	867	32	12633.0
195	291	32	4062.0
103	924	32	6460.0
333	360	32	7255.0
32	524	32	4039.0
193	231	32	10770.0
591	879	32	8862.0
374	831	32	8396.0
386	888	32	9482.0
165	406	32	5098.0
639	764	32	11595.0
654	907	32	9442.0
619	989	32	9500.0
813	857	32	8645.0
206	954	32	2761.0
61	579	32	7577.0
232	383	32	9375.0
670	995	32	8932.0
263	812	32	9226.0
295	504	32	7714.0
295	901	32	8104.0
504	901	32	5250.0
276	283	32	11805.0
60	575	32	6173.0
156	887	32	4904.0
618	624	32	10223.0
290	801	32	11192.0
39	917	32	4517.0
862	948	32	12532.0
34	509	32	2882.0
413	591	32	13293.0
183	470	32	10274.0
127	514	32	8753.0
319	645	32	7677.0
136	845	32	8015.0
82	753	32	9106.0
178	650	32	8826.0
824	869	32	10798.0
376	458	32	5349.0
158	748	32	4389.0
154	517	32	11393.0
337	850	32	10742.0
874	926	32	8350.0
116	180	32	6335.0
833	988	32	17070.0
355	625	32	17287.0
769	898	32	6955.0
104	601	32	6266.0
645	795	32	12873.0
592	717	32	1657.0
206	856	32	11111.0
178	267	32	7610.0
137	759	32	7474.0
3	285	32	7783.0
800	862	32	9544.0
1	745	32	5479.0
28	950	32	13643.0
39	405	32	10567.0
29	288	32	11391.0
246	821	32	8766.0
334	391	32	7073.0
289	856	32	11431.0
401	680	32	11181.0
16	290	32	8158.0
33	753	32	7261.0
150	371	32	7081.0
572	838	32	8455.0
87	654	32	7746.0
33	324	32	7955.0
68	374	32	8189.0
437	528	32	11912.0
172	876	32	9143.0
228	365	32	5092.0
44	775	32	14227.0
184	972	32	6351.0
416	773	32	10551.0
57	957	32	6695.0
174	222	32	8290.0
499	741	32	8561.0
141	380	32	7310.0
391	824	32	11452.0
892	995	32	7732.0
402	788	32	6314.0
81	771	32	6396.0
800	964	32	10405.0
261	366	32	13210.0
635	693	32	9888.0
361	607	32	10043.0
613	872	32	6337.0
580	778	32	10977.0
445	560	32	10055.0
445	836	32	4538.0
560	836	32	4515.0
320	864	32	10359.0
12	351	32	8427.0
579	784	32	9812.0
425	594	32	16358.0
205	224	32	9336.0
333	515	32	8713.0
64	985	32	10845.0
276	985	32	12336.0
360	631	32	6482.0
594	654	32	7012.0
31	756	32	8818.0
524	947	32	7272.0
64	237	32	11593.0
208	427	32	4657.0
208	604	32	7331.0
438	711	32	9593.0
1	981	32	5885.0
564	979	32	9938.0
426	679	32	12252.0
285	338	32	11273.0
141	267	32	6717.0
103	450	32	6882.0
153	879	32	7872.0
198	326	32	8709.0
539	856	32	6345.0
162	784	32	6776.0
740	844	32	7746.0
121	204	32	8686.0
541	552	32	8712.0
394	851	32	7151.0
598	748	32	9077.0
496	643	32	13820.0
442	897	32	11231.0
33	737	32	8194.0
323	415	32	12574.0
248	261	32	13178.0
10	686	32	13177.0
686	727	32	9362.0
507	815	32	13879.0
273	494	32	4188.0
190	864	32	12676.0
666	721	32	11711.0
454	465	32	10135.0
31	797	32	7529.0
797	990	32	10402.0
553	896	32	10423.0
733	964	32	3229.0
313	390	32	13207.0
58	271	32	12825.0
667	836	32	13346.0
450	638	32	7362.0
352	398	32	7992.0
141	433	32	7537.0
378	533	32	8801.0
518	632	32	9962.0
180	608	32	12608.0
601	964	32	10405.0
545	890	32	12602.0
559	699	32	11881.0
559	927	32	15540.0
150	590	32	6463.0
371	590	32	6841.0
391	869	32	11049.0
132	658	32	8014.0
371	879	32	8879.0
672	995	32	9247.0
407	664	32	5597.0
215	353	32	11953.0
23	664	32	1195.0
0	327	32	6692.0
43	403	32	10524.0
274	303	32	9123.0
84	474	32	8320.0
384	745	32	10516.0
384	785	32	11061.0
384	854	32	8859.0
745	785	32	14545.0
745	854	32	12968.0
785	854	32	13333.0
204	314	32	6506.0
407	843	32	6971.0
174	859	32	8134.0
179	190	32	9708.0
624	850	32	11081.0
96	424	32	4393.0
96	842	32	4588.0
424	842	32	5177.0
54	263	32	4825.0
479	700	32	4584.0
198	706	32	10971.0
192	595	32	4958.0
120	650	32	3708.0
305	858	32	8564.0
328	550	32	9581.0
15	599	32	8807.0
126	819	32	9214.0
409	819	32	14897.0
243	803	32	14021.0
458	981	32	10124.0
197	607	32	10059.0
384	714	32	11639.0
124	510	32	7421.0
169	806	32	7240.0
195	919	32	3148.0
122	201	32	6642.0
97	800	32	8377.0
218	877	32	12569.0
89	806	32	8830.0
83	252	32	9524.0
682	798	32	5053.0
433	626	32	7523.0
801	970	32	11512.0
794	861	32	8924.0
866	990	32	8847.0
497	536	32	3722.0
366	489	32	10721.0
344	924	32	11374.0
181	955	32	15288.0
351	744	32	14961.0
525	1000	32	12480.0
266	910	32	8289.0
858	906	32	9672.0
509	925	32	11982.0
520	928	32	8687.0
150	973	32	5389.0
308	372	32	8418.0
349	592	32	10309.0
97	964	32	7796.0
617	640	32	10296.0
258	424	32	2391.0
258	467	32	10734.0
429	918	32	9080.0
474	658	32	11097.0
234	794	32	10880.0
234	861	32	12369.0
236	932	32	10166.0
820	933	32	13518.0
312	631	32	8074.0
0	360	32	4988.0
203	764	32	3686.0
764	838	32	2311.0
338	592	32	11683.0
234	717	32	1675.0
717	861	32	1591.0
134	351	32	7969.0
134	744	32	9661.0
783	785	32	7720.0
544	924	32	9126.0
127	610	32	8530.0
407	842	32	5177.0
462	745	32	1491.0
672	892	32	7445.0
449	723	32	8232.0
174	249	32	8219.0
167	592	32	3796.0
467	595	32	2058.0
420	629	32	10216.0
330	378	32	8775.0
384	981	32	10031.0
97	968	32	4380.0
433	650	32	8835.0
458	785	32	10876.0
10	584	32	10788.0
513	631	32	13868.0
283	985	32	12084.0
756	797	32	10330.0
294	851	32	2789.0
458	854	32	9164.0
33	305	32	8055.0
33	709	32	7732.0
33	906	32	7992.0
305	709	32	8343.0
305	906	32	9156.0
709	906	32	9626.0
305	753	32	7379.0
389	815	32	10933.0
485	688	32	13677.0
55	339	32	11251.0
220	750	32	7887.0
658	882	32	11285.0
144	322	32	10638.0
774	840	32	10942.0
868	922	32	4657.0
167	234	32	11921.0
187	700	32	4795.0
396	722	32	11753.0
172	186	32	8689.0
725	866	32	9455.0
8	215	32	7452.0
481	729	32	10468.0
9	560	32	12516.0
519	939	32	12297.0
788	924	32	10628.0
518	977	32	12379.0
303	822	32	10995.0
70	175	32	4852.0
288	496	32	10553.0
160	662	32	10204.0
413	879	32	7077.0
483	711	32	8071.0
374	481	32	11333.0
644	825	32	17471.0
80	399	32	11487.0
566	575	32	4577.0
82	305	32	7512.0
649	978	32	2060.0
300	729	32	13785.0
217	624	32	5896.0
217	850	32	5014.0
770	869	32	8373.0
503	882	32	7417.0
583	712	32	6294.0
647	876	32	10727.0
407	424	32	7533.0
374	729	32	10517.0
737	906	32	9674.0
40	118	32	1952.0
675	746	32	3166.0
312	367	32	8479.0
737	753	32	8696.0
324	987	32	7666.0
184	720	32	14169.0
557	991	32	16577.0
756	866	32	9130.0
393	971	32	3347.0
536	999	32	7849.0
180	637	32	4503.0
204	617	32	9528.0
126	520	32	8950.0
375	598	32	6468.0
311	681	32	4333.0
639	887	32	9058.0
163	261	32	8009.0
190	675	32	2017.0
466	596	32	11689.0
107	548	32	8856.0
107	607	32	8766.0
548	607	32	13166.0
319	666	32	11975.0
789	993	32	10077.0
81	361	32	7690.0
81	607	32	7618.0
140	994	32	13776.0
255	340	32	10359.0
651	855	32	10263.0
208	359	32	5635.0
714	785	32	12183.0
198	555	32	11071.0
136	224	32	7925.0
386	750	32	8294.0
750	888	32	7734.0
477	493	32	11809.0
179	731	32	9514.0
361	974	32	3243.0
354	555	32	11706.0
171	977	32	11841.0
682	710	32	10781.0
512	788	32	11745.0
817	953	32	11265.0
820	833	32	17243.0
173	968	32	10906.0
64	283	32	11428.0
153	252	32	4139.0
247	427	32	4657.0
131	698	32	4877.0
68	729	32	8257.0
68	831	32	7403.0
729	831	32	8396.0
39	235	32	13360.0
635	868	32	6693.0
50	984	32	5506.0
362	984	32	7391.0
527	613	32	11460.0
208	247	32	7660.0
110	499	32	8857.0
856	887	32	13424.0
80	475	32	12568.0
664	842	32	5177.0
328	744	32	9670.0
288	643	32	10988.0
187	518	32	8098.0
504	821	32	8517.0
430	780	32	10963.0
338	352	32	2315.0
214	596	32	15825.0
249	621	32	10003.0
151	714	32	8538.0
719	989	32	9535.0
797	866	32	7391.0
417	789	32	10253.0
819	908	32	12546.0
125	698	32	9166.0
125	780	32	9107.0
165	765	32	4980.0
454	897	32	11761.0
413	973	32	13235.0
598	675	32	7294.0
39	265	32	13032.0
217	265	32	10028.0
265	850	32	4869.0
312	495	32	8745.0
157	246	32	7571.0
520	819	32	8500.0
598	774	32	9210.0
449	866	32	9455.0
477	808	32	1194.0
505	978	32	13628.0
430	849	32	10271.0
391	770	32	8448.0
314	557	32	12361.0
414	526	32	5536.0
21	509	32	8905.0
21	641	32	9262.0
509	641	32	10697.0
364	413	32	13004.0
189	406	32	5908.0
707	883	32	7854.0
575	694	32	10023.0
495	508	32	8778.0
227	851	32	1586.0
301	339	32	14698.0
197	974	32	3261.0
28	580	32	11128.0
178	380	32	12393.0
274	570	32	15767.0
203	423	32	3320.0
601	800	32	11071.0
601	862	32	12339.0
89	773	32	8536.0
302	592	32	8858.0
21	925	32	8982.0
217	337	32	3533.0
217	917	32	4174.0
337	624	32	8592.0
337	917	32	10915.0
624	917	32	10173.0
206	887	32	10642.0
125	390	32	9134.0
135	469	32	8203.0
368	671	32	9282.0
331	860	32	10524.0
84	658	32	8528.0
217	518	32	3961.0
285	581	32	9775.0
205	845	32	9089.0
839	952	32	12828.0
82	906	32	7775.0
490	594	32	4796.0
583	840	32	7114.0
724	869	32	11191.0
29	967	32	11254.0
574	923	32	8615.0
426	937	32	9680.0
293	322	32	9594.0
313	430	32	9147.0
313	698	32	12200.0
430	698	32	9942.0
220	270	32	8370.0
472	693	32	9884.0
935	984	32	12974.0
961	968	32	12046.0
766	860	32	8708.0
768	930	32	11236.0
271	955	32	18514.0
40	837	32	2127.0
580	805	32	11347.0
31	723	32	7028.0
723	990	32	7441.0
161	484	32	8413.0
40	667	32	14005.0
40	836	32	12797.0
285	592	32	11304.0
17	813	32	5910.0
225	414	32	9464.0
693	922	32	7908.0
362	835	32	10871.0
239	623	32	5342.0
261	323	32	11062.0
603	994	32	7115.0
140	594	32	13840.0
333	495	32	7904.0
146	976	32	6392.0
382	446	32	11967.0
299	620	32	4466.0
837	1001	32	7475.0
74	757	32	11776.0
0	631	32	8201.0
327	360	32	3625.0
141	650	32	7609.0
195	310	32	5790.0
696	749	32	13623.0
700	881	32	4843.0
272	300	32	17348.0
39	977	32	4098.0
352	717	32	8532.0
248	323	32	9544.0
646	675	32	12440.0
646	926	32	3462.0
675	926	32	8352.0
132	871	32	7857.0
445	578	32	6838.0
56	562	32	8236.0
402	944	32	5290.0
788	944	32	10816.0
300	831	32	8396.0
8	903	32	5565.0
316	970	32	1205.0
496	967	32	10925.0
44	746	32	7148.0
288	967	32	11154.0
155	760	32	14025.0
498	780	32	5881.0
371	473	32	7324.0
371	751	32	7678.0
473	751	32	7141.0
172	647	32	8971.0
172	812	32	9084.0
490	654	32	8323.0
15	471	32	8532.0
645	804	32	11624.0
401	757	32	11222.0
352	478	32	1298.0
726	915	32	10146.0
42	368	32	10648.0
564	835	32	11245.0
486	921	32	7867.0
505	659	32	9085.0
263	876	32	3842.0
812	876	32	11416.0
20	386	32	8174.0
44	586	32	12967.0
203	572	32	2007.0
266	711	32	8788.0
498	849	32	10197.0
155	468	32	12790.0
64	736	32	11683.0
242	492	32	8745.0
668	691	32	8604.0
149	860	32	6809.0
449	756	32	13601.0
118	837	32	7219.0
70	855	32	5080.0
273	895	32	4811.0
850	917	32	11467.0
611	688	32	13549.0
679	937	32	9680.0
456	848	32	14089.0
191	550	32	10490.0
277	474	32	10861.0
721	804	32	7133.0
395	726	32	11156.0
526	754	32	9999.0
58	718	32	13474.0
276	736	32	12454.0
875	951	32	7641.0
712	748	32	9528.0
147	537	32	5960.0
530	800	32	12210.0
409	908	32	14808.0
128	393	32	7371.0
45	532	32	7850.0
745	783	32	6513.0
160	612	32	10102.0
519	923	32	9598.0
30	584	32	9802.0
29	496	32	11157.0
211	860	32	19569.0
285	352	32	2337.0
589	879	32	3837.0
735	814	32	13783.0
285	717	32	1669.0
352	592	32	2265.0
20	588	32	8197.0
409	520	32	10512.0
535	715	32	11150.0
322	828	32	10612.0
572	887	32	10092.0
838	887	32	11909.0
811	897	32	15659.0
592	986	32	3965.0
422	657	32	8890.0
735	818	32	2333.0
587	729	32	9836.0
211	615	32	19167.0
178	696	32	1738.0
112	868	32	2888.0
653	735	32	3032.0
213	934	32	5380.0
135	611	32	8126.0
548	934	32	10002.0
421	537	32	8710.0
328	436	32	4508.0
29	643	32	11593.0
205	983	32	13132.0
945	961	32	9513.0
578	837	32	12639.0
171	632	32	10998.0
390	905	32	10033.0
670	892	32	7443.0
352	832	32	8233.0
332	392	32	12571.0
454	811	32	11966.0
625	696	32	14017.0
582	978	32	11061.0
14	117	32	4715.0
65	915	32	11400.0
287	461	32	4800.0
366	501	32	4410.0
282	352	32	2278.0
262	616	32	11850.0
109	232	32	8052.0
698	905	32	10462.0
567	785	32	5666.0
828	932	32	12850.0
617	857	32	8645.0
255	382	32	10720.0
156	764	32	1748.0
316	407	32	13175.0
324	906	32	8786.0
83	413	32	12643.0
471	738	32	11044.0
469	611	32	11056.0
70	217	32	3249.0
16	956	32	3310.0
39	171	32	3588.0
17	991	32	14290.0
680	757	32	11255.0
324	753	32	8136.0
753	987	32	8763.0
252	413	32	9818.0
552	962	32	3464.0
623	935	32	8032.0
31	164	32	6117.0
842	899	32	5200.0
23	316	32	6504.0
384	458	32	11532.0
184	728	32	5098.0
234	338	32	3335.0
110	741	32	8869.0
95	221	32	8861.0
61	556	32	7994.0
338	986	32	3238.0
502	902	32	12161.0
356	398	32	10137.0
739	775	32	6435.0
371	591	32	1376.0
124	740	32	7224.0
237	485	32	2687.0
414	879	32	7045.0
137	968	32	7424.0
135	485	32	7846.0
82	737	32	8901.0
97	948	32	11300.0
548	974	32	11317.0
154	243	32	13051.0
45	522	32	8010.0
254	526	32	10706.0
376	854	32	9974.0
79	804	32	10991.0
94	554	32	6622.0
541	744	32	6303.0
33	858	32	7977.0
774	775	32	9438.0
43	877	32	10357.0
171	410	32	10866.0
541	740	32	11193.0
265	618	32	3998.0
149	331	32	6607.0
131	430	32	8984.0
181	704	32	9261.0
3	234	32	2732.0
135	688	32	7945.0
82	709	32	8915.0
830	980	32	2265.0
38	518	32	2382.0
38	632	32	2351.0
240	499	32	9000.0
567	854	32	4036.0
6	184	32	11502.0
95	415	32	8638.0
314	701	32	8125.0
12	962	32	2409.0
385	796	32	12092.0
733	759	32	7929.0
367	515	32	12145.0
239	362	32	5253.0
239	763	32	4281.0
362	763	32	3659.0
50	835	32	9472.0
228	451	32	5112.0
456	653	32	10313.0
948	964	32	9422.0
833	933	32	13785.0
194	749	32	13194.0
231	848	32	10571.0
948	968	32	4151.0
490	966	32	1897.0
532	602	32	9534.0
113	923	32	11303.0
199	958	32	9318.0
642	759	32	6482.0
267	626	32	6239.0
183	397	32	9131.0
443	464	32	6953.0
175	863	32	9220.0
21	969	32	8732.0
266	483	32	13226.0
392	549	32	10940.0
38	187	32	2430.0
157	821	32	7570.0
102	262	32	12501.0
14	414	32	5592.0
14	754	32	9257.0
414	754	32	4628.0
82	324	32	8250.0
155	456	32	2057.0
615	860	32	19128.0
712	774	32	9647.0
601	945	32	3236.0
319	707	32	4289.0
754	879	32	3337.0
780	791	32	4544.0
189	198	32	4824.0
838	954	32	6012.0
445	837	32	6701.0
330	533	32	9095.0
239	935	32	11125.0
659	978	32	9257.0
174	853	32	8202.0
267	936	32	4062.0
463	638	32	8477.0
600	951	32	7552.0
365	451	32	7407.0
376	384	32	6579.0
566	823	32	8498.0
501	690	32	10792.0
907	994	32	16937.0
163	489	32	7988.0
458	660	32	11758.0
316	899	32	10891.0
229	646	32	6547.0
737	858	32	10332.0
97	886	32	5145.0
47	659	32	5921.0
677	889	32	9456.0
457	462	32	1446.0
457	745	32	11124.0
457	854	32	10345.0
462	854	32	1471.0
724	824	32	11319.0
520	908	32	11247.0
620	735	32	12160.0
390	430	32	9242.0
206	572	32	10132.0
290	916	32	12800.0
270	971	32	11925.0
364	605	32	5063.0
7	491	32	11246.0
291	919	32	3787.0
193	900	32	11069.0
848	900	32	10930.0
93	802	32	7080.0
179	320	32	9560.0
437	927	32	11775.0
699	927	32	12089.0
441	546	32	7371.0
778	950	32	15318.0
199	244	32	11837.0
583	586	32	9319.0
575	883	32	1711.0
40	596	32	12875.0
113	519	32	13020.0
187	479	32	5052.0
414	589	32	5422.0
118	667	32	5384.0
478	806	32	9223.0
537	720	32	5621.0
364	710	32	10816.0
252	682	32	10872.0
113	986	32	12581.0
395	647	32	5259.0
10	30	32	8713.0
74	680	32	11536.0
173	733	32	11132.0
98	483	32	6842.0
97	601	32	11242.0
857	991	32	8542.0
245	299	32	10463.0
709	753	32	9045.0
216	361	32	10510.0
144	828	32	12645.0
175	855	32	9459.0
537	972	32	8899.0
654	994	32	7094.0
772	896	32	10744.0
416	644	32	10868.0
413	589	32	5423.0
443	703	32	4563.0
59	570	32	10253.0
516	820	32	15725.0
297	310	32	3184.0
60	566	32	6057.0
580	950	32	13491.0
375	998	32	5777.0
596	837	32	5079.0
716	976	32	12738.0
132	787	32	8228.0
370	513	32	16922.0
185	213	32	4463.0
65	726	32	10594.0
68	481	32	8448.0
20	750	32	7502.0
243	400	32	15668.0
352	356	32	7921.0
268	562	32	8803.0
51	242	32	8057.0
17	617	32	9859.0
308	879	32	8451.0
218	960	32	12207.0
316	595	32	5991.0
170	683	32	7695.0
172	395	32	4356.0
819	928	32	12383.0
334	607	32	4482.0
87	490	32	7927.0
222	249	32	9051.0
598	746	32	5396.0
598	840	32	9221.0
746	840	32	7000.0
345	925	32	11778.0
570	822	32	4565.0
618	917	32	11453.0
443	901	32	9113.0
327	370	32	6646.0
178	355	32	1739.0
425	966	32	16517.0
136	983	32	8029.0
347	772	32	12573.0
471	606	32	9250.0
173	961	32	10763.0
121	314	32	6302.0
122	547	32	6674.0
153	371	32	5141.0
24	382	32	6779.0
620	818	32	2402.0
291	297	32	3551.0
519	986	32	10834.0
98	910	32	6631.0
204	857	32	8645.0
744	962	32	10643.0
541	962	32	9135.0
711	910	32	8867.0
414	973	32	13948.0
205	350	32	9746.0
413	710	32	9629.0
697	735	32	14243.0
733	862	32	8918.0
252	591	32	12508.0
81	705	32	7848.0
32	880	32	4318.0
402	767	32	9785.0
653	852	32	10744.0
6	830	32	9233.0
295	703	32	6522.0
197	213	32	5245.0
213	607	32	5151.0
222	853	32	10265.0
386	971	32	11622.0
97	733	32	6918.0
1	785	32	5612.0
10	385	32	13014.0
176	319	32	5145.0
206	784	32	7240.0
622	769	32	7061.0
668	775	32	6929.0
289	838	32	8359.0
277	658	32	12219.0
34	925	32	2949.0
721	883	32	15019.0
748	774	32	12292.0
320	731	32	11208.0
39	70	32	3618.0
70	850	32	8838.0
331	615	32	10388.0
140	966	32	13811.0
245	814	32	9000.0
245	929	32	4428.0
814	929	32	4428.0
36	742	32	7776.0
305	987	32	6831.0
391	724	32	11042.0
0	312	32	6653.0
88	355	32	14271.0
621	853	32	9998.0
272	831	32	8396.0
79	319	32	3940.0
20	971	32	8132.0
403	960	32	12207.0
176	645	32	11680.0
400	517	32	12446.0
338	965	32	1336.0
408	907	32	10162.0
309	562	32	10299.0
285	349	32	10080.0
282	965	32	9200.0
683	748	32	8742.0
242	652	32	10124.0
368	470	32	8646.0
592	965	32	1798.0
154	803	32	12390.0
160	476	32	9241.0
495	631	32	10159.0
386	588	32	9806.0
237	283	32	12653.0
730	839	32	10136.0
189	765	32	6889.0
589	710	32	5657.0
589	754	32	9999.0
710	754	32	5186.0
144	293	32	10075.0
530	663	32	11938.0
532	884	32	11296.0
526	605	32	10737.0
44	170	32	4447.0
204	991	32	8557.0
10	796	32	11499.0
85	467	32	8906.0
290	761	32	10236.0
493	630	32	10205.0
548	715	32	3201.0
200	307	32	8083.0
590	591	32	4131.0
380	433	32	10861.0
26	330	32	7205.0
757	914	32	10516.0
108	150	32	6865.0
203	887	32	6182.0
24	255	32	6902.0
76	442	32	8656.0
295	464	32	6377.0
229	926	32	5906.0
355	749	32	13641.0
961	964	32	2037.0
375	774	32	7119.0
70	624	32	8863.0
226	229	32	5029.0
226	646	32	2332.0
225	589	32	5422.0
206	289	32	10263.0
238	929	32	3432.0
25	724	32	6075.0
134	343	32	9955.0
677	841	32	10219.0
314	991	32	12109.0
78	172	32	6858.0
155	558	32	13178.0
61	289	32	6133.0
570	867	32	14785.0
475	839	32	10718.0
460	491	32	12912.0
550	986	32	3266.0
44	583	32	9647.0
583	746	32	8055.0
408	425	32	5082.0
425	907	32	14362.0
571	866	32	8315.0
813	991	32	9103.0
583	748	32	9400.0
600	875	32	10258.0
207	958	32	10606.0
56	807	32	8255.0
8	661	32	7687.0
0	306	32	3953.0
0	495	32	8006.0
306	327	32	3797.0
306	495	32	5531.0
370	508	32	9832.0
522	602	32	7973.0
835	979	32	10303.0
87	425	32	1991.0
87	966	32	1784.0
425	490	32	2007.0
591	605	32	4066.0
70	651	32	5131.0
279	666	32	12656.0
408	708	32	8843.0
346	777	32	8043.0
577	679	32	11893.0
783	854	32	6126.0
61	358	32	7571.0
345	969	32	8947.0
562	807	32	10076.0
86	402	32	7675.0
582	659	32	9129.0
334	548	32	5095.0
37	746	32	5409.0
37	774	32	5095.0
746	774	32	8108.0
395	660	32	1344.0
364	414	32	13101.0
154	400	32	12775.0
686	796	32	12053.0
339	870	32	10876.0
118	445	32	6429.0
119	820	32	16559.0
619	719	32	11921.0
680	914	32	10491.0
712	746	32	6167.0
612	614	32	12874.0
390	698	32	12383.0
227	394	32	3244.0
763	835	32	4230.0
456	760	32	5443.0
305	324	32	8453.0
324	709	32	8995.0
249	853	32	8901.0
34	208	32	5342.0
57	584	32	7155.0
145	619	32	9670.0
1	384	32	6472.0
173	759	32	7931.0
323	489	32	8456.0
475	730	32	11905.0
299	814	32	6884.0
76	811	32	8941.0
713	876	32	8819.0
659	790	32	7228.0
167	338	32	3335.0
886	945	32	9446.0
71	854	32	8123.0
640	857	32	8645.0
234	352	32	2278.0
74	188	32	13248.0
396	420	32	8766.0
298	644	32	10423.0
63	551	32	7867.0
397	671	32	11170.0
790	978	32	9643.0
156	838	32	4944.0
176	721	32	8812.0
158	375	32	9512.0
302	338	32	8855.0
267	380	32	7348.0
642	733	32	14258.0
97	530	32	8135.0
42	470	32	11038.0
801	916	32	12277.0
226	909	32	2308.0
646	909	32	9329.0
229	375	32	9209.0
271	704	32	9157.0
449	797	32	10389.0
97	759	32	2733.0
376	785	32	10154.0
496	676	32	10639.0
408	594	32	7848.0
27	190	32	8962.0
20	220	32	8206.0
556	579	32	10641.0
410	977	32	11116.0
111	608	32	2119.0
586	598	32	5819.0
16	801	32	8744.0
16	916	32	8517.0
781	799	32	9572.0
748	840	32	10870.0
235	779	32	11215.0
111	531	32	8382.0
364	973	32	16309.0
403	877	32	14916.0
814	946	32	7703.0
373	487	32	10488.0
1	458	32	6873.0
267	650	32	7677.0
300	587	32	10864.0
353	661	32	11220.0
575	762	32	7486.0
197	382	32	2210.0
584	727	32	10517.0
380	650	32	8622.0
83	605	32	5063.0
452	756	32	12156.0
714	745	32	11922.0
736	985	32	14453.0
601	886	32	4783.0
10	57	32	7515.0
771	974	32	11130.0
64	688	32	8463.0
237	688	32	11640.0
276	688	32	10162.0
200	532	32	5308.0
217	235	32	10069.0
340	382	32	10048.0
408	603	32	8907.0
408	966	32	4929.0
603	966	32	4275.0
465	811	32	12048.0
759	886	32	7901.0
393	997	32	10794.0
140	425	32	13872.0
252	364	32	12553.0
87	907	32	6937.0
167	352	32	2278.0
167	717	32	1675.0
167	965	32	9984.0
717	965	32	1046.0
743	821	32	8840.0
661	903	32	8061.0
102	613	32	4525.0
733	968	32	12295.0
162	856	32	9849.0
688	736	32	14832.0
319	795	32	4909.0
759	948	32	2494.0
97	663	32	11120.0
364	589	32	5424.0
436	744	32	10980.0
432	566	32	2855.0
163	366	32	7860.0
704	955	32	15417.0
214	560	32	11765.0
222	621	32	9809.0
32	947	32	4310.0
564	623	32	8246.0
172	944	32	6789.0
726	981	32	1033.0
33	82	32	7091.0
12	328	32	8299.0
71	458	32	6017.0
360	513	32	8498.0
564	984	32	8411.0
623	984	32	6839.0
668	739	32	9065.0
592	923	32	5179.0
33	987	32	6737.0
360	367	32	7786.0
17	121	32	5555.0
584	686	32	10876.0
292	799	32	9689.0
249	859	32	10468.0
176	804	32	9951.0
107	334	32	11190.0
387	422	32	8742.0
620	653	32	3015.0
253	408	32	8008.0
726	956	32	11136.0
135	280	32	7964.0
211	766	32	8696.0
745	981	32	9580.0
854	981	32	8181.0
431	503	32	10240.0
871	882	32	6572.0
70	337	32	8973.0
263	269	32	8277.0
385	584	32	12123.0
385	686	32	14361.0
862	964	32	9061.0
85	975	32	10448.0
111	678	32	8617.0
15	606	32	8655.0
531	608	32	7264.0
23	865	32	7329.0
7	460	32	10909.0
361	382	32	1277.0
39	779	32	11408.0
70	265	32	3059.0
254	879	32	3840.0
526	879	32	3337.0
110	905	32	6793.0
84	277	32	8431.0
92	507	32	7782.0
31	866	32	8566.0
369	936	32	10802.0
524	880	32	6361.0
590	710	32	2215.0
96	664	32	4427.0
591	754	32	5164.0
339	846	32	13682.0
510	552	32	8712.0
40	304	32	11590.0
419	880	32	5842.0
727	957	32	12033.0
770	824	32	9286.0
603	654	32	8829.0
463	544	32	8297.0
463	924	32	6991.0
534	960	32	10736.0
399	839	32	9169.0
261	501	32	3927.0
17	857	32	5473.0
181	718	32	10912.0
718	955	32	12660.0
131	313	32	4794.0
131	780	32	6855.0
691	748	32	3544.0
422	976	32	8557.0
442	465	32	11303.0
155	793	32	13006.0
76	465	32	8899.0
966	994	32	14652.0
886	961	32	13057.0
147	421	32	5970.0
171	187	32	10006.0
312	327	32	5252.0
211	331	32	10304.0
714	854	32	10455.0
233	849	32	12446.0
314	568	32	9672.0
140	647	32	3307.0
666	795	32	4545.0
88	696	31	13110.0
592	794	31	3642.0
286	488	31	13913.0
395	812	31	5921.0
263	441	31	12104.0
119	833	31	16055.0
280	469	31	9321.0
6	720	31	11252.0
553	656	31	8781.0
419	524	31	5184.0
577	937	31	9680.0
516	833	31	15254.0
85	448	31	9986.0
299	946	31	6411.0
241	972	31	3991.0
23	885	31	1512.0
333	508	31	5862.0
78	402	31	4798.0
361	771	31	7722.0
212	228	31	4426.0
387	976	31	11244.0
467	664	31	5597.0
723	866	31	6712.0
385	727	31	12047.0
226	998	31	4785.0
781	913	31	11200.0
596	949	31	6619.0
50	623	31	7365.0
114	672	31	6773.0
778	805	31	14594.0
384	783	31	8477.0
416	510	31	1032.0
510	773	31	1073.0
534	877	31	10561.0
112	722	31	1087.0
617	991	31	12954.0
180	938	31	9905.0
594	708	31	4872.0
654	708	31	8843.0
223	264	31	6023.0
72	176	31	3145.0
187	977	31	8071.0
300	374	31	12657.0
360	471	31	2183.0
13	417	31	9087.0
153	751	31	5674.0
45	602	31	7492.0
421	728	31	8301.0
728	972	31	7680.0
474	503	31	6997.0
363	595	31	6201.0
244	958	31	10606.0
344	512	31	11898.0
542	670	31	7648.0
203	1000	31	5920.0
764	1000	31	15810.0
838	1000	31	4582.0
522	884	31	9110.0
360	738	31	6069.0
452	990	31	14854.0
187	881	31	8167.0
982	989	31	9149.0
84	882	31	8443.0
27	179	31	9501.0
224	983	31	9431.0
521	566	31	8697.0
159	889	31	7394.0
111	953	31	8532.0
281	418	31	7155.0
456	900	31	11015.0
167	285	31	3263.0
213	216	31	4807.0
794	965	31	9737.0
298	806	31	10450.0
521	823	31	11193.0
449	990	31	13566.0
134	541	31	6550.0
915	956	31	11690.0
272	374	31	11597.0
586	712	31	6544.0
359	604	31	5533.0
286	351	31	13743.0
703	901	31	6198.0
282	302	31	2910.0
225	364	31	12076.0
575	627	31	4453.0
81	548	31	5591.0
248	489	31	10721.0
684	918	31	8996.0
465	897	31	12166.0
218	534	31	10644.0
675	874	31	12416.0
2	464	31	4757.0
2	703	31	4764.0
649	827	31	9475.0
192	424	31	4986.0
606	738	31	10475.0
464	901	31	8545.0
110	430	31	6241.0
468	760	31	12193.0
548	771	31	14026.0
227	896	31	2661.0
172	263	31	3126.0
14	973	31	5573.0
436	488	31	7977.0
733	945	31	9446.0
341	678	31	13967.0
933	988	31	14200.0
406	765	31	5775.0
603	769	31	7061.0
252	879	31	9817.0
117	414	31	7953.0
845	983	31	9080.0
785	981	31	9789.0
232	260	31	8100.0
445	466	31	9029.0
466	560	31	8614.0
164	990	31	5890.0
505	582	31	10896.0
923	986	31	13889.0
165	189	31	5026.0
569	841	31	1454.0
420	722	31	11661.0
395	915	31	14004.0
162	289	31	9511.0
26	533	31	6982.0
220	386	31	8773.0
289	572	31	9736.0
596	1001	31	6482.0
929	946	31	4450.0
59	867	31	10300.0
787	871	31	11923.0
17	701	31	10991.0
93	852	31	6930.0
745	847	31	10063.0
389	507	31	10893.0
483	910	31	7582.0
2	901	31	4879.0
465	569	31	2163.0
400	455	31	11419.0
36	298	31	2013.0
10	957	31	8290.0
30	957	31	9515.0
197	705	31	7923.0
366	415	31	5381.0
87	594	31	4712.0
557	568	31	14094.0
178	625	31	1729.0
393	920	31	14616.0
338	861	31	3301.0
861	965	31	11476.0
935	979	31	10603.0
740	744	31	3449.0
553	772	31	10456.0
664	899	31	5760.0
76	897	31	8820.0
93	653	31	7044.0
153	591	31	4045.0
545	570	31	3420.0
519	581	31	6513.0
581	939	31	4395.0
497	603	31	3812.0
498	905	31	9484.0
649	889	31	9016.0
752	898	31	6712.0
557	857	31	6488.0
594	966	31	16259.0
623	835	31	8031.0
149	766	31	6757.0
162	206	31	9522.0
286	328	31	9659.0
810	830	31	7423.0
490	994	31	4771.0
594	994	31	17428.0
759	968	31	7929.0
511	777	31	12712.0
20	888	31	8194.0
70	235	31	7728.0
241	980	31	3607.0
292	913	31	9998.0
475	952	31	12343.0
150	153	31	4791.0
241	810	31	8313.0
30	727	31	9691.0
657	976	31	10896.0
411	533	31	10357.0
753	906	31	7763.0
723	756	31	7944.0
150	308	31	7050.0
99	167	31	1761.0
99	352	31	1733.0
99	717	31	1663.0
458	783	31	8982.0
783	981	31	7982.0
50	763	31	2733.0
894	951	31	7641.0
251	318	31	8287.0
102	477	31	11973.0
258	865	31	9459.0
765	776	31	1368.0
608	637	31	4021.0
194	355	31	16536.0
84	132	31	5437.0
412	868	31	6672.0
920	941	31	17237.0
362	623	31	8246.0
131	390	31	4883.0
131	905	31	10473.0
313	905	31	9938.0
80	730	31	12787.0
557	617	30	10827.0
484	890	30	11657.0
308	751	30	7799.0
909	926	30	3431.0
287	895	30	4811.0
71	376	30	8114.0
156	423	30	1391.0
330	529	30	10376.0
237	985	30	13991.0
2	295	30	3647.0
108	574	30	2533.0
292	781	30	10257.0
81	213	30	5553.0
311	380	30	7733.0
369	380	30	9812.0
198	406	30	2653.0
652	687	30	10792.0
607	715	30	3201.0
190	731	30	15550.0
504	743	30	8799.0
557	701	30	12326.0
126	928	30	9427.0
427	641	30	4907.0
907	966	30	14089.0
336	741	30	12155.0
775	840	30	7986.0
137	886	30	7383.0
125	849	30	6247.0
184	810	30	10376.0
71	726	30	1357.0
381	989	30	9096.0
89	416	30	8475.0
660	847	30	6450.0
158	775	30	1428.0
109	260	30	8009.0
705	771	30	12970.0
60	694	30	8584.0
474	871	30	6237.0
457	783	30	9676.0
269	812	30	5633.0
56	268	30	8216.0
144	236	30	9862.0
158	598	30	4264.0
241	720	30	12587.0
21	427	30	3697.0
275	815	30	13879.0
752	769	30	5452.0
408	654	30	13410.0
374	587	30	10866.0
60	940	30	8858.0
189	354	30	2441.0
590	682	30	2598.0
332	486	30	10941.0
438	483	30	8877.0
568	701	30	12417.0
393	941	30	15950.0
440	784	30	7916.0
589	591	30	5548.0
375	712	30	5940.0
230	274	30	13433.0
119	582	30	5576.0
347	656	30	10242.0
798	879	30	10607.0
241	830	30	10626.0
375	675	30	14794.0
694	883	30	1766.0
31	571	30	8518.0
198	354	30	10987.0
371	372	30	8302.0
178	936	30	7323.0
564	763	30	4281.0
213	771	30	5085.0
423	954	30	4566.0
412	472	30	12406.0
100	527	30	10199.0
479	518	30	3954.0
521	575	30	7209.0
177	767	30	10565.0
537	980	30	8626.0
594	603	30	7029.0
620	814	30	11081.0
215	903	30	10306.0
372	590	30	9379.0
601	948	30	12757.0
751	879	30	8060.0
272	729	30	13785.0
632	881	30	6500.0
342	428	30	7200.0
363	664	30	1670.0
347	896	30	10712.0
280	611	30	9802.0
603	752	30	6975.0
61	440	30	7636.0
724	770	30	8313.0
83	710	30	8914.0
15	738	30	8892.0
110	780	30	6863.0
424	899	30	10340.0
123	926	30	2355.0
658	871	30	12329.0
110	233	30	7323.0
552	844	30	7873.0
298	315	30	8320.0
3	99	30	6856.0
99	234	30	1719.0
99	338	30	8971.0
245	494	30	2856.0
332	921	30	9515.0
802	852	30	14106.0
40	1001	30	2799.0
783	847	30	3203.0
421	720	30	4298.0
81	216	30	7389.0
490	907	30	7004.0
166	764	30	11588.0
282	338	30	3335.0
663	800	30	11836.0
327	367	30	2717.0
358	579	30	9087.0
564	935	30	11931.0
40	214	30	12875.0
220	971	30	8762.0
287	494	30	4643.0
822	867	30	2270.0
554	565	30	9865.0
225	591	30	12778.0
13	993	30	9249.0
528	699	30	11883.0
571	756	30	8605.0
178	433	30	11259.0
186	395	30	13485.0
229	675	30	9375.0
682	973	30	10723.0
164	449	30	5817.0
140	907	30	13607.0
3	302	30	7871.0
236	828	30	10051.0
197	548	30	5903.0
110	791	30	11357.0
799	913	30	9160.0
849	905	30	11244.0
343	552	30	4197.0
268	807	30	10995.0
490	708	30	8349.0
19	768	30	11938.0
114	892	30	6844.0
674	953	30	7692.0
262	755	30	3015.0
204	813	30	8631.0
24	446	30	6887.0
255	446	30	9420.0
886	968	30	12283.0
390	849	30	6306.0
238	620	30	6118.0
226	675	30	4848.0
578	596	30	5888.0
214	667	30	16981.0
627	823	30	8351.0
380	626	30	9452.0
441	876	30	4041.0
251	325	30	7523.0
421	980	30	9103.0
972	980	30	8483.0
282	285	30	3263.0
285	965	30	2306.0
87	603	30	5914.0
425	603	30	4326.0
490	603	30	6590.0
596	667	30	15383.0
275	540	30	11786.0
800	948	30	9925.0
410	632	30	9091.0
141	178	30	7680.0
67	575	30	2155.0
164	756	30	5615.0
30	57	30	7429.0
214	445	30	10411.0
461	895	30	4722.0
531	953	30	13726.0
11	588	30	6340.0
11	971	30	6211.0
588	971	30	10683.0
43	534	30	10352.0
153	364	30	4483.0
375	748	30	6477.0
216	607	30	10780.0
286	436	30	7896.0
176	707	30	10142.0
701	991	30	12531.0
316	843	30	6833.0
358	784	30	7753.0
416	825	30	12250.0
725	797	30	9195.0
170	583	30	1221.0
144	932	30	11293.0
568	857	30	3984.0
572	856	30	10501.0
140	546	29	4421.0
344	402	29	5953.0
414	591	29	13272.0
325	335	29	7447.0
613	959	29	10176.0
360	495	29	7216.0
137	948	29	1577.0
93	456	29	6011.0
229	909	29	6791.0
472	868	29	6688.0
665	868	29	3682.0
111	817	29	8584.0
118	1001	29	6921.0
37	840	29	5520.0
511	996	29	9967.0
333	513	29	9543.0
14	364	29	5668.0
14	589	29	9528.0
14	710	29	5656.0
184	421	29	6125.0
410	881	29	4562.0
480	647	29	1872.0
17	568	29	12511.0
189	326	29	9362.0
146	354	29	6406.0
398	832	29	9926.0
71	745	29	8086.0
363	970	29	1656.0
281	565	29	7967.0
97	862	29	11455.0
442	454	29	10086.0
578	949	29	8557.0
336	499	29	9188.0
203	954	29	6993.0
239	564	29	6682.0
30	385	29	9650.0
143	684	29	2438.0
108	371	29	6743.0
108	590	29	6052.0
364	682	29	10872.0
675	840	29	6811.0
217	977	29	1163.0
74	914	29	11574.0
254	364	29	5555.0
254	591	29	5555.0
111	180	29	2658.0
918	996	29	10106.0
743	904	29	9614.0
62	511	29	5259.0
912	922	29	8165.0
316	842	29	5167.0
231	900	29	10514.0
437	559	29	11623.0
764	954	29	4911.0
761	801	29	10519.0
323	366	29	11434.0
241	421	29	3802.0
727	796	29	7735.0
263	480	29	9878.0
447	478	29	12909.0
201	715	29	12216.0
180	531	29	7656.0
234	282	29	11717.0
58	955	29	19443.0
204	557	29	6572.0
753	858	29	7732.0
924	944	29	11770.0
272	481	29	11333.0
216	974	29	3975.0
164	797	29	5873.0
164	866	29	5480.0
632	977	29	9935.0
248	366	29	11691.0
345	509	29	11598.0
345	641	29	10651.0
232	373	29	10260.0
531	817	29	8826.0
140	408	29	4281.0
96	899	29	4475.0
327	508	29	6472.0
805	950	29	15013.0
327	515	29	3053.0
751	798	29	6766.0
3	581	29	6752.0
71	384	29	6295.0
0	333	29	5962.0
318	325	29	10916.0
201	535	29	13914.0
338	794	29	3146.0
372	473	29	10035.0
372	751	29	8125.0
473	590	29	9568.0
590	751	29	7140.0
430	905	29	13237.0
125	905	29	9068.0
836	1001	29	2058.0
697	929	29	4428.0
423	1000	29	14788.0
780	849	29	7915.0
546	994	29	4453.0
299	735	29	8042.0
105	722	29	8359.0
589	973	29	5554.0
231	456	29	10150.0
121	557	29	6367.0
841	889	29	8383.0
656	896	29	9122.0
118	578	29	7104.0
658	787	29	12999.0
0	513	29	8424.0
167	894	29	1352.0
376	714	29	7363.0
627	940	29	8732.0
45	884	29	7918.0
324	737	29	9431.0
100	931	29	6427.0
613	931	29	6400.0
92	815	29	7860.0
312	360	29	8471.0
298	478	29	8217.0
2	443	29	3623.0
169	416	29	5001.0
166	423	29	11547.0
768	996	29	8281.0
653	697	29	2733.0
4	661	29	10600.0
215	661	29	9701.0
171	881	29	7152.0
99	285	29	9052.0
234	285	29	3266.0
362	564	29	10557.0
59	758	29	10798.0
740	962	29	6186.0
425	546	29	4421.0
417	993	29	11792.0
511	628	29	10732.0
14	526	29	9646.0
6	421	29	1800.0
137	945	29	7537.0
237	736	29	15679.0
416	478	29	6455.0
527	872	29	7999.0
384	457	29	12474.0
384	462	29	1445.0
450	463	29	7606.0
252	414	29	9904.0
357	855	29	9090.0
529	533	29	10357.0
35	472	29	6614.0
316	975	29	4382.0
68	300	29	8297.0
16	395	29	2812.0
733	886	29	13242.0
298	447	29	10157.0
203	206	29	2455.0
206	838	29	8741.0
714	981	29	10124.0
530	862	29	9537.0
663	862	29	12243.0
230	758	29	11915.0
646	712	29	6561.0
646	748	29	7055.0
642	862	29	13459.0
336	791	29	6900.0
84	787	29	6662.0
286	541	29	3103.0
414	605	29	5063.0
0	515	29	4428.0
628	768	29	10924.0
3	349	29	7615.0
92	275	29	7701.0
868	912	29	3984.0
5	437	29	11766.0
362	979	29	10603.0
597	775	29	6590.0
414	710	29	9614.0
141	311	29	7388.0
132	503	29	7785.0
412	665	29	6852.0
412	912	29	6869.0
617	813	29	9119.0
777	930	29	11236.0
23	85	29	1693.0
299	697	29	11043.0
100	755	29	8535.0
693	868	29	6309.0
283	736	29	12909.0
265	624	29	5750.0
5	699	29	11166.0
646	998	29	3335.0
697	946	29	7703.0
450	544	29	7178.0
402	512	29	6031.0
725	756	29	11741.0
954	1000	29	7198.0
199	207	29	10044.0
63	878	29	8021.0
750	971	29	9882.0
351	436	29	9320.0
916	970	29	13166.0
72	645	29	5760.0
361	548	29	5883.0
479	881	29	5015.0
238	494	29	4107.0
746	748	29	7908.0
378	411	29	9389.0
665	693	29	7141.0
656	772	29	8561.0
149	615	29	6701.0
5	528	29	13449.0
369	681	29	10536.0
178	626	29	9452.0
340	446	29	9435.0
262	630	29	10362.0
98	438	29	6948.0
119	516	29	15134.0
1	714	29	7544.0
624	779	29	6740.0
233	905	29	15307.0
40	445	29	5954.0
217	405	29	10195.0
302	861	29	2827.0
592	861	29	3769.0
862	961	29	7959.0
795	804	29	11947.0
612	662	29	11944.0
375	583	29	2758.0
419	947	29	6642.0
311	433	29	9438.0
660	745	29	10735.0
660	854	29	9241.0
660	981	29	10124.0
45	685	29	8257.0
551	733	29	1509.0
225	590	29	3824.0
132	474	29	6021.0
433	936	29	5264.0
650	936	29	5049.0
768	777	29	13950.0
530	964	29	10405.0
683	691	29	9075.0
314	617	29	10871.0
429	996	29	10710.0
608	938	29	11213.0
784	887	29	8941.0
442	811	29	11418.0
638	924	29	7519.0
458	714	28	11901.0
503	658	28	10503.0
835	984	28	7628.0
153	973	28	6442.0
330	411	28	9846.0
457	458	28	12040.0
214	836	28	11638.0
89	298	28	8650.0
225	710	28	11237.0
605	710	28	5255.0
97	173	28	2987.0
294	656	28	3068.0
546	966	28	4474.0
115	504	28	1417.0
512	944	28	10948.0
123	226	28	2331.0
217	618	28	4142.0
121	617	28	7906.0
347	851	28	2172.0
408	490	28	8337.0
96	467	28	4415.0
761	916	28	10499.0
83	364	28	12560.0
586	668	28	6390.0
85	636	28	10933.0
137	173	28	7368.0
694	823	28	10975.0
139	199	28	8871.0
551	943	28	8962.0
53	428	28	3759.0
23	448	28	2672.0
133	374	28	7062.0
664	865	28	5023.0
101	577	28	8541.0
714	783	28	10536.0
315	447	28	13298.0
202	568	28	7942.0
113	550	28	5239.0
121	991	28	8071.0
102	616	28	10534.0
608	678	28	2585.0
103	543	28	7090.0
19	628	28	10821.0
156	1000	28	3231.0
887	1000	28	5066.0
191	286	28	10211.0
413	605	28	5046.0
188	680	28	11284.0
370	631	28	13868.0
217	779	28	10607.0
265	779	28	10871.0
598	909	28	3743.0
337	618	28	10227.0
389	540	28	8855.0
731	864	28	12643.0
603	708	28	6696.0
877	960	28	12173.0
150	751	28	7179.0
270	588	28	10621.0
254	754	28	9999.0
527	755	28	9501.0
347	553	28	10411.0
24	317	28	7674.0
71	847	28	7996.0
858	987	28	7163.0
402	818	28	8850.0
331	766	28	8696.0
666	694	28	1817.0
277	503	28	7907.0
234	609	28	4409.0
328	351	28	9786.0
445	596	28	8876.0
83	591	28	12622.0
355	696	28	14277.0
399	952	28	14126.0
121	813	28	7861.0
24	340	28	7003.0
277	882	28	11285.0
44	597	28	5816.0
44	209	28	8229.0
394	553	28	2134.0
681	936	28	11452.0
666	804	28	2880.0
468	793	28	13418.0
412	693	28	9868.0
293	828	28	10933.0
85	885	28	10344.0
522	532	28	9333.0
161	890	28	8747.0
324	858	28	8714.0
485	736	28	6087.0
176	666	28	4859.0
392	921	28	10876.0
161	822	28	8707.0
132	277	28	6947.0
257	447	28	9115.0
720	810	28	8923.0
308	798	28	6421.0
33	648	28	6840.0
450	924	28	6892.0
707	721	28	8184.0
384	847	28	6494.0
185	388	28	4008.0
343	550	28	10075.0
508	631	28	10500.0
143	777	28	2536.0
510	740	28	9011.0
62	918	28	7924.0
79	721	28	7635.0
471	599	28	10612.0
238	697	28	6510.0
346	628	28	6210.0
4	902	28	14209.0
239	835	28	5918.0
235	850	28	8442.0
188	950	28	5758.0
313	780	28	10289.0
134	488	28	5877.0
666	883	28	11845.0
223	342	28	5805.0
223	428	28	5592.0
225	973	28	11382.0
42	183	28	10523.0
252	526	28	5543.0
674	938	28	11213.0
401	914	28	12044.0
466	836	28	6974.0
193	456	28	12300.0
356	717	28	6809.0
256	799	28	8550.0
756	990	28	12954.0
363	842	28	1273.0
363	899	28	6446.0
173	886	28	11065.0
536	603	28	7617.0
166	462	28	11475.0
346	918	28	9651.0
774	786	28	12851.0
221	690	28	9578.0
105	420	28	8115.0
170	748	28	1746.0
477	616	28	10448.0
105	396	28	8437.0
315	478	28	13614.0
1	567	28	7735.0
1	854	28	3966.0
597	691	28	8192.0
691	739	28	7872.0
326	406	28	5908.0
492	687	28	12059.0
309	673	28	9223.0
651	863	28	12674.0
305	737	28	9386.0
511	918	28	5655.0
603	622	28	9365.0
176	279	28	5852.0
125	196	28	7116.0
51	687	28	7940.0
90	595	28	2532.0
926	998	28	8178.0
6	810	28	9797.0
595	899	28	6459.0
113	592	28	1917.0
530	968	28	1238.0
312	333	28	10423.0
72	319	28	9332.0
583	775	28	9601.0
827	841	28	8225.0
539	1000	28	3757.0
23	407	28	6849.0
601	663	28	14048.0
46	136	28	7650.0
46	983	28	7919.0
118	214	28	5770.0
457	567	28	7813.0
314	640	28	7291.0
227	553	28	2438.0
140	603	28	3555.0
545	822	28	10179.0
375	926	28	5931.0
955	996	28	2697.0
234	965	28	13092.0
387	657	28	11017.0
81	197	28	7505.0
902	903	28	10969.0
415	489	28	1849.0
221	415	28	10681.0
516	933	28	15013.0
83	526	28	5543.0
588	750	28	9203.0
376	847	28	9877.0
923	939	28	10855.0
375	909	28	8975.0
601	968	28	4022.0
252	589	28	5424.0
252	710	28	11261.0
252	754	28	4869.0
4	8	28	7440.0
4	903	28	12048.0
39	624	28	6253.0
218	403	28	13509.0
127	284	28	7796.0
284	610	28	9011.0
131	849	28	11507.0
558	793	28	12105.0
361	705	28	8083.0
364	754	28	5186.0
620	946	28	5846.0
61	784	28	7555.0
188	580	28	3486.0
189	321	28	7532.0
321	555	28	1295.0
909	998	28	3306.0
184	241	28	12799.0
206	539	28	4085.0
691	775	28	7398.0
484	822	28	9966.0
105	259	28	8176.0
34	427	28	6185.0
637	953	28	13190.0
622	898	28	9016.0
168	776	28	9358.0
598	683	28	4744.0
784	856	28	8259.0
31	452	28	8155.0
124	844	28	7566.0
467	842	28	5177.0
272	587	28	10856.0
587	831	28	8392.0
847	854	28	10538.0
586	748	28	10237.0
111	341	28	8610.0
235	265	28	13135.0
607	934	28	11660.0
317	382	28	9059.0
11	386	28	6237.0
278	999	28	4788.0
629	722	28	13108.0
566	762	28	7640.0
43	960	28	10506.0
176	795	28	11258.0
23	843	28	7162.0
494	697	28	3777.0
102	493	28	13081.0
941	997	28	10828.0
41	832	28	3283.0
863	1002	28	10370.0
453	491	28	11353.0
640	813	28	9119.0
449	725	28	12804.0
170	691	28	7240.0
477	613	28	3565.0
147	972	28	5992.0
404	569	28	11800.0
277	871	27	7178.0
9	118	27	6555.0
229	598	27	1135.0
2	504	27	2593.0
194	696	27	13279.0
80	839	27	11970.0
0	508	27	7685.0
739	774	27	1024.0
360	370	27	7729.0
456	561	27	7148.0
440	579	27	9107.0
34	359	27	5444.0
137	733	27	7375.0
36	573	27	8052.0
341	953	27	11216.0
85	329	27	9833.0
230	303	27	7862.0
628	777	27	11308.0
13	434	27	8907.0
132	882	27	6217.0
153	563	27	5064.0
467	843	27	10328.0
1	457	27	8019.0
730	952	27	12715.0
137	961	27	7618.0
726	745	27	1413.0
547	715	27	12143.0
258	664	27	2424.0
586	786	27	12407.0
203	539	27	4417.0
326	555	27	6867.0
670	672	27	11586.0
720	830	27	10541.0
111	637	27	8074.0
875	894	27	10054.0
150	278	27	1555.0
714	847	27	7517.0
392	486	27	11557.0
125	313	27	8948.0
583	646	27	3244.0
514	702	27	12752.0
323	690	27	9498.0
415	690	27	9954.0
332	549	27	10829.0
301	846	27	13656.0
8	353	27	7722.0
684	930	27	4162.0
467	899	27	6560.0
590	879	27	9246.0
379	635	27	8713.0
452	725	27	10250.0
447	806	27	12831.0
351	962	27	8797.0
258	842	27	2370.0
234	592	27	3799.0
338	717	27	1669.0
226	375	27	4764.0
636	843	27	4228.0
847	915	27	1085.0
13	789	27	8875.0
445	667	27	9210.0
888	971	27	9750.0
886	964	27	1453.0
737	987	27	8295.0
635	922	27	8859.0
316	424	27	9519.0
152	549	27	10926.0
431	882	27	9301.0
763	935	27	4230.0
54	269	27	4907.0
518	881	27	5438.0
350	983	27	9544.0
258	316	27	7792.0
29	199	27	6563.0
199	643	27	6183.0
308	473	27	7326.0
774	874	27	1718.0
414	682	27	8808.0
628	684	27	4090.0
785	915	27	1088.0
785	956	27	1379.0
200	877	27	4916.0
694	940	27	9496.0
556	784	27	7605.0
183	368	27	8476.0
69	696	27	11133.0
197	216	27	10591.0
238	814	27	6138.0
215	502	27	12037.0
353	502	27	12948.0
511	684	27	8043.0
171	235	27	6414.0
49	951	27	5536.0
842	865	27	4180.0
72	279	27	9777.0
321	406	27	5612.0
822	890	27	9739.0
93	561	27	7080.0
575	823	27	8572.0
484	545	27	11330.0
697	814	27	12872.0
248	415	27	3322.0
423	956	27	1379.0
956	1000	27	1322.0
488	744	27	15088.0
139	958	27	8990.0
225	879	27	10432.0
879	973	27	13841.0
167	302	27	2910.0
285	302	27	9168.0
302	352	27	2267.0
302	717	27	1664.0
351	488	27	13623.0
234	302	27	2910.0
405	779	27	11264.0
0	367	27	4175.0
34	247	27	5371.0
17	314	27	11265.0
368	397	27	9312.0
583	786	27	9376.0
640	991	27	9318.0
677	827	27	10139.0
49	875	27	5799.0
148	536	27	3161.0
95	261	27	1448.0
221	261	27	3386.0
102	630	27	10349.0
289	358	27	6378.0
669	689	27	9234.0
270	750	27	9170.0
683	739	27	9805.0
112	665	27	3772.0
787	882	27	6936.0
60	432	27	2945.0
38	700	27	2374.0
518	700	27	4155.0
632	700	27	4795.0
661	902	27	10878.0
318	335	27	8463.0
9	837	27	9269.0
507	540	27	10722.0
573	897	27	3635.0
755	872	27	5757.0
12	744	27	8328.0
60	627	27	5957.0
755	808	27	9846.0
6	537	27	3053.0
108	153	27	4393.0
576	600	27	6892.0
576	951	27	4064.0
49	576	27	5989.0
235	977	27	6237.0
470	671	27	8784.0
240	741	27	8332.0
343	541	27	9845.0
297	919	27	4000.0
576	894	27	8114.0
260	487	27	8472.0
196	905	27	12343.0
125	498	27	4302.0
881	977	27	5311.0
297	529	27	3793.0
269	647	27	1396.0
158	998	27	3279.0
500	948	27	2414.0
78	512	27	10468.0
821	904	27	8821.0
617	701	27	6725.0
192	316	27	5179.0
395	876	27	8328.0
474	882	27	10931.0
762	940	27	10223.0
608	674	27	12582.0
474	787	27	7090.0
613	755	27	11709.0
416	806	27	9378.0
458	567	27	7048.0
31	449	27	8742.0
539	887	27	6614.0
184	980	27	5963.0
134	962	27	10092.0
296	366	27	4098.0
412	635	27	11734.0
600	894	27	12390.0
123	375	27	2302.0
343	740	27	5929.0
83	589	27	5417.0
199	288	27	10572.0
584	796	27	9071.0
491	891	27	11405.0
316	664	27	5597.0
219	228	27	4346.0
764	952	27	4661.0
116	953	27	6151.0
360	515	27	7901.0
238	946	27	4263.0
410	479	27	3121.0
277	787	27	8024.0
369	433	27	8173.0
177	402	27	9857.0
878	943	27	13464.0
83	682	27	8647.0
497	999	27	4465.0
34	604	27	5340.0
253	594	27	4564.0
59	303	27	6655.0
303	570	27	8684.0
168	326	27	5818.0
158	229	27	7047.0
352	861	27	2242.0
230	570	27	13113.0
82	648	27	8424.0
58	704	27	15663.0
599	606	27	9516.0
22	513	27	5675.0
530	948	27	9916.0
920	997	27	10560.0
645	666	27	7515.0
163	323	27	8024.0
333	367	27	9194.0
145	989	27	8980.0
162	639	27	4722.0
206	639	27	5440.0
12	286	27	8151.0
300	481	27	11333.0
785	847	27	11394.0
74	401	27	12339.0
709	858	27	10044.0
186	713	27	8913.0
273	461	27	4770.0
185	307	27	2919.0
97	523	27	12658.0
467	975	27	12600.0
78	944	27	9991.0
269	441	27	9257.0
221	366	27	3858.0
221	501	27	10535.0
531	637	27	10180.0
855	1002	27	10020.0
613	616	27	1928.0
150	372	27	7240.0
248	501	27	2452.0
341	531	27	8575.0
705	974	27	8294.0
644	773	27	11508.0
112	912	27	3755.0
723	725	27	8085.0
134	286	27	5828.0
134	436	27	9205.0
424	664	27	5581.0
856	954	27	4777.0
171	479	27	5052.0
214	578	27	9435.0
601	733	27	6546.0
733	948	27	6770.0
190	320	27	11364.0
282	861	27	9376.0
181	271	27	15165.0
467	885	27	9401.0
458	745	27	10621.0
170	775	27	5597.0
9	214	26	11117.0
143	365	26	3922.0
548	705	26	10958.0
194	625	26	16355.0
594	907	26	17130.0
121	701	26	2199.0
603	999	26	9533.0
153	308	26	5208.0
341	608	26	2198.0
603	898	26	10236.0
151	458	26	8551.0
660	714	26	13519.0
172	915	26	1970.0
199	967	26	6434.0
245	735	26	10235.0
327	333	26	4652.0
35	693	26	6468.0
448	975	26	11002.0
623	979	26	7356.0
146	387	26	6178.0
60	762	26	8544.0
235	618	26	8493.0
376	660	26	6326.0
458	847	26	6227.0
224	350	26	9922.0
746	775	26	8090.0
590	798	26	9017.0
104	663	26	6274.0
478	825	26	12377.0
79	883	26	7442.0
312	515	26	8567.0
165	198	26	2074.0
165	326	26	5054.0
343	436	26	11124.0
357	863	26	9594.0
537	830	26	3691.0
443	504	26	1944.0
472	635	26	12320.0
343	488	26	7980.0
316	467	26	11225.0
407	467	26	11376.0
294	347	26	2940.0
675	748	26	6754.0
429	511	26	7260.0
537	810	26	1755.0
380	681	26	7070.0
445	1001	26	7992.0
431	474	26	8863.0
511	768	26	13121.0
158	712	26	3768.0
663	964	26	10405.0
28	873	26	12606.0
591	710	26	11241.0
12	134	26	1652.0
601	759	26	2373.0
125	131	26	4973.0
3	167	26	2793.0
72	707	26	2420.0
158	226	26	2833.0
650	681	26	4969.0
51	492	26	7940.0
240	791	26	6845.0
303	484	26	9596.0
647	713	26	8913.0
20	270	26	7789.0
69	88	26	9409.0
720	972	26	4555.0
908	928	26	12534.0
243	517	26	12752.0
847	956	26	1350.0
343	351	26	9197.0
83	754	26	5186.0
312	370	26	9300.0
726	876	26	2079.0
191	488	26	10119.0
48	193	26	7421.0
48	231	26	7169.0
82	858	26	7690.0
586	739	26	5482.0
156	954	26	4887.0
398	717	26	6762.0
616	630	26	10179.0
261	489	26	10700.0
62	996	26	7889.0
192	407	26	2965.0
467	636	26	10004.0
494	568	26	1455.0
313	791	26	4474.0
14	252	26	5556.0
128	941	26	8047.0
519	574	26	12072.0
282	592	26	3799.0
51	652	26	8107.0
641	925	26	9796.0
313	498	26	4236.0
430	498	26	8361.0
147	980	26	6017.0
843	975	26	8073.0
571	725	26	8732.0
38	410	26	2381.0
683	712	26	5761.0
54	441	26	4966.0
329	467	26	9246.0
379	693	26	7275.0
773	806	26	8798.0
213	548	26	4852.0
440	556	26	9230.0
576	794	26	3614.0
284	655	26	8439.0
560	596	26	8846.0
504	703	26	3956.0
567	745	26	5526.0
94	281	26	6702.0
281	554	26	7136.0
424	595	26	8666.0
60	67	26	1337.0
67	432	26	2130.0
186	263	26	5227.0
344	788	26	11688.0
570	758	26	12239.0
704	996	26	1714.0
56	673	26	7869.0
682	879	26	9178.0
274	867	26	14390.0
267	369	26	6846.0
925	969	26	9064.0
373	383	26	9539.0
175	1002	26	9448.0
164	452	26	5874.0
164	571	26	5780.0
187	410	26	7298.0
844	962	26	2338.0
675	774	26	7410.0
569	742	26	12361.0
639	954	26	8663.0
56	309	26	8587.0
608	953	26	9469.0
346	930	26	6323.0
235	377	26	6260.0
377	977	26	10743.0
187	632	26	9208.0
480	876	26	1569.0
399	764	26	3686.0
38	479	26	2482.0
122	535	26	6308.0
641	969	26	8204.0
107	391	26	6420.0
107	869	26	6345.0
298	742	26	2004.0
346	511	26	10305.0
314	813	26	6907.0
30	686	26	8701.0
686	957	26	8388.0
37	775	26	5115.0
153	372	26	8018.0
436	962	26	11090.0
405	850	26	6135.0
213	361	26	4993.0
706	776	26	12520.0
120	626	26	3796.0
178	749	26	1713.0
102	755	26	3571.0
257	478	26	9470.0
780	905	26	11602.0
88	749	26	12974.0
81	934	26	7697.0
663	733	26	6447.0
79	176	26	10475.0
597	748	26	2735.0
478	717	26	1353.0
141	681	26	3937.0
945	968	26	9268.0
338	349	26	10225.0
279	645	26	8358.0
162	203	26	1711.0
162	572	26	9357.0
153	682	26	2517.0
637	678	26	12680.0
521	627	26	14521.0
156	203	26	4959.0
639	838	26	8635.0
44	683	26	12476.0
583	683	26	8721.0
683	746	26	7614.0
346	684	26	10799.0
168	555	26	8853.0
467	865	26	11016.0
184	537	26	7401.0
125	791	26	3510.0
178	311	26	10511.0
526	591	26	5543.0
372	879	26	10677.0
662	834	26	16091.0
476	662	26	9303.0
423	764	26	15447.0
606	634	26	10147.0
539	639	26	6729.0
197	340	26	1593.0
530	961	26	2698.0
599	738	26	11076.0
543	924	26	9317.0
113	338	26	1151.0
607	974	26	10498.0
586	746	26	8044.0
72	721	26	9225.0
494	946	26	2070.0
15	360	26	3064.0
14	254	26	9762.0
14	879	26	3098.0
3	592	26	7669.0
846	870	26	10300.0
876	956	26	3484.0
291	310	26	3942.0
436	541	26	6801.0
644	806	26	11848.0
375	840	26	6598.0
44	786	25	15579.0
221	323	25	10755.0
457	714	25	13869.0
153	473	25	8557.0
561	802	25	8015.0
186	812	25	12066.0
182	759	25	7371.0
167	794	25	10806.0
712	775	25	7209.0
133	272	25	7205.0
345	427	25	3787.0
413	754	25	5186.0
494	620	25	4122.0
705	715	25	3201.0
715	771	25	3387.0
241	728	25	2760.0
37	748	25	4260.0
189	776	25	3759.0
302	923	25	2139.0
328	488	25	9236.0
653	802	25	9358.0
726	911	25	10307.0
19	918	25	2553.0
97	961	25	5956.0
293	932	25	8926.0
156	639	25	5012.0
639	1000	25	13515.0
221	296	25	9802.0
14	591	25	5559.0
14	605	25	9156.0
447	644	25	14666.0
589	790	25	4973.0
23	842	25	1143.0
184	830	25	10637.0
101	426	25	8869.0
265	518	25	7556.0
518	779	25	4326.0
321	706	25	1231.0
121	640	25	7962.0
275	389	25	10927.0
19	429	25	4080.0
407	595	25	3831.0
771	934	25	11578.0
198	321	25	4404.0
301	870	25	10876.0
462	1000	25	14173.0
141	369	25	7420.0
178	369	25	10052.0
63	689	25	7893.0
160	614	25	11310.0
544	638	25	11024.0
118	560	25	6802.0
289	887	25	11830.0
334	770	25	7350.0
481	587	25	10355.0
571	990	25	8811.0
595	664	25	1900.0
370	515	25	7243.0
424	970	25	4493.0
500	601	25	2289.0
177	818	25	10866.0
521	762	25	9626.0
402	924	25	4941.0
396	629	25	13099.0
560	667	25	9076.0
683	775	25	13437.0
118	466	25	4661.0
586	840	25	6824.0
777	918	25	3059.0
576	861	25	2416.0
567	714	25	8483.0
186	956	25	9573.0
316	448	25	2307.0
579	856	25	2251.0
12	343	25	2778.0
531	678	25	9161.0
343	962	25	13081.0
550	962	25	10079.0
423	525	25	12639.0
108	986	25	3480.0
304	836	25	11953.0
755	931	25	5077.0
823	940	25	11006.0
360	508	25	5261.0
44	774	25	12848.0
384	660	25	11585.0
504	904	25	10814.0
285	794	25	3096.0
97	945	25	3605.0
1	783	25	7518.0
646	746	25	3192.0
120	178	25	3643.0
120	267	25	3578.0
689	943	25	9301.0
494	895	25	4239.0
216	382	25	1733.0
173	182	25	12060.0
225	798	25	5864.0
798	973	25	8564.0
334	869	25	6983.0
405	618	25	5274.0
173	945	25	8899.0
37	44	25	4319.0
364	590	25	4678.0
583	739	25	2007.0
457	764	25	1460.0
150	364	25	1530.0
745	1000	25	1400.0
785	1000	25	1334.0
981	1000	25	969.0
601	961	25	5590.0
441	480	25	14079.0
338	581	25	10043.0
581	986	25	11101.0
170	668	25	8255.0
68	133	25	6610.0
646	775	25	4200.0
267	311	25	7823.0
258	975	25	7120.0
190	998	25	3139.0
99	349	25	8732.0
234	349	25	3176.0
865	899	25	5250.0
351	550	25	14814.0
855	863	25	9953.0
107	724	25	6250.0
87	994	25	4709.0
561	653	25	8009.0
657	716	25	11243.0
11	750	25	6475.0
11	888	25	6287.0
666	707	25	3928.0
238	245	25	5183.0
176	883	25	8581.0
549	921	25	9578.0
203	639	25	7260.0
104	800	25	6186.0
44	748	25	13519.0
591	973	25	16262.0
19	511	25	11649.0
646	874	25	6709.0
408	994	25	7770.0
112	635	25	3837.0
185	200	25	6811.0
200	213	25	4463.0
87	708	25	7846.0
146	198	25	6248.0
72	666	25	9436.0
17	557	25	14045.0
316	363	25	5797.0
289	539	25	3680.0
449	571	25	8659.0
709	987	25	8627.0
1	660	25	7421.0
182	945	25	8580.0
279	883	25	11908.0
335	585	25	9149.0
55	846	25	10831.0
54	812	25	3261.0
112	412	25	3529.0
148	999	25	3887.0
350	845	25	9243.0
514	809	25	13331.0
159	677	25	7510.0
735	929	25	4428.0
283	688	25	9692.0
9	1001	25	8921.0
648	709	25	9015.0
700	977	25	4057.0
50	239	25	4383.0
405	518	25	4071.0
784	838	25	5269.0
48	456	25	7239.0
136	205	25	8014.0
47	978	25	6208.0
338	923	25	4463.0
510	844	25	9810.0
661	695	25	9175.0
309	807	25	12788.0
225	526	25	5543.0
885	975	25	11583.0
259	396	25	10918.0
154	455	25	11419.0
120	433	25	3576.0
655	993	25	10739.0
774	909	25	4459.0
840	909	25	3913.0
346	996	25	13932.0
767	818	25	13716.0
170	786	25	3188.0
119	933	25	12622.0
457	660	25	12860.0
55	870	25	10534.0
172	924	25	7055.0
405	624	25	7032.0
346	429	25	10599.0
321	326	25	7600.0
120	141	25	3043.0
120	380	25	2985.0
252	590	25	4322.0
486	549	25	9119.0
325	585	25	9234.0
804	883	25	6460.0
259	420	25	9531.0
584	957	25	9538.0
96	865	25	4245.0
264	428	25	6410.0
274	758	25	12346.0
152	392	25	12625.0
321	765	25	5612.0
146	555	25	6286.0
528	559	25	18836.0
38	881	25	2402.0
254	589	25	13208.0
155	734	25	14263.0
734	760	25	15747.0
79	795	25	11493.0
6	241	25	10773.0
508	515	25	4955.0
159	827	25	8319.0
576	592	25	1677.0
341	637	25	11499.0
304	466	25	6010.0
167	349	25	3178.0
113	581	25	8256.0
432	762	25	3004.0
550	740	25	2927.0
430	791	25	4471.0
410	518	25	10952.0
735	946	25	7703.0
453	460	25	11127.0
262	493	25	13573.0
431	787	25	12999.0
360	606	25	4134.0
271	718	25	10800.0
367	495	25	6196.0
104	530	25	6062.0
404	742	25	12817.0
44	712	25	9526.0
100	872	25	7043.0
167	282	25	11530.0
167	861	25	10130.0
35	665	25	3647.0
390	791	25	4483.0
791	905	25	4129.0
5	927	25	12125.0
14	225	25	5759.0
691	774	25	2006.0
590	973	25	7827.0
243	455	25	11419.0
109	487	24	8364.0
44	840	24	10718.0
786	840	24	10909.0
136	350	24	8330.0
307	532	24	2011.0
178	681	24	7142.0
423	887	24	2382.0
764	887	24	2765.0
263	546	24	6851.0
39	632	24	1621.0
695	902	24	10362.0
65	395	24	12126.0
114	995	24	7183.0
326	706	24	5926.0
298	573	24	2050.0
367	370	24	6744.0
30	796	24	6932.0
763	979	24	2904.0
173	500	24	10130.0
582	833	24	5630.0
538	679	24	13468.0
172	344	24	6996.0
334	724	24	6881.0
9	596	24	9853.0
377	410	24	9658.0
491	893	24	12078.0
60	521	24	8857.0
100	808	24	10661.0
303	867	24	8029.0
95	501	24	8208.0
131	196	24	10574.0
557	813	24	6952.0
62	768	24	3468.0
762	823	24	10596.0
252	605	24	5063.0
505	790	24	6845.0
675	998	24	8828.0
377	632	24	10789.0
301	992	24	11345.0
156	539	24	5827.0
128	997	24	7550.0
304	445	24	3190.0
172	441	24	3335.0
432	940	24	3095.0
70	917	24	8776.0
503	787	24	10450.0
521	593	24	6796.0
455	803	24	11264.0
739	786	24	4771.0
89	478	24	6520.0
58	181	24	12833.0
357	651	24	11396.0
560	949	24	9277.0
493	616	24	12192.0
172	512	24	7095.0
800	968	24	1249.0
626	681	24	6958.0
379	868	24	6694.0
431	658	24	15648.0
502	903	24	10975.0
253	654	24	8027.0
253	708	24	8056.0
580	873	24	10386.0
349	717	24	1664.0
349	861	24	3212.0
266	438	24	9719.0
49	600	24	5350.0
153	798	24	8000.0
157	504	24	6781.0
354	776	24	12434.0
83	254	24	5517.0
254	413	24	5482.0
253	490	24	8052.0
299	929	24	3925.0
286	550	24	14352.0
11	220	24	6255.0
651	1002	24	11142.0
949	1001	24	8936.0
223	482	24	6101.0
71	783	24	2937.0
384	726	24	1360.0
395	713	24	4207.0
148	278	24	5341.0
148	603	24	2829.0
278	603	24	3189.0
660	785	24	10793.0
660	915	24	1111.0
660	956	24	1365.0
643	967	24	11027.0
213	974	24	2724.0
372	591	24	3969.0
4	348	24	9479.0
712	909	24	2510.0
40	560	24	5694.0
560	837	24	9560.0
227	347	24	3602.0
688	985	24	11759.0
233	698	24	11783.0
812	915	24	3537.0
110	196	24	4137.0
196	430	24	10749.0
360	599	24	3574.0
4	695	24	9707.0
203	289	24	2008.0
379	912	24	4623.0
510	541	24	11201.0
310	919	24	3241.0
158	774	24	4901.0
285	986	24	2931.0
535	547	24	10213.0
560	578	24	9695.0
19	930	24	11021.0
150	473	24	6942.0
290	970	24	12909.0
568	813	24	4455.0
247	604	24	8136.0
526	710	24	5641.0
710	879	24	8703.0
566	940	24	8865.0
456	942	24	7640.0
103	638	24	6716.0
39	518	24	6916.0
645	883	24	10780.0
107	974	24	9065.0
7	891	24	11131.0
637	817	24	12299.0
465	573	24	4605.0
663	948	24	12493.0
640	701	24	3163.0
30	692	24	4719.0
584	692	24	6647.0
692	727	24	3999.0
8	902	24	8170.0
128	920	24	8063.0
219	451	24	4462.0
479	632	24	4990.0
22	312	24	6798.0
422	716	24	11269.0
479	977	24	3848.0
939	986	24	11068.0
665	922	24	8107.0
303	890	24	9634.0
379	665	24	4396.0
438	910	24	8830.0
219	365	24	4434.0
514	655	24	7651.0
328	962	24	3751.0
103	544	24	6535.0
158	926	24	3357.0
122	715	24	6586.0
500	968	24	10541.0
65	376	24	1022.0
376	726	24	984.0
41	398	24	3335.0
445	949	24	8243.0
289	556	24	6501.0
258	885	24	3920.0
226	874	24	4887.0
101	937	24	9154.0
930	996	24	5980.0
415	501	24	10520.0
514	610	24	9898.0
281	732	24	7859.0
626	650	24	7162.0
478	644	24	10187.0
27	731	24	8798.0
246	904	24	8756.0
4	353	24	14495.0
353	903	24	11969.0
225	413	24	9355.0
938	953	24	6614.0
480	812	24	6946.0
663	961	24	5491.0
308	371	24	9535.0
733	800	24	3836.0
532	685	24	15908.0
282	349	24	3176.0
35	412	24	6486.0
6	972	24	2011.0
583	774	24	8585.0
683	774	24	8053.0
65	462	24	1397.0
530	733	24	3759.0
523	961	24	7608.0
384	567	24	6556.0
563	751	24	7328.0
92	389	24	7844.0
123	874	24	2358.0
621	859	24	11348.0
259	722	24	11613.0
57	796	24	7110.0
634	738	24	10202.0
37	683	24	4795.0
150	798	24	5913.0
708	994	24	4950.0
59	230	24	10704.0
67	627	24	2238.0
558	734	24	13239.0
531	938	24	4514.0
637	938	24	1347.0
707	804	24	9442.0
761	970	24	10406.0
63	733	24	1509.0
542	672	24	7914.0
338	576	24	1504.0
139	435	24	8059.0
492	652	24	10731.0
227	294	24	2517.0
253	603	24	6353.0
253	966	24	1658.0
719	982	24	15040.0
233	430	24	12927.0
247	359	24	5635.0
143	451	24	3940.0
116	938	24	6087.0
418	565	24	7563.0
44	739	24	5780.0
566	694	24	7068.0
245	946	24	7703.0
209	840	24	8236.0
468	734	24	13484.0
47	505	24	6149.0
19	684	24	4968.0
453	891	24	15547.0
55	992	24	10594.0
887	954	24	6496.0
708	907	24	7186.0
359	427	24	3936.0
874	909	24	6594.0
104	964	24	6306.0
197	255	24	2069.0
87	253	24	7949.0
551	878	24	11526.0
62	346	24	8266.0
62	684	24	8007.0
110	336	24	9078.0
55	301	24	11624.0
586	774	24	8846.0
694	762	23	9851.0
204	701	23	2398.0
69	749	23	11018.0
635	912	23	7846.0
23	467	23	7061.0
423	838	23	1939.0
46	845	23	7794.0
108	798	23	5512.0
268	309	23	10248.0
141	626	23	7048.0
216	705	23	8691.0
222	859	23	10355.0
853	859	23	10199.0
96	316	23	4556.0
557	640	23	7332.0
199	496	23	5952.0
42	671	23	11357.0
476	614	23	10317.0
701	813	23	2866.0
578	1001	23	7584.0
563	590	23	6566.0
759	945	23	8058.0
678	817	23	15245.0
717	794	23	1397.0
99	581	23	8429.0
477	755	23	2673.0
489	501	23	1442.0
367	631	23	5445.0
41	356	23	3295.0
469	688	23	9436.0
431	871	23	12329.0
413	798	23	2994.0
196	390	23	7235.0
196	780	23	8742.0
112	379	23	3690.0
554	732	23	8853.0
190	874	23	3809.0
254	605	23	10180.0
196	698	23	7692.0
713	812	23	8801.0
234	894	23	1389.0
23	424	23	1177.0
763	984	23	4348.0
315	416	23	6698.0
160	834	23	10408.0
143	346	23	2557.0
444	845	23	10008.0
786	874	23	1716.0
480	546	23	7902.0
456	558	23	1818.0
372	798	23	8832.0
569	649	23	1446.0
827	889	23	8890.0
88	988	23	3002.0
260	373	23	7946.0
906	987	23	7165.0
748	786	23	13027.0
81	974	23	2967.0
448	467	23	10651.0
645	707	23	10052.0
595	842	23	1500.0
36	404	23	8296.0
654	966	23	4256.0
708	966	23	2070.0
376	745	23	9948.0
384	915	23	1092.0
384	956	23	1383.0
233	498	23	10147.0
653	814	23	2942.0
733	961	23	13637.0
83	225	23	8746.0
364	798	23	7079.0
710	798	23	4255.0
683	786	23	11560.0
691	786	23	5693.0
574	986	23	9802.0
178	194	23	1754.0
675	909	23	8836.0
500	759	23	7758.0
120	311	23	3754.0
264	342	23	6595.0
660	783	23	11457.0
9	836	23	5523.0
123	998	23	2324.0
862	945	23	5601.0
628	996	23	5978.0
4	215	23	12404.0
215	695	23	9707.0
69	625	23	11165.0
85	407	23	1406.0
37	583	23	5603.0
229	874	23	9160.0
203	856	23	4607.0
485	611	23	15604.0
52	318	23	4802.0
52	585	23	5197.0
318	585	23	9617.0
23	636	23	1366.0
40	466	23	8886.0
235	518	23	9647.0
251	585	23	8942.0
473	798	23	10442.0
539	954	23	4457.0
187	377	23	10775.0
685	884	23	10172.0
846	992	23	10614.0
82	987	23	8849.0
286	962	23	7338.0
648	906	23	6469.0
535	747	23	9165.0
448	636	23	10369.0
295	821	23	1824.0
239	979	23	4512.0
99	861	23	1696.0
721	795	23	8497.0
186	876	23	13628.0
71	714	23	7094.0
426	577	23	9186.0
84	431	23	8477.0
132	431	23	7922.0
720	980	23	4169.0
291	529	23	4355.0
202	991	23	7906.0
302	609	23	8521.0
484	867	23	1706.0
166	1000	23	11077.0
108	113	23	3416.0
108	923	23	3261.0
131	498	23	10555.0
684	996	23	11459.0
225	252	23	12361.0
462	954	23	3248.0
645	721	23	11307.0
116	674	23	6357.0
484	570	23	3261.0
252	973	23	11990.0
589	682	23	5584.0
71	660	23	5829.0
614	834	23	13493.0
481	831	23	8396.0
602	884	23	10133.0
121	568	23	3832.0
204	568	23	4032.0
568	617	23	8376.0
642	968	23	10798.0
244	288	23	3732.0
334	771	23	5296.0
417	434	23	11111.0
46	205	23	7804.0
538	937	23	9603.0
434	993	23	10762.0
75	613	23	5774.0
499	791	23	6389.0
83	973	23	12977.0
705	934	23	11653.0
235	405	23	10987.0
701	857	23	2370.0
353	902	23	14209.0
583	598	23	5563.0
375	775	23	3621.0
648	753	23	8264.0
135	736	23	1390.0
86	818	23	7599.0
76	210	23	1691.0
597	668	23	9736.0
351	541	23	4551.0
351	740	23	1667.0
95	296	23	7817.0
197	771	23	6690.0
364	879	23	11299.0
294	772	23	1984.0
394	896	23	2347.0
140	654	23	3520.0
302	581	23	7768.0
139	244	23	8923.0
206	579	23	1463.0
663	968	23	3923.0
146	706	23	6215.0
379	472	23	9182.0
627	762	23	7487.0
647	654	23	2359.0
87	408	23	7824.0
329	885	23	11222.0
256	292	23	9573.0
256	781	23	10467.0
642	663	23	11159.0
407	865	23	10747.0
698	791	23	4500.0
196	313	23	6887.0
642	886	23	11354.0
112	472	23	3840.0
177	829	23	10883.0
7	453	23	11040.0
71	981	23	5074.0
341	817	23	13863.0
598	786	23	9212.0
3	352	23	2337.0
212	365	23	5632.0
69	355	23	11346.0
38	977	23	2422.0
96	258	23	1736.0
447	825	23	16310.0
310	529	23	3852.0
395	956	23	13348.0
133	831	23	7307.0
244	435	23	10312.0
39	410	23	3420.0
171	265	23	3610.0
265	410	23	3961.0
46	224	23	7715.0
637	674	23	2528.0
367	508	23	4302.0
229	774	23	1856.0
23	258	23	6876.0
461	494	23	4089.0
67	566	23	2102.0
26	529	23	6900.0
137	642	23	7331.0
227	772	23	2684.0
157	904	23	6635.0
698	849	23	6752.0
568	640	23	4680.0
395	457	22	1452.0
158	874	22	6889.0
212	219	22	3489.0
468	558	22	11572.0
805	873	22	13696.0
289	440	22	6577.0
143	930	22	2463.0
669	943	22	13545.0
260	383	22	7815.0
383	487	22	9876.0
364	751	22	2363.0
523	948	22	12277.0
872	959	22	8772.0
642	945	22	9055.0
191	744	22	11793.0
46	350	22	8123.0
347	394	22	3687.0
338	609	22	10118.0
589	605	22	10737.0
124	343	22	3319.0
16	761	22	8442.0
235	337	22	8100.0
145	719	22	10104.0
734	793	22	12765.0
349	986	22	1931.0
192	899	22	5371.0
86	767	22	7333.0
397	470	22	8692.0
89	169	22	4908.0
213	388	22	3989.0
677	742	22	1464.0
5	559	22	12986.0
151	376	22	3950.0
623	763	22	3600.0
232	487	22	11855.0
125	233	22	8685.0
265	337	22	3381.0
265	917	22	4026.0
196	498	22	10140.0
52	335	22	4809.0
376	981	22	5341.0
847	981	22	5403.0
285	923	22	4169.0
49	894	22	5678.0
198	765	22	2680.0
258	448	22	5118.0
216	548	22	6613.0
216	934	22	8868.0
127	655	22	6505.0
521	940	22	11107.0
593	940	22	7774.0
96	722	22	3793.0
304	667	22	11902.0
162	838	22	8021.0
598	646	22	6765.0
302	349	22	8781.0
615	766	22	8696.0
195	297	22	2947.0
876	915	22	5858.0
22	367	22	6907.0
210	442	22	3008.0
148	497	22	4333.0
465	742	22	3169.0
229	998	22	5736.0
495	515	22	6585.0
127	809	22	8144.0
212	451	22	7698.0
95	323	22	8495.0
97	137	22	2591.0
746	786	22	7902.0
622	752	22	5481.0
202	557	22	5005.0
423	639	22	11121.0
663	886	22	4687.0
265	405	22	10052.0
667	837	22	5691.0
169	447	22	7096.0
235	410	22	6135.0
257	315	22	9315.0
69	194	22	11064.0
516	988	22	16318.0
478	861	22	1295.0
261	690	22	2141.0
169	298	22	6844.0
567	660	22	9250.0
752	999	22	1553.0
609	965	22	2560.0
945	948	22	3337.0
375	586	22	2921.0
110	698	22	6947.0
6	980	22	1597.0
75	755	22	6480.0
44	158	22	5230.0
158	786	22	5035.0
308	364	22	1990.0
457	785	22	11549.0
196	233	22	12467.0
210	573	22	11286.0
78	344	22	10269.0
186	726	22	8148.0
539	838	22	6601.0
808	931	22	5961.0
668	748	22	3063.0
778	873	22	13677.0
289	954	22	2368.0
626	936	22	7080.0
43	218	22	10533.0
402	829	22	11155.0
329	448	22	9700.0
348	353	22	11605.0
237	611	22	3570.0
11	270	22	5975.0
918	930	22	1710.0
104	948	22	5485.0
107	770	22	7465.0
403	534	22	10644.0
500	961	22	10382.0
758	867	22	11758.0
673	807	22	11875.0
167	478	22	1298.0
582	820	22	5827.0
148	150	22	1378.0
541	844	22	9829.0
44	646	22	7509.0
71	457	22	7620.0
8	348	22	7150.0
83	117	22	7551.0
117	526	22	4706.0
8	502	22	7429.0
502	661	22	9163.0
294	394	22	3543.0
53	223	22	3828.0
582	988	22	5707.0
88	933	22	3121.0
485	985	22	3196.0
525	785	22	1455.0
572	579	22	1132.0
407	448	22	2456.0
568	991	22	17291.0
151	384	22	8510.0
715	747	22	10624.0
646	774	22	7701.0
308	590	22	6956.0
107	824	22	8043.0
123	229	22	2423.0
447	773	22	10011.0
429	768	22	5557.0
32	419	22	4281.0
0	22	22	4023.0
543	544	22	9773.0
1	151	22	5302.0
151	745	22	8292.0
151	785	22	7913.0
143	228	22	3834.0
159	841	22	7869.0
277	431	22	10052.0
521	694	22	9713.0
527	931	22	6642.0
423	785	22	1448.0
436	740	22	3655.0
627	694	22	6919.0
545	867	22	1795.0
609	861	22	4539.0
418	732	22	7547.0
595	970	22	3867.0
583	691	22	3066.0
911	956	22	13294.0
37	598	22	5478.0
47	582	22	6163.0
196	849	22	11667.0
313	849	22	6129.0
538	577	22	11566.0
264	482	22	6969.0
428	482	22	9323.0
230	822	22	2504.0
387	716	22	11604.0
567	981	22	5949.0
15	634	22	8855.0
96	595	22	1314.0
371	973	22	4213.0
235	917	22	8446.0
289	639	22	5047.0
707	795	22	10185.0
16	970	22	8603.0
78	924	22	10442.0
530	642	22	9699.0
642	961	22	12619.0
59	274	22	10510.0
948	961	22	5721.0
572	784	22	6918.0
586	683	22	12174.0
127	702	22	8751.0
14	83	22	5529.0
117	364	22	9417.0
117	589	22	4644.0
117	710	22	9707.0
678	953	22	11567.0
649	841	22	11751.0
88	820	22	3089.0
599	634	22	9673.0
387	473	22	1066.0
422	473	22	1066.0
873	950	22	13136.0
429	628	22	3208.0
429	930	22	3250.0
209	998	22	7754.0
170	586	22	4716.0
473	879	22	10094.0
35	635	22	6673.0
75	527	22	4338.0
376	783	22	3200.0
326	354	22	6826.0
472	922	22	8859.0
214	1001	22	8761.0
156	465	22	1903.0
114	542	22	7133.0
238	735	21	6396.0
44	598	21	9163.0
377	779	21	1288.0
60	593	21	5963.0
288	676	21	11467.0
254	682	21	5587.0
104	523	21	5792.0
97	104	21	4364.0
7	893	21	12365.0
812	956	21	1150.0
316	865	21	10646.0
78	788	21	10658.0
646	840	21	7181.0
605	879	21	3439.0
120	369	21	3041.0
137	182	21	8078.0
182	733	21	10817.0
214	837	21	8490.0
372	563	21	7399.0
441	812	21	9428.0
353	695	21	9707.0
809	993	21	1589.0
118	949	21	7052.0
170	739	21	6986.0
582	790	21	7848.0
326	765	21	7127.0
27	320	21	9718.0
348	661	21	10922.0
342	482	21	7432.0
95	690	21	8348.0
572	954	21	1988.0
576	875	21	4976.0
317	340	21	9334.0
594	647	21	3300.0
653	942	21	7735.0
106	895	21	1621.0
169	478	21	7230.0
166	525	21	11742.0
26	411	21	6835.0
502	695	21	9293.0
147	184	21	4574.0
274	822	21	2713.0
53	482	21	3777.0
53	342	21	3803.0
164	725	21	5826.0
142	919	21	1126.0
279	721	21	12739.0
279	804	21	3973.0
476	612	21	8600.0
235	632	21	4425.0
70	863	21	4962.0
311	626	21	5353.0
852	942	21	9723.0
65	911	21	9731.0
233	780	21	11928.0
34	345	21	2865.0
329	975	21	11177.0
41	717	21	3520.0
97	642	21	11333.0
198	776	21	13809.0
326	776	21	8108.0
90	192	21	2523.0
65	876	21	2938.0
110	240	21	8793.0
39	618	21	4503.0
379	412	21	10491.0
395	462	21	1397.0
358	556	21	9397.0
837	949	21	7710.0
436	510	21	1810.0
510	962	21	3972.0
25	334	21	4240.0
432	823	21	3004.0
65	525	21	1444.0
418	554	21	7482.0
90	407	21	2385.0
870	992	21	10987.0
337	405	21	3546.0
257	644	21	8339.0
476	834	21	9512.0
96	363	21	1155.0
240	336	21	11638.0
488	962	21	7866.0
375	786	21	6474.0
687	963	21	11388.0
51	963	21	7974.0
227	656	21	3212.0
116	531	21	3144.0
37	586	21	4905.0
57	686	21	7178.0
201	747	21	10314.0
530	886	21	1977.0
344	544	21	1574.0
591	798	21	6568.0
525	954	21	1626.0
676	967	21	11344.0
407	975	21	4532.0
79	666	21	3602.0
611	736	21	5967.0
274	890	21	1104.0
133	587	21	6259.0
304	560	21	2975.0
610	655	21	8180.0
295	443	21	4728.0
500	733	21	13880.0
173	601	21	2650.0
601	642	21	12749.0
25	869	21	6350.0
494	814	21	4210.0
44	909	21	4602.0
385	957	21	11035.0
574	939	21	11305.0
498	698	21	4815.0
515	631	21	5855.0
408	647	21	3347.0
647	994	21	3014.0
297	411	21	3620.0
186	647	21	11812.0
303	758	21	7235.0
19	996	21	6886.0
462	785	21	1482.0
358	887	21	1092.0
172	788	21	7248.0
298	404	21	1801.0
298	569	21	2055.0
452	866	21	7855.0
117	252	21	9336.0
117	591	21	8464.0
371	798	21	6316.0
448	885	21	9822.0
603	647	21	2544.0
642	948	21	11818.0
120	936	21	3814.0
52	325	21	4959.0
713	915	21	1694.0
112	693	21	3872.0
34	641	21	2647.0
108	879	21	6475.0
429	684	21	10655.0
285	609	21	10034.0
581	609	21	9142.0
215	348	21	8668.0
886	948	21	5001.0
460	891	21	11171.0
647	915	21	2794.0
195	529	21	3764.0
268	673	21	10294.0
562	673	21	8164.0
134	550	21	8881.0
147	728	21	5958.0
172	402	21	3442.0
523	945	21	5267.0
773	825	21	13129.0
285	861	21	3220.0
513	515	21	8284.0
655	789	21	9012.0
42	397	21	10297.0
278	497	21	5537.0
469	485	21	11897.0
543	638	21	8419.0
145	982	21	9908.0
619	982	21	10595.0
188	778	21	2134.0
209	229	21	9166.0
209	375	21	14123.0
230	484	21	1253.0
37	675	21	2999.0
150	563	21	7278.0
103	463	21	6852.0
215	902	21	13501.0
3	861	21	2702.0
435	958	21	10606.0
214	949	21	9277.0
99	592	21	8976.0
759	862	21	3811.0
137	601	21	2223.0
567	783	21	11632.0
434	655	21	11799.0
65	981	21	1033.0
71	151	21	3382.0
97	500	21	2471.0
89	644	21	8621.0
931	959	21	8659.0
311	936	21	3799.0
473	710	21	3192.0
99	302	21	8027.0
17	202	21	3247.0
282	478	21	1298.0
578	667	21	6192.0
156	897	21	1922.0
143	628	21	2462.0
175	357	21	9408.0
17	204	21	6060.0
364	473	20	6732.0
473	973	20	7123.0
171	377	20	13436.0
527	959	20	10749.0
213	307	20	2805.0
12	436	20	3240.0
186	441	20	5484.0
523	964	20	8798.0
363	407	20	3697.0
407	899	20	8537.0
298	825	20	11756.0
582	933	20	2317.0
466	1001	20	6575.0
380	936	20	7266.0
349	581	20	8818.0
333	370	20	8432.0
263	647	20	4930.0
777	996	20	7409.0
500	886	20	10708.0
561	942	20	7948.0
72	79	20	1953.0
52	514	20	1130.0
269	480	20	9190.0
39	377	20	3950.0
110	313	20	6244.0
89	315	20	6697.0
88	625	20	14679.0
114	670	20	7087.0
550	574	20	6029.0
427	969	20	3296.0
432	694	20	3019.0
92	540	20	7270.0
257	773	20	6841.0
605	973	20	5177.0
414	798	20	2953.0
712	786	20	9583.0
522	685	20	8354.0
394	656	20	3860.0
610	809	20	9863.0
655	809	20	8240.0
168	706	20	8725.0
18	896	20	10032.0
636	885	20	12041.0
586	597	20	5656.0
48	900	20	7336.0
193	760	20	3416.0
796	957	20	6682.0
315	806	20	9556.0
383	803	20	2152.0
323	501	20	11199.0
636	975	20	11441.0
279	707	20	4943.0
412	922	20	8712.0
527	633	20	11566.0
254	710	20	5666.0
44	375	20	7217.0
8	695	20	7318.0
695	903	20	7684.0
23	329	20	1175.0
88	833	20	3058.0
669	878	20	13640.0
234	576	20	3850.0
285	576	20	1410.0
143	212	20	3862.0
642	800	20	9747.0
319	804	20	3263.0
149	211	20	6701.0
246	295	20	1880.0
72	795	20	2909.0
800	886	20	1986.0
44	874	20	1862.0
35	868	20	6421.0
44	229	20	2031.0
229	786	20	1887.0
25	391	20	6453.0
862	968	20	5730.0
477	633	20	3635.0
203	462	20	1970.0
583	675	20	3456.0
47	790	20	6053.0
140	708	20	1409.0
229	748	20	1279.0
173	862	20	4952.0
125	430	20	8945.0
12	191	20	8139.0
12	550	20	8205.0
79	645	20	11519.0
529	919	20	5139.0
395	911	20	12320.0
876	911	20	3313.0
143	429	20	1692.0
429	777	20	4858.0
182	961	20	10426.0
35	912	20	3868.0
462	981	20	1041.0
129	564	20	1893.0
169	773	20	5315.0
609	923	20	3382.0
70	1002	20	5382.0
346	768	20	8639.0
768	918	20	3947.0
110	131	20	2324.0
131	233	20	12058.0
225	372	20	3783.0
186	915	20	11716.0
546	907	20	4527.0
689	878	20	10544.0
733	878	20	1499.0
592	609	20	10564.0
394	772	20	2685.0
57	727	20	7071.0
702	809	20	11934.0
169	825	20	8199.0
448	865	20	3546.0
410	700	20	3265.0
434	809	20	2730.0
419	816	20	4088.0
75	872	20	5688.0
117	879	20	8526.0
633	755	20	9665.0
500	523	20	4522.0
523	601	20	12220.0
210	742	20	10879.0
315	644	20	11510.0
168	198	20	8769.0
795	883	20	7567.0
488	550	20	16348.0
38	171	20	2409.0
456	852	20	11026.0
343	844	20	3207.0
509	969	20	11722.0
151	854	20	6258.0
229	840	20	1321.0
348	902	20	10609.0
57	385	20	7076.0
107	715	20	3200.0
88	194	20	14557.0
52	251	20	4655.0
3	965	20	1078.0
414	473	20	2211.0
291	411	20	3998.0
411	529	20	15548.0
296	501	20	10805.0
423	458	20	1518.0
423	745	20	1480.0
458	462	20	1453.0
233	390	20	11221.0
108	308	20	6721.0
425	654	20	4302.0
258	407	20	8101.0
390	498	20	4350.0
352	609	20	2181.0
609	717	20	1665.0
720	728	20	3334.0
231	760	20	3471.0
150	773	20	1619.0
901	904	20	1699.0
22	508	20	3576.0
168	354	20	8955.0
239	514	20	2377.0
133	729	20	7178.0
775	786	20	13034.0
500	642	20	9029.0
377	479	20	4791.0
77	781	20	11055.0
65	812	20	2066.0
137	862	20	4535.0
209	774	20	8468.0
67	521	20	2222.0
39	337	20	3882.0
252	372	20	4283.0
364	372	20	4640.0
862	886	20	7078.0
200	685	20	8120.0
158	909	20	9015.0
668	683	20	9497.0
153	225	20	3785.0
44	691	20	7070.0
151	783	20	7862.0
395	854	20	1419.0
134	740	20	3648.0
772	851	20	1223.0
328	343	20	4062.0
282	794	19	10299.0
808	872	19	6560.0
99	923	19	3360.0
191	436	19	5427.0
575	593	19	4708.0
173	948	19	2791.0
466	578	19	6095.0
191	328	19	9659.0
85	843	19	4981.0
18	347	19	10255.0
400	803	19	13705.0
517	803	19	13199.0
134	191	19	5851.0
37	712	19	5486.0
622	999	19	1566.0
143	511	19	2420.0
143	996	19	2492.0
46	444	19	6303.0
214	304	19	11013.0
22	370	19	6127.0
22	495	19	5565.0
173	523	19	5060.0
209	748	19	8070.0
979	984	19	6144.0
854	1000	19	1403.0
319	883	19	11394.0
156	856	19	4359.0
90	424	19	2490.0
90	899	19	2781.0
19	143	19	2485.0
473	682	19	4021.0
117	413	19	7824.0
209	874	19	10795.0
296	690	19	9614.0
254	790	19	2433.0
200	403	19	1243.0
583	597	19	2056.0
739	748	19	2581.0
85	258	19	3990.0
11	20	19	6221.0
141	936	19	4781.0
79	707	19	9636.0
613	808	19	12769.0
162	954	19	2043.0
279	319	19	12203.0
802	942	19	9776.0
253	907	19	6767.0
462	714	19	1378.0
425	647	19	3300.0
279	694	19	1716.0
62	777	19	2734.0
129	603	19	971.0
539	764	19	1453.0
492	963	19	10829.0
258	826	19	10727.0
93	942	19	6987.0
648	737	19	8613.0
214	466	19	11638.0
137	500	19	7039.0
315	773	19	7047.0
3	717	19	1664.0
66	185	19	1411.0
190	926	19	1369.0
101	538	19	8497.0
667	949	19	7237.0
279	795	19	5595.0
385	459	19	10811.0
459	584	19	10548.0
459	686	19	11365.0
648	858	19	6219.0
455	517	19	10846.0
384	423	19	1491.0
423	660	19	1411.0
423	847	19	1502.0
423	915	19	1108.0
142	195	19	1048.0
142	291	19	1093.0
142	297	19	1045.0
156	572	19	1511.0
581	592	19	11394.0
140	490	19	1249.0
29	676	19	11089.0
65	714	19	1324.0
65	854	19	1419.0
786	909	19	4456.0
432	593	19	2786.0
101	679	19	8810.0
523	759	19	4366.0
265	977	19	4744.0
426	538	19	11351.0
36	210	19	7307.0
395	423	19	1407.0
395	1000	19	1270.0
375	746	19	2608.0
120	681	19	3693.0
267	681	19	3945.0
473	563	19	5876.0
646	786	19	7624.0
305	648	19	7048.0
324	648	19	7875.0
710	973	19	10891.0
94	565	19	6729.0
371	563	19	7399.0
523	968	19	5523.0
362	802	19	3264.0
656	851	19	2406.0
334	824	19	7463.0
197	934	19	8043.0
300	934	19	1145.0
88	516	19	3033.0
258	843	19	9588.0
348	502	19	8826.0
338	478	19	1320.0
67	940	19	2134.0
250	370	19	1820.0
62	429	19	7927.0
122	747	19	6914.0
818	829	19	9885.0
166	639	19	7741.0
527	808	19	11582.0
368	611	19	1367.0
40	578	19	2262.0
573	742	19	12002.0
742	897	19	1875.0
139	207	19	8789.0
308	563	19	7399.0
22	360	19	6608.0
4	502	19	14923.0
457	981	19	10055.0
478	773	19	6717.0
493	755	19	4179.0
180	953	19	9980.0
263	713	19	3050.0
675	712	19	5620.0
254	414	19	5596.0
113	939	19	12526.0
816	947	19	4583.0
161	545	19	8238.0
544	944	19	2467.0
523	886	19	6738.0
161	570	19	2753.0
432	627	19	2721.0
156	206	19	1515.0
151	567	19	5913.0
207	435	19	10436.0
146	422	19	6281.0
35	922	19	4621.0
383	517	19	1965.0
505	649	19	1156.0
12	488	19	7940.0
728	830	19	1423.0
225	473	19	5863.0
413	473	19	2235.0
16	65	19	2583.0
376	423	19	995.0
376	462	19	1015.0
423	726	19	1360.0
458	726	19	1356.0
462	726	19	1372.0
642	964	19	9918.0
317	446	19	10014.0
591	751	19	1841.0
36	465	19	2380.0
167	609	19	4409.0
143	768	19	2496.0
129	835	19	1875.0
129	979	19	1701.0
843	865	19	8209.0
633	872	19	5491.0
911	915	19	10694.0
108	563	19	6831.0
563	879	19	6462.0
494	929	19	1287.0
612	834	19	12245.0
77	913	19	11447.0
372	973	19	5390.0
334	974	19	5314.0
89	825	19	9918.0
213	705	19	4988.0
117	605	19	4264.0
75	959	19	2437.0
473	591	19	5357.0
150	252	19	1176.0
471	634	19	9389.0
404	573	19	11398.0
54	546	19	4779.0
180	341	19	2727.0
500	862	19	4596.0
252	798	19	6733.0
541	550	19	5571.0
537	728	19	7795.0
187	235	19	2587.0
63	943	19	8049.0
510	744	19	1292.0
329	407	19	1030.0
86	177	19	7743.0
257	416	19	6493.0
117	754	19	4374.0
180	678	19	3082.0
202	461	19	2358.0
202	494	19	5320.0
202	895	19	2472.0
202	701	19	4860.0
76	539	19	2666.0
465	539	19	4347.0
376	395	19	1003.0
69	178	19	1724.0
90	363	19	2575.0
152	921	18	10212.0
151	660	18	8436.0
628	918	18	1650.0
65	186	18	7524.0
303	545	18	9412.0
91	929	18	1292.0
242	963	18	9928.0
47	234	18	1221.0
393	792	18	11271.0
262	613	18	3938.0
779	850	18	5541.0
182	500	18	10172.0
100	633	18	9747.0
613	633	18	14108.0
891	893	18	14778.0
158	646	18	9050.0
117	973	18	8672.0
523	733	18	8502.0
115	471	18	4970.0
115	738	18	1329.0
162	539	18	3370.0
266	764	18	996.0
639	856	18	7582.0
129	763	18	1914.0
278	773	18	1293.0
169	510	18	1028.0
75	808	18	2660.0
158	209	18	8645.0
546	594	18	4483.0
165	321	18	5119.0
838	856	18	11094.0
519	550	18	5979.0
209	712	18	7616.0
255	317	18	10176.0
348	695	18	8937.0
71	462	18	1443.0
794	894	18	1362.0
18	772	18	10172.0
261	415	18	4858.0
108	372	18	6869.0
463	543	18	8294.0
427	509	18	4671.0
110	125	18	6050.0
210	569	18	9640.0
841	978	18	2827.0
865	975	18	4903.0
162	579	18	989.0
376	457	18	7904.0
715	974	18	3279.0
158	840	18	4403.0
75	931	18	6077.0
65	384	18	1413.0
683	840	18	6560.0
3	609	18	7372.0
10	459	18	9764.0
464	504	18	3494.0
307	388	18	2763.0
75	100	18	5748.0
459	727	18	10417.0
586	691	18	6745.0
494	735	18	4358.0
381	619	18	12001.0
432	521	18	3200.0
192	467	18	1259.0
363	467	18	1792.0
9	578	18	10208.0
384	911	18	1281.0
91	245	18	1309.0
539	572	18	3819.0
321	776	18	3314.0
25	770	18	6208.0
171	700	18	4795.0
570	890	18	2988.0
377	881	18	6699.0
566	593	18	8319.0
434	610	18	2382.0
182	968	18	10593.0
65	423	18	1410.0
441	713	18	3262.0
669	733	18	1493.0
764	981	18	1040.0
384	1000	18	1389.0
241	537	18	5053.0
258	899	18	3152.0
110	849	18	3138.0
255	361	18	1143.0
466	667	18	11462.0
339	992	18	11345.0
547	747	18	10624.0
792	997	18	8963.0
381	719	18	11760.0
202	273	18	2436.0
441	647	18	4893.0
27	864	18	9099.0
110	498	18	1282.0
9	667	18	9588.0
150	497	18	1676.0
608	817	18	2267.0
124	962	18	2321.0
182	862	18	4636.0
404	841	18	1421.0
67	823	18	2071.0
575	666	18	1753.0
779	977	18	1540.0
225	254	18	5518.0
117	225	18	9544.0
745	915	18	1107.0
96	407	18	4480.0
209	583	18	4404.0
505	841	18	1965.0
597	683	18	9845.0
256	913	18	12405.0
295	904	18	4182.0
99	478	18	1307.0
265	377	18	1867.0
210	897	18	3907.0
88	119	18	3024.0
54	480	18	5007.0
767	829	18	9984.0
800	961	18	2709.0
99	609	18	8554.0
209	646	18	11635.0
209	909	18	8653.0
146	657	18	6292.0
579	887	18	3180.0
493	633	18	4846.0
262	633	18	3568.0
754	973	18	5288.0
22	515	18	6638.0
259	629	18	11382.0
278	536	18	3095.0
133	481	18	7367.0
760	848	18	4162.0
497	644	18	1482.0
667	1001	18	7059.0
41	352	18	3588.0
597	774	18	1170.0
572	1000	18	1322.0
143	219	18	4076.0
296	415	18	10700.0
282	576	18	4592.0
643	676	18	10727.0
200	388	18	4008.0
182	601	18	2333.0
692	796	18	10774.0
209	598	18	8107.0
146	168	18	5456.0
9	949	18	9276.0
350	444	18	8846.0
473	657	18	1107.0
523	530	18	9121.0
316	826	18	6463.0
826	843	18	9514.0
152	332	18	11243.0
395	785	18	1431.0
843	885	17	4832.0
156	573	17	1942.0
106	287	17	1487.0
21	34	17	1295.0
65	745	17	1418.0
384	395	17	1395.0
395	745	17	1433.0
108	751	17	6840.0
87	140	17	1198.0
146	326	17	2300.0
151	981	17	8653.0
77	799	17	10821.0
108	939	17	3654.0
18	294	17	1658.0
18	656	17	9079.0
434	789	17	9033.0
450	543	17	7776.0
583	668	17	2650.0
869	934	17	2021.0
377	518	17	11264.0
169	644	17	7198.0
110	390	17	6931.0
209	926	17	7936.0
573	677	17	1274.0
10	692	17	10273.0
563	591	17	1121.0
704	718	17	12311.0
233	313	17	10075.0
466	837	17	5175.0
510	859	17	4862.0
209	226	17	4881.0
424	843	17	1151.0
573	811	17	2852.0
633	931	17	6038.0
302	965	17	1044.0
639	784	17	1823.0
295	743	17	2011.0
73	895	17	1295.0
411	919	17	5129.0
315	825	17	12447.0
66	213	17	1380.0
37	786	17	4891.0
257	806	17	9228.0
526	973	17	5533.0
37	375	17	2261.0
500	945	17	8506.0
186	269	17	1551.0
15	115	17	3984.0
115	599	17	3334.0
206	1000	17	1464.0
405	917	17	5287.0
898	999	17	2887.0
23	826	17	8235.0
956	981	17	1034.0
457	847	17	7398.0
655	702	17	7752.0
395	714	17	1327.0
395	981	17	1036.0
462	956	17	1383.0
714	956	17	1335.0
854	956	17	1385.0
23	899	17	1931.0
514	984	17	1234.0
44	675	17	7903.0
675	786	17	7435.0
689	733	17	1509.0
372	682	17	2436.0
25	107	17	3825.0
523	862	17	13992.0
417	610	17	1263.0
618	779	17	4957.0
152	486	17	10101.0
129	984	17	1933.0
493	613	17	5167.0
257	298	17	8354.0
274	484	17	1451.0
104	642	17	6242.0
334	934	17	3252.0
48	848	17	7151.0
234	478	17	1298.0
593	627	17	6283.0
593	762	17	4263.0
836	949	17	2285.0
3	282	17	2784.0
117	254	17	4731.0
40	949	17	3655.0
44	668	17	6711.0
920	971	17	3023.0
423	981	17	1066.0
458	525	17	1541.0
525	981	17	1040.0
150	591	17	1007.0
826	842	17	1148.0
379	922	17	5309.0
448	843	17	5948.0
71	525	17	1504.0
71	956	17	1379.0
525	956	17	1366.0
107	771	17	9322.0
38	377	17	1193.0
207	288	17	2082.0
288	435	17	1439.0
523	642	17	11439.0
523	663	17	12096.0
163	415	17	1820.0
589	978	17	2306.0
306	360	17	2416.0
134	328	17	3000.0
138	603	17	3604.0
96	420	17	1098.0
23	975	17	4689.0
9	466	17	10043.0
58	996	17	1827.0
138	769	17	3998.0
569	573	17	10933.0
375	683	17	2153.0
294	553	17	1328.0
151	847	17	3931.0
660	1000	17	1389.0
525	639	17	7943.0
83	473	17	2023.0
16	915	17	3277.0
72	804	17	1268.0
425	708	17	2188.0
90	316	17	2698.0
136	444	17	7376.0
94	732	17	6717.0
348	903	17	7036.0
97	182	17	3023.0
19	346	17	7349.0
282	717	17	1675.0
169	315	17	7029.0
118	486	17	1852.0
252	473	17	6387.0
112	922	16	3940.0
128	792	16	7812.0
157	295	16	1356.0
404	465	16	3732.0
329	636	16	11977.0
231	734	16	1962.0
806	825	16	13391.0
524	816	16	4090.0
252	751	16	2015.0
602	685	16	10042.0
525	854	16	1463.0
493	808	16	2022.0
352	581	16	2116.0
329	865	16	2135.0
576	609	16	1668.0
561	852	16	7841.0
668	786	16	5242.0
280	736	16	2079.0
593	694	16	6314.0
362	852	16	1342.0
209	675	16	16956.0
308	591	16	1497.0
349	965	16	1250.0
89	257	16	6884.0
357	1002	16	5738.0
360	634	16	3896.0
306	506	16	11193.0
675	775	16	4173.0
593	823	16	7514.0
167	576	16	3792.0
140	253	16	1020.0
636	826	16	6395.0
826	975	16	5791.0
586	646	16	3491.0
581	794	16	1327.0
563	798	16	6012.0
19	777	16	12412.0
116	637	16	1569.0
536	898	16	1268.0
668	774	16	1538.0
349	923	16	3193.0
497	773	16	1481.0
636	865	16	1330.0
404	677	16	1441.0
209	746	16	4252.0
847	1000	16	1394.0
915	1000	16	1078.0
285	478	16	1320.0
349	352	16	2337.0
35	379	16	6612.0
649	742	16	1457.0
603	907	16	9074.0
123	675	16	2308.0
108	473	16	6309.0
88	178	16	1747.0
684	768	16	6468.0
134	510	16	1521.0
250	306	16	12513.0
824	934	16	3618.0
453	893	16	12684.0
66	388	16	1324.0
95	366	16	1987.0
37	646	16	2806.0
117	682	16	9366.0
565	732	16	10149.0
65	847	16	1397.0
423	714	16	1343.0
423	854	16	1487.0
525	714	16	1348.0
525	847	16	1474.0
22	327	16	2011.0
22	631	16	4805.0
77	292	16	12031.0
65	785	16	1419.0
65	1000	16	1323.0
791	849	16	1497.0
613	630	16	1283.0
102	527	16	1379.0
282	609	16	4400.0
296	489	16	995.0
616	755	16	1284.0
421	830	16	2371.0
133	300	16	7082.0
569	889	16	1479.0
75	633	16	2119.0
115	506	16	13193.0
289	1000	16	1079.0
457	726	16	1359.0
726	854	16	1414.0
546	812	16	4332.0
364	371	16	1898.0
171	779	16	1035.0
130	394	16	910.0
130	851	16	894.0
512	544	16	1019.0
384	525	16	1475.0
284	514	16	9216.0
62	930	16	1220.0
191	962	16	6007.0
344	543	16	1803.0
792	920	16	9226.0
22	333	16	6969.0
94	418	16	6425.0
478	592	16	1344.0
525	726	16	1360.0
156	442	16	1598.0
391	934	16	2020.0
572	639	16	5303.0
108	519	16	3612.0
462	639	16	9811.0
258	329	16	3460.0
349	609	16	9850.0
216	255	16	1584.0
748	909	16	3768.0
233	791	16	4369.0
844	859	16	2153.0
173	663	16	2569.0
663	945	16	3139.0
404	827	16	1530.0
25	824	16	6496.0
686	692	16	10065.0
595	865	16	1097.0
32	816	16	3940.0
816	880	16	4584.0
147	241	16	2186.0
123	209	16	1291.0
253	425	16	1804.0
664	843	16	1166.0
647	966	15	3061.0
123	909	15	1281.0
129	623	15	1931.0
91	299	15	1298.0
216	340	15	1093.0
576	965	15	3138.0
941	971	15	3339.0
145	381	15	8744.0
442	539	15	3057.0
539	897	15	3139.0
30	459	15	7938.0
417	809	15	1646.0
80	764	15	1247.0
199	676	15	7143.0
265	632	15	2282.0
364	563	15	1724.0
321	354	15	1349.0
310	411	15	3447.0
138	898	15	3278.0
129	239	15	1909.0
52	434	15	1154.0
224	444	15	9584.0
296	323	15	9578.0
192	664	15	1132.0
107	705	15	6372.0
334	705	15	2088.0
372	710	15	2056.0
306	508	15	4147.0
306	513	15	4369.0
610	993	15	1070.0
581	923	15	11937.0
714	915	15	1088.0
714	1000	15	1315.0
77	256	15	11024.0
70	405	15	4274.0
37	209	15	3793.0
137	663	15	2141.0
663	759	15	2269.0
856	1000	15	3387.0
53	264	15	3600.0
814	818	15	1625.0
250	506	15	6347.0
404	889	15	1381.0
488	541	15	3628.0
1	376	15	1115.0
65	458	15	1424.0
458	1000	15	1358.0
726	785	15	1414.0
726	1000	15	1323.0
284	702	15	7879.0
253	994	15	4540.0
151	457	15	8048.0
148	773	15	1158.0
117	798	15	4107.0
551	669	15	9666.0
742	827	15	1570.0
306	370	15	7294.0
404	897	15	1869.0
115	157	15	1522.0
9	445	15	10412.0
202	287	15	2923.0
440	887	15	1267.0
258	636	15	4083.0
541	859	15	2208.0
9	40	15	7139.0
9	304	15	4097.0
329	843	15	4603.0
684	777	15	5796.0
182	642	15	9300.0
550	923	15	2428.0
52	610	15	1090.0
525	745	15	1481.0
35	112	15	2758.0
525	660	15	1412.0
138	622	15	3491.0
19	62	15	2019.0
167	581	15	2125.0
531	674	15	5652.0
785	911	15	1281.0
210	465	15	6072.0
146	776	15	6809.0
107	197	15	1731.0
16	726	15	2825.0
523	800	15	9318.0
404	649	15	1428.0
376	525	15	1054.0
153	710	15	2127.0
71	395	15	1368.0
565	771	15	3115.0
274	545	15	1608.0
276	611	15	2157.0
283	611	15	1672.0
611	985	15	3038.0
115	743	15	1502.0
597	786	15	4921.0
512	543	15	1223.0
543	944	15	2645.0
191	541	15	1573.0
191	740	15	1434.0
3	923	15	1060.0
100	959	15	9686.0
48	760	15	1207.0
209	586	15	4479.0
163	501	15	997.0
436	552	15	1254.0
99	282	15	1751.0
169	257	15	7481.0
147	720	15	2732.0
442	573	15	2146.0
459	957	15	8834.0
434	514	15	1911.0
467	826	15	13688.0
779	917	15	4682.0
70	357	15	3204.0
478	794	14	1305.0
210	811	14	3850.0
166	395	14	1327.0
166	911	14	1267.0
424	865	14	4945.0
742	952	14	1006.0
159	742	14	1136.0
65	457	14	1455.0
195	411	14	3394.0
337	779	14	3238.0
457	1000	14	1400.0
81	107	14	1347.0
107	361	14	1690.0
497	825	14	2439.0
493	527	14	2008.0
406	776	14	1262.0
73	273	14	3668.0
166	384	14	1446.0
166	714	14	1371.0
168	189	14	1689.0
196	791	14	2685.0
148	644	14	1291.0
199	435	14	8776.0
159	569	14	1118.0
733	943	14	1506.0
142	529	14	1051.0
115	634	14	1231.0
316	636	14	1157.0
934	974	14	6608.0
745	956	14	1383.0
191	343	14	6452.0
574	581	14	5653.0
209	775	14	5273.0
138	752	14	3573.0
385	692	14	8412.0
294	896	14	1538.0
66	200	14	1246.0
395	458	14	1424.0
458	956	14	1362.0
248	296	14	2077.0
473	976	14	1155.0
257	825	14	10917.0
462	847	14	1475.0
67	762	14	2074.0
569	827	14	1558.0
18	553	14	9888.0
85	826	14	7169.0
166	847	14	1466.0
516	582	14	4936.0
609	794	14	4285.0
748	874	14	1118.0
714	726	14	1314.0
250	360	14	2614.0
652	963	14	11570.0
86	829	14	6884.0
466	949	14	6715.0
460	893	14	13199.0
865	885	14	1505.0
252	254	14	5518.0
675	683	14	2663.0
288	958	14	1090.0
85	865	14	2557.0
115	821	14	1486.0
252	308	14	1621.0
63	669	14	8580.0
899	970	14	1459.0
73	620	14	7064.0
651	943	14	1958.0
148	825	14	2526.0
150	825	14	1828.0
278	825	14	3763.0
457	956	14	1366.0
714	764	14	1429.0
633	808	14	8874.0
252	371	14	1555.0
209	786	14	8426.0
306	606	14	1130.0
352	794	14	1402.0
146	473	14	983.0
694	721	14	1011.0
254	973	14	5609.0
73	494	14	6197.0
73	287	14	3190.0
